(2.0,[1.7337373737373738,9.873535353535352,0.9436562248484847,0.0034848690991548196,0.002553700267985976,0.013981843805889235,0.045970819304152664,0.04174063871033596,0.09462119482093662,10.069806761542354,1.400025E9])
(2.0,[1.764444444444445,9.878787878787882,0.9916713909090908,0.01616575963718822,0.003390352504638144,0.029521986657448485,0.10363636363636365,0.04314049586776846,0.13638692727272733,10.086312937845666,2.1666983333333334E8])
(2.0,[1.2742,9.606499999999997,2.777325091699999,0.40940642424242407,0.08477045454545422,0.55674433812275,0.48683199999999993,0.1982999999999999,0.5373444962920001,10.12987326947681,7.400024E8])
(2.0,[1.5397938144329892,9.872886597938152,1.273853555670103,0.0837916237113402,0.01766449742268009,0.19258695287666272,0.2153023700712085,0.10635774258688395,0.3575221904772026,10.08717717105265,2.000025263157895E8])
(2.0,[1.6003061224489796,9.888979591836735,1.120899034489796,0.015706090889964244,0.004906164527666735,0.018586612058133906,0.0925635152019992,0.04918783840066652,0.09971331026655558,10.081882829349594,1.99996875E8])
(2.0,[1.6563265306122443,9.882448979591834,1.0408447454081629,0.004918325268251627,0.004336208710288243,0.014615140275797701,0.05704706372344851,0.05418575593502738,0.10463444679300288,10.075196412930897,3.4429928571428573E8])
(2.0,[1.6027000000000002,9.813600000000001,1.4483877879000002,0.021157282828282834,0.040534383838384085,0.5807829051529151,0.10737599999999997,0.11935999999999956,0.5069166443560001,10.079269108489834,6.173555E8])
(2.0,[1.7029166666666664,9.310312499999998,3.666711133333332,0.010018771929824564,0.0029693750000000505,0.003979433605255066,0.07752604166666666,0.038535156249999356,0.04822684861111132,10.150930910087684,5.189529473684212E7])
(2.0,[1.6910416666666668,9.320833333333331,3.6539420510416663,0.008571535087719285,0.0037950877192982854,0.006766294061838949,0.07210503472222222,0.043315972222221555,0.05574642183159731,10.154083580477701,5.178962105263157E7])
(0.0,[1.097676767676768,9.753939393939401,2.130002256565657,5.877707812822098,12.965050649350653,6.870081111503851,1.8872278338945,2.9070890725436187,1.7196852789307218,10.597387745299846,5.819886E8])
(0.0,[1.1661855670103096,9.80092783505155,2.2105684163917525,4.814392590206185,11.049181421821304,6.883493238426876,1.7650228504623235,2.7304410670634494,1.7651212396832823,10.583061565289483,4.5714457142857146E8])
(0.0,[1.0142424242424242,9.592525252525256,2.2761114581818185,4.373643042671616,10.808966007008863,7.7541237526917985,1.681720232629323,2.6646729925517803,1.919169691166207,10.428232667191894,9.9975E7])
(0.0,[1.2051515151515153,9.79565656565657,2.0096204041818186,4.200157884972171,8.90382890125747,7.47339714373249,1.6190205081114166,2.4110805019895922,1.811693871368228,10.633699873407975,0.0])
(0.0,[1.1875757575757568,9.54787878787879,2.174165187575758,4.266055287569576,9.823045454545456,8.067265918196695,1.633253749617386,2.579142944597491,1.9137498653504748,10.431515077566333,6.385847142857143E8])
(0.0,[1.0064646464646467,9.755757575757578,2.46886000559596,5.365855741084313,6.96102263450835,4.892926868599513,1.8796857463524135,2.1071441689623507,1.555157154071217,10.57453601530031,1.199982E9])
(0.0,[0.9037113402061849,9.655876288659794,2.559642451237113,4.70304441580756,7.706820317869414,6.340292910978327,1.839449463279839,2.1620193431820605,1.7898691496482089,10.50147331124042,1.3049925E9])
(0.0,[1.2379591836734694,9.723265306122448,2.1488183325510204,3.814810225120977,8.020675825794237,5.909239617750866,1.5813119533527695,2.189929196168263,1.6235783604706373,10.476123373072964,0.0])
(0.0,[1.2306060606060607,9.72171717171717,2.224931943858587,4.846795547309833,11.332144980416409,7.40832336260994,1.787897153351699,2.6861157024793387,1.8458385115371903,10.583882259995335,8.719848E8])
(0.0,[1.3002020202020204,9.677676767676763,2.2086976100000006,5.274291795506081,11.39838536384251,6.911958171266227,1.8716988062442605,2.6923681257014587,1.8311856591919198,10.539509496506906,6.769206666666666E8])
(0.0,[1.249387755102041,9.690306122448982,2.0356860495510194,6.150546013044392,14.168268977487905,7.8051239599767035,1.855993336109954,2.96399208663057,1.9186764330012498,10.56161170384378,8.6029825E8])
(0.0,[1.281020408163266,9.884897959183675,2.3207404609795907,5.6657659583421,14.105330401851466,8.488975530001138,1.9009162848812997,3.024177426072471,1.9672864727696775,10.830983812334384,2.709961E9])
(0.0,[1.1892929292929293,9.784545454545455,2.2540987741818177,5.368031127602556,16.72521484230056,8.90428881548399,1.8406999285787167,3.264279155188246,2.1132676288778693,10.695483664417125,1.0166726666666666E9])
(0.0,[1.1634693877551028,9.817959183673468,2.157435286836735,6.590831138228487,16.175494761203453,10.049809610109445,2.07210329029571,3.194735526863806,2.3302140270720537,10.803141178029195,6.583251666666666E8])
(0.0,[1.2162000000000006,9.788299999999998,2.1379859688,6.967114707070707,17.660016272727272,9.231917571402246,2.127808000000001,3.3035979999999996,2.221268945584001,10.752233942812088,7.99998E8])
(0.0,[1.031326530612245,9.78969387755102,2.2798794322040825,6.41512502629918,17.05205660635388,9.18060595924689,2.0997355268638076,3.402551020408164,2.1665429423723443,10.75289286562605,2.014984E9])
(0.0,[1.0348484848484854,9.938888888888892,2.1960403086464653,6.798961966604824,16.17822018140589,10.00854471488719,2.0697520661157016,3.2295622895622893,2.2919066521228446,10.899997926788144,7.9599E8])
(0.0,[0.9944897959183677,9.864591836734693,2.2796014466938765,7.1312456132968665,14.916041584262567,9.456102464978208,2.134194085797584,3.0591420241566003,2.2282627802498967,10.823557895360159,2.1849825E9])
(0.0,[1.0531313131313134,9.827070707070712,2.2093855121616173,7.400438054009484,16.506286229643372,9.144370070366838,2.0990592796653407,3.3045995306601372,2.243017398498929,10.774684843979957,9.849855E8])
(0.0,[1.0871000000000002,9.835800000000003,2.2113996486600005,7.520412717171722,15.45910137373737,9.324569959524483,2.22679,3.1651679999999986,2.160895403072001,10.84155546310729,5.816432857142857E8])
(0.0,[1.1619387755102037,9.796020408163264,2.212333640102041,5.876366305491266,16.03982420576478,8.464971440184963,1.8635381091211998,3.218511037067888,2.0831587374698053,10.707106213205408,4.739746E8])
(0.0,[1.0915151515151518,9.767171717171717,2.310231121515152,5.299031354359928,13.407187837559263,8.619859513810903,1.8836914600550967,2.9014733190490754,2.071385168907255,10.673135277423041,5.1503E8])
(0.0,[1.1271,9.844500000000004,2.2652000299199995,6.542081404040402,15.551045202020196,9.065848250606209,2.039615999999999,3.162680000000001,2.1813449962687983,10.780091180864451,5.04959E8])
(0.0,[1.1311111111111107,9.7720202020202,2.36732649521212,6.49651814058957,13.83795097917955,8.747708547634737,1.9308641975308645,2.940830527497193,2.1469731432629326,10.705360333806922,8.396225E8])
(0.0,[1.1301010101010103,9.66030303030303,2.3593469141010104,5.667972438672441,13.068766233766233,8.254294386867832,1.9841322314049594,2.9814937251300884,1.9869809839689831,10.584384847746042,0.0])
(0.0,[1.2032323232323237,9.677272727272724,2.2908324326262637,5.845791486291486,13.152891465677175,7.472524130309928,1.9159330680542799,2.872892561983472,1.866266972274258,10.590106035272326,8.266703333333334E8])
(0.0,[1.1118181818181823,9.717373737373741,2.262491086323234,6.887741558441557,14.107499154813443,8.506298921544523,2.160991735537191,2.9788042036526887,2.1386544557726763,10.698665299229775,1.2397563333333333E9])
(0.0,[1.2128282828282824,9.838282828282823,2.1765040542828284,6.705951102865389,18.701567429396007,9.09173953871061,2.1112886440159184,3.463650647893072,2.1548999438408325,10.8001030730395,7.99998E8])
(0.0,[0.9376530612244899,9.8004081632653,2.272791291285715,6.620259383547234,16.777406017252257,9.166518356281916,2.060401915868389,3.377551020408164,2.1842703802274057,10.739780154960682,1.0E9])
(0.0,[1.0154545454545456,9.889797979797981,2.257675823797982,6.50858831168831,16.039275468975475,9.084160435878951,2.0647566574839313,3.2727170696867653,2.1510393852904803,10.829993836624412,1.0057375E9])
(0.0,[1.0164646464646465,9.894949494949493,2.1915001838585875,7.443184312512882,16.05413137497423,9.847184269029084,2.216239159269463,3.200453014998469,2.296979016431793,10.870148247944321,7.5000775E8])
(0.0,[1.084343434343434,9.785555555555561,2.2458440068686865,6.7240309420737985,15.292447392290246,9.081221661876516,2.0136108560350983,3.156206509539843,2.1820683664442413,10.774951326314177,7.937012E8])
(0.0,[1.1588659793814433,9.926391752577322,2.244408680412371,5.579410158934707,13.169367053264601,8.581049851252443,1.9275842278669362,2.849665214156659,2.07210238069933,10.843521579553114,1.013377E9])
(0.0,[1.1318999999999997,9.777600000000005,2.2336008211599996,5.7776438282828275,13.914812363636372,8.882615977556988,1.9371000000000003,2.9797519999999995,2.0998326633792,10.661221769714235,0.0])
(0.0,[1.251938775510204,9.706938775510205,2.3272726890408157,5.978696202398484,13.908237954975807,8.145583840609078,1.9528404831320278,2.9999375260308203,1.9847274597430236,10.679930290193466,7.317911666666666E8])
(0.0,[1.1180612244897958,9.673571428571432,2.192459028836735,7.032300326109828,13.595703608247419,8.07841929333851,2.1146314035818405,2.865160349854228,2.0756536222215756,10.609190100192862,1.3500263333333333E9])
(0.0,[1.150612244897959,9.887142857142857,2.0818284545918373,6.937473848095939,14.973342268041243,9.121546346614686,2.0871303623490225,3.019416909620992,2.272408373802583,10.792839923940951,1.373871E9])
(0.0,[1.1311111111111112,9.964646464646462,1.939867722565656,5.072985487528344,16.008355741084312,9.717027896972542,1.8505274971941639,3.180948882767064,2.291370254948272,10.8259269830024,1.01999675E9])
(0.0,[1.1323232323232324,9.783333333333328,2.133579312686868,7.939297608740465,15.680830612244897,9.726444226849367,2.1236057545148466,2.9931313131313124,2.3888041402379363,10.799981246288793,1.524979E9])
(0.0,[0.9710101010101013,9.75020202020202,2.3144960455151513,7.088333663162234,14.028028530199958,9.02196821714063,2.1343536373839402,2.91800224466891,2.2161185270376498,10.715744448771012,1.3500263333333333E9])
(0.0,[1.1340404040404048,9.704848484848482,2.1275258366666674,5.628024324881468,14.72401910946196,7.513671505436307,2.0640771349862255,3.0868135904499545,1.92465616962963,10.569062951253601,1.409301E9])
(0.0,[1.1939795918367346,9.793673469387759,2.094058959081633,6.475143793393649,15.813920387123918,7.046713060194002,1.971043315285298,3.185531028738025,1.8764709207871724,10.652036653780769,8.10022E8])
(0.0,[0.9466326530612243,9.881836734693874,2.237211593693877,8.542329781190826,16.795808962760358,7.025457370273585,2.2107205331112034,3.346234902124115,1.9386871542561426,10.845792179436387,6.771327142857143E8])
(0.0,[1.2605050505050508,9.718888888888886,2.116657057535353,7.372359946402803,16.24624263038548,8.925586942467003,2.1960350984593395,3.202289562289562,2.2377615601208047,10.70808077720853,9.060058E8])
(0.0,[1.0209090909090908,9.745656565656567,2.235387963717172,7.184426716141001,17.124361554318703,7.861753259989362,2.057759412304866,3.341814100601979,2.0284437237147235,10.7127494281293,6.428658571428572E8])
(0.0,[1.1670707070707071,9.77444444444445,2.228509020868686,5.87552908678623,19.865457596371872,8.121644863230234,1.9962922150800941,3.6221773288439953,2.1534463217749207,10.71592293207787,6.49994E8])
(0.0,[1.2009183673469386,9.737857142857143,2.3695235499999994,5.822662034504521,14.420536597938147,7.6865492775323805,1.980064556434819,3.030830903790088,2.056448439795919,10.647111030126341,0.0])
(0.0,[1.2054545454545453,9.803636363636363,2.2088351980404037,5.976482189239331,16.120800927643785,8.362594627289088,1.9758861340679523,3.182203856749312,2.1367367025144373,10.740523007870562,7.133535E8])
(0.0,[1.1999999999999995,9.85464646464647,2.210898872868687,5.572314285714285,15.71097614924758,7.9706293453705515,1.8644444444444446,3.2001408019589848,1.9794210527754312,10.71043649549101,6.0E8])
(0.0,[1.126734693877551,9.839285714285714,2.283770967081632,6.10719747527877,16.45619845360825,7.959504457173381,2.0533277800916276,3.300466472303208,2.0344579105710126,10.768587543527099,1.0E9])
(0.0,[1.038265306122449,9.71183673469388,2.3698015213265298,6.038934073216916,15.754483189564485,7.609868892665727,1.952213660974593,3.29914618908788,1.989779058671387,10.618117679451483,9.999845E8])
(0.0,[1.0591919191919197,9.740101010101007,2.333619582060605,5.8858156668728085,16.60187243867244,7.9121742885791235,1.997834914804612,3.332635445362718,2.0380075952274255,10.66151104540162,1.0E9])
(0.0,[1.28969696969697,9.739494949494947,2.2590516039393935,3.1909907235621517,6.245504844361987,5.738871846630037,1.4512702785430056,2.0055504540353026,1.7101742617018665,10.484895320958469,2.40921E9])
(0.0,[1.4238383838383843,9.654545454545453,2.174302788444444,3.7402443001442993,6.69090667903525,5.718235960314249,1.495704519946944,2.0198530762167124,1.6608819659797975,10.42001121531204,1.1333313333333333E9])
(0.0,[1.4410204081632654,9.643877551020411,2.1472895160204084,4.400095855249315,11.549514706501162,7.147677926758995,1.651366097459392,2.64207413577676,1.8567920696147435,10.537294316606374,8.499634E8])
(0.0,[1.323636363636364,9.824242424242424,1.955689336525253,5.402582560296847,10.557100185528755,7.4299101749596685,1.847768595041322,2.660214263850628,1.9008841423952665,10.672971213652842,1.076243E9])
(0.0,[1.193894736842105,9.380736842105264,2.3654959811578946,4.191643180291151,11.219743068309072,7.182396562867673,1.6434792243767313,2.6921905817174516,1.8644316967822716,10.24700329860597,5.0782E7])
(0.0,[1.161428571428572,9.719387755102039,2.3046184124489786,5.899637113402063,11.216249105827892,7.074752977935887,1.9581924198250726,2.7536359850062464,1.8683361559058722,10.632818833177954,0.0])
(0.0,[1.2785714285714287,9.687448979591839,2.139645438265307,5.171340206185566,8.53240682726699,5.8205113351693045,1.8174344023323616,2.394943773427738,1.6290497425343606,10.48522414073389,0.0])
(0.0,[1.2880000000000005,9.590799999999998,2.2880822054000003,4.198103030303031,9.3148437979798,7.438114892564275,1.6157199999999998,2.487816,1.9036941934640008,10.45003780621669,0.0])
(0.0,[1.2635,9.6526,2.2536227430999984,4.726049242424241,11.832981050505046,7.024047869887713,1.7331499999999997,2.803416,1.822522394968,10.523130948124669,2.1357115E9])
(0.0,[1.4688888888888887,9.70191919191919,1.9807287498787884,4.764718140589571,11.94416668728098,7.086732458848356,1.7184736251402921,2.7582165085195385,1.791840749592898,10.596808801290228,9.58557E8])
(0.0,[1.4627,9.8096,2.1593699146600005,5.0167188989898985,10.928502868686872,8.451335225834914,1.7418839999999998,2.688176,2.014013566272,10.716905353589418,1.2833356666666667E9])
(0.0,[1.2913,9.636,2.16863176414,4.9890619292929275,11.418779797979798,7.945651263510791,1.7801959999999997,2.7229200000000007,1.9046040501223997,10.529834108155413,6.285748571428571E8])
(0.0,[1.3477000000000003,9.6638,2.16536289042,5.7243774848484845,11.99516117171717,9.060104098888784,1.862962,2.7554,2.1291109808136004,10.676031274699236,1.350067E9])
(0.0,[1.4839795918367344,9.642142857142854,1.923109726428572,5.829063381022513,11.901353092783499,7.565709805218063,1.9345522698875468,2.75304664723032,1.8929730751895044,10.556420401507983,1.050048E9])
(0.0,[1.2194949494949496,9.589292929292931,2.163984347030303,5.1381109668109675,11.464992352092356,7.5050821233833815,1.790005101520253,2.7475114784205688,1.9566857373933269,10.455645374303083,5.25406E8])
(0.0,[1.1215957446808509,9.506063829787232,2.386024110744681,5.0811705444978275,10.794284339967973,7.406858812631976,1.8075622453598914,2.754877772747849,1.9170284998234495,10.411845220436941,1.07036575E9])
(0.0,[1.3477551020408158,9.690408163265307,2.1100420288775497,5.376242331159267,10.366810140963603,6.124943916932921,1.8530403998334024,2.587388588088297,1.6753311306663885,10.527246252897646,0.0])
(0.0,[1.1694949494949496,9.549898989898988,2.2770744939393954,5.123813007627294,10.689647948876518,7.323305446802671,1.822793592490562,2.6663544536271813,1.932188281420264,10.436860179188551,0.0])
(0.0,[1.32979797979798,9.83979797979798,2.1842084909090915,5.121812203669346,9.271973428159143,6.713521620801889,1.818802163044587,2.4813998571574327,1.7657423766758502,10.680248781862009,8.125E8])
(0.0,[0.9681818181818181,9.568989898989903,2.0061809001010102,8.242910946196659,12.68433162234591,7.528721765746468,2.3262258953168025,2.8615855524946427,1.8955504988919507,10.577102629103429,5.3250499999999994E8])
(0.0,[1.2777551020408162,9.623673469387757,1.974394495571428,6.48809800126236,16.576862655165158,9.649911221794433,2.0220199916701374,3.254639733444399,2.2584193019358607,10.652804866127909,8.84021E8])
(0.0,[1.2067000000000003,9.680099999999994,2.20241023178,5.809727383838385,17.0226212020202,8.099567525562295,1.9174999999999998,3.2839040000000006,2.046484487304799,10.591281944987381,4.749605E8])
(0.0,[1.2997979797979797,9.725757575757576,2.0513069185454547,6.253948938363223,16.83484304267162,9.208692254124196,2.007893072135497,3.3094214876033057,2.133846151419651,10.711935661075113,1.020012E9])
(0.0,[1.1870999999999996,9.741900000000001,2.1491546621999995,6.681768272727273,15.898550898989896,9.031618402408156,2.0282739999999997,3.1865759999999996,2.1196638832640002,10.725123193319368,9.899825E8])
(0.0,[1.4250505050505053,9.683838383838381,2.0397502589898995,6.787186477015049,16.199536136878987,7.839763467772006,1.9914620957045204,3.193480257116621,1.985735804856647,10.635991239549854,1.10500325E9])
(0.0,[1.4405999999999999,9.4863,2.061848248,5.93489054545455,13.783142737373739,9.63946502116864,1.9401519999999997,2.943751999999999,2.1860385848000004,10.504108585240287,1.00003E9])
(0.0,[1.3871999999999998,9.8424,2.16754211376,6.602105212121212,14.890719434343438,8.3790318999794,1.983056,3.141095999999999,2.0245175700927986,10.788390009040064,2.059936E9])
(0.0,[1.241212121212121,9.616666666666665,2.1350926866262623,6.0671923933209655,13.980802040816327,8.687141722727258,1.956430976430976,3.0306397306397304,2.06002025633221,10.588980964918642,9.363038E8])
(0.0,[1.4164999999999994,9.532399999999996,2.068249822700001,5.956414898989899,13.590662868686872,8.744012508628913,1.9059899999999996,2.9106959999999997,2.0683996486620013,10.509693977402156,7.317138E8])
(0.0,[1.194693877551021,9.704285714285719,2.0829403368367356,6.355845781611612,15.249531958762892,9.138081701000337,2.017359433569346,3.1576093294460637,2.1389704003269476,10.694389753598617,1.040001E9])
(0.0,[1.252929292929293,9.777171717171717,2.138669766767677,6.5515433725005146,15.038010286538855,8.892213818203892,2.0527395163758806,3.1177492092643595,2.0942622416610552,10.776831246841601,1.040001E9])
(0.0,[1.2876288659793818,9.642577319587627,2.1065201589278355,6.308028694158075,13.38366307989691,6.841843902205471,2.057034753958974,2.9525603145924117,1.820337966679563,10.52959317264839,1.389892E9])
(0.0,[1.3719191919191918,9.69252525252525,1.9748128491919192,5.91644423830138,16.32527417027416,8.364356873026871,1.8648525660646873,3.1580063258851148,2.0607846108193044,10.610559379727142,1.620667E9])
(0.0,[1.4243000000000001,9.770700000000001,2.007911674359999,5.553889404040403,15.319832838383835,9.500207451779122,1.8137279999999996,3.019955999999999,2.1915412030759995,10.721080130473734,0.0])
(0.0,[1.2889898989898994,9.776969696969694,2.016499341373738,6.207254071325502,16.359437662337662,10.186583187404716,1.9596061626364654,3.2439485766758493,2.2529091716526883,10.84195904279581,8.220094E8])
(0.0,[1.4150999999999998,9.586099999999997,2.054357040680001,5.169451505050503,13.909686656565658,9.665681336941473,1.7619900000000004,3.0552659999999996,2.1896452278288003,10.538982413158086,1.5650175E9])
(0.0,[1.2713131313131316,9.658282828282825,2.018838236606061,5.941919686662546,16.20643885796742,10.366699460362199,1.8884664830119375,3.255165799408222,2.367127808406489,10.66074215389092,6.739808E8])
(0.0,[1.3386868686868685,9.70414141414141,2.1643970832929296,6.113127849927851,15.4000449185735,8.91235955014083,1.972745638200183,3.1620446893174177,2.158518698349148,10.703687968286284,1.705017E9])
(0.0,[1.3565999999999998,9.696500000000004,1.99987565864,6.374499434343436,17.300560353535356,9.661510171651418,2.02514,3.3806300000000014,2.293843619224001,10.701037210332064,7.6251975E8])
(0.0,[1.1574747474747473,9.6609090909091,2.1520149238989896,5.988400700886416,14.23920426716142,6.962320401276252,1.9862871135598401,3.021836547291093,1.8369583963664928,10.528969256346105,2.270004E9])
(0.0,[1.2037373737373738,9.794040404040402,1.9827924350909094,7.13622772624201,14.263424324881466,7.750395041079923,2.067993061932457,2.971272319151107,2.0701260800257115,10.713213640546158,1.00499725E9])
(0.0,[1.2453125000000003,9.6915625,1.9875776077708331,6.914978848684211,17.062985953947372,8.844361156416394,2.1131901041666663,3.300585937500001,2.1411671313480904,10.65002429236229,7.920106E8])
(0.0,[1.2171717171717165,9.755959595959597,2.211036459959596,7.020269470212331,16.890228406514122,9.426978512526658,2.0784389348025707,3.3094500561167237,2.318852744682379,10.730294684945424,7.299864E8])
(0.0,[1.2425000000000002,9.911700000000005,2.2356438969000005,6.944269444444448,16.066876878787873,9.43358692101961,2.1656000000000004,3.177334,2.3268566467280003,10.919328399981797,3.99994E8])
(0.0,[1.2861616161616163,9.624343434343436,2.1280761518181817,7.306903483817769,18.072447268604407,8.791960825010511,2.2035343332313033,3.390851953882257,2.297590484352618,10.648017356559796,6.433106666666666E8])
(0.0,[1.1474747474747475,9.713838383838382,2.167423821111111,7.570963966192539,17.97587899402184,8.391211373102479,2.219218447097236,3.3723620038771553,2.194667300965208,10.713633779975144,1.1700133333333333E9])
(0.0,[1.211224489795918,9.820816326530611,2.1392285155510207,8.000742815064173,18.371405512308012,9.872278947316783,2.331274468971263,3.3492169929196174,2.4029107325206165,10.877057885328492,7.016753333333334E8])
(0.0,[1.1919000000000008,9.836500000000001,2.1002576133000006,7.16387413131313,15.46704924242424,9.782277548626233,2.2453479999999995,3.186020000000001,2.409493984296,10.854963127077342,6.699828E8])
(0.0,[1.3014141414141418,9.643737373737379,2.039062370464647,7.915200020614308,18.56188282828283,9.366009781522656,2.340650953984287,3.4892806856443226,2.357689021386389,10.717998518005443,6.66565E8])
(0.0,[1.2333999999999998,9.705599999999995,2.197370693099999,7.090515595959597,19.653542060606057,8.71104954576455,2.2455360000000004,3.5740000000000007,2.215973361105999,10.725945816961847,1.0E9])
(0.0,[1.1016161616161615,9.763838383838387,1.8156336394545456,13.422615728715732,26.74061981034839,9.281999091267679,2.8975267829813283,4.1848566472808875,2.3574416481285585,11.003292252173138,7.4999225E8])
(0.0,[1.2337755102040813,9.809081632653056,2.064594541857142,7.922524773827054,19.636657910793186,9.168393569473277,2.1834173261141196,3.5967992503123685,2.2912476777434394,10.814772756714513,1.000061E9])
(0.0,[1.2828571428571425,9.78326530612245,2.1792556218367345,6.16935463917526,17.60986551651588,9.218666081771453,2.050758017492712,3.401157850895459,2.2873845043648475,10.737713157798673,1.15769975E9])
(0.0,[1.2879797979797971,9.810909090909089,2.208559998181818,6.597753019995877,18.101306307977733,8.409469920994345,2.1089092949699015,3.4934251606978877,2.1576264781267214,10.75699208955227,5.201294E8])
(0.0,[1.2380808080808077,9.71727272727273,2.31036866430303,6.768066687280973,16.368044526901674,7.19870508115538,2.058216508519539,3.249770431588614,1.9580837405350469,10.656278101651054,1.0025025E9])
(0.0,[1.2259595959595961,9.785353535353536,2.3271533505050517,5.443973304473302,15.617216965574114,8.088253563384818,1.874061830425467,3.1515763697581884,2.056559943067034,10.658893167861661,1.0343475E9])
(0.0,[1.1809999999999998,9.664699999999998,2.2857667523600007,6.3987848484848495,15.249423141414143,8.368134908497723,2.045940000000001,3.0787000000000004,2.1316389001119993,10.588355341621059,6.024935E8])
(0.0,[1.092121212121212,9.636363636363638,2.0979462745858592,5.388614842300555,16.04005602968461,8.623231442319549,1.9241199877563515,3.2782736455463732,2.0650398063618,10.52181441093442,5.942775714285715E8])
(0.0,[1.2460204081632653,9.713061224489794,2.0033029921836736,5.847774721228695,16.804493625078898,10.490789242451687,1.9959766763848403,3.3843315285297795,2.3184430145439388,10.73553057924942,4.8143657142857146E8])
(0.0,[1.2972,9.732599999999998,2.1577354653399996,5.95419814141414,15.3818254949495,8.718211856509644,1.9561119999999994,3.193148,2.1036681425008004,10.714159542669975,5.871364285714285E8])
(0.0,[1.2234000000000003,9.700600000000003,2.1638646420999987,5.4660489292929295,14.829842060606058,8.812173595295448,1.8197320000000001,3.1567879999999997,2.1206118569519994,10.626187298021316,6.371591428571429E8])
(0.0,[1.2374747474747476,9.721919191919193,1.9753631452929292,6.080249680478248,16.95001974850547,10.34470563060421,2.0538149168452193,3.432039587797164,2.294213527036017,10.727686730146845,4.8750675E8])
(0.0,[1.3412244897959178,9.940612244897961,2.1513200252448974,5.751866526404378,14.248741889333045,8.360117186448564,1.9160474802165763,3.0608288213244483,2.001368571228655,10.86431273499048,8.016561666666666E8])
(0.0,[1.2894999999999999,9.639199999999999,2.1539217629999996,5.536784595959597,14.749152888888887,8.297525537794238,1.8376900000000003,3.135199999999999,2.0863593838199987,10.555113442007956,6.933186666666666E8])
(0.0,[1.166060606060606,9.574949494949495,2.197416127010103,5.185948608534322,14.782259946402808,9.258921848365775,1.8472115090296903,3.0741903887358433,2.1187207807395168,10.525893155237492,5.2875525E8])
(0.0,[1.2787,9.722000000000001,2.2605691171599998,4.989138696969697,11.796610101010103,6.931995595727264,1.7989259999999996,2.78468,1.8363007343312,10.564596313676578,0.0])
(0.0,[1.3013131313131316,9.608080808080809,2.262078346606062,4.21940948258091,10.002691177076889,5.922411657824291,1.6535435159677587,2.5528946025915724,1.71912661486379,10.405385398784114,2.094986E9])
(0.0,[1.2936363636363633,9.80131313131313,2.175403409858585,5.116915213358071,11.04022784992785,6.492444185206433,1.7527823691460052,2.7468870523415987,1.7477792435343322,10.589478306345272,0.0])
(0.0,[1.3136999999999994,9.690000000000001,2.2552571870600007,5.706029606060605,12.609258585858587,8.02896999666222,1.8706340000000001,2.8151999999999995,1.9879278988696003,10.638951426950978,1.0499876666666666E9])
(0.0,[1.4429591836734692,9.763469387755107,2.009418244693878,5.732443730275616,11.259746602146013,6.427501975259864,1.8277217825905872,2.7166097459391927,1.7592032143190335,10.582350381964085,5.2500925E8])
(0.0,[1.3878787878787875,9.673535353535351,2.177329531515151,5.396690352504639,11.673988394145539,7.626596460755668,1.8438016528925618,2.750654014896438,1.8736962398163455,10.584304048095516,6.559876E8])
(0.0,[1.2626000000000002,9.658199999999999,2.2609777272,5.6503487272727275,12.456473494949503,7.573601970383677,1.829992000000001,2.890892,1.9379030713280003,10.598934114197336,8.740112E8])
(0.0,[1.2501010101010106,9.424747474747477,2.9038856417171726,3.0917418264275414,8.402941517212941,5.598104313210237,1.3134272013059898,2.233588409345985,1.7078339939026639,10.433768970598562,6.100465E8])
(0.0,[0.5948,9.158200000000003,3.0344772505000006,2.607192888888889,5.282184606060606,6.616879783970822,1.2852880000000002,1.7206160000000001,1.9592461506500003,10.168984151532682,1.5E9])
(0.0,[1.0862500000000002,9.63,0.85127174125,5.077055357142856,5.718999999999999,0.42095749019139744,1.9846874999999997,1.505,0.5192757690625001,9.9923462131178,0.0])
(0.0,[0.6879797979797977,9.323939393939389,2.8170731159595968,2.8568101628530207,5.4227404452690156,6.76069721438405,1.376343230282624,1.6899234771962048,1.9381722738863385,10.278052837540027,1.5E9])
(2.0,[-1.9465656565656568,9.656363636363633,-0.9670707070707073,0.006426860441146139,0.0017397031539887853,0.009647454133168415,0.05796959493929184,0.03245179063361007,0.07954902560963167,9.898790650116858,5.020360204081634E7])
(2.0,[-2.0173737373737373,9.634141414141416,-1.0175757575757574,0.0019889507318078693,7.938981653267207E-4,0.0034981447124304292,0.036059585756555386,0.024838281807979274,0.04860728497092136,9.895832717049817,5.0306051020408146E7])
(2.0,[-2.008571428571429,9.642857142857139,-0.9819387755102038,0.0025113402061855633,0.0010556701030927946,0.003885893120134654,0.04090379008746354,0.027988338192420345,0.04591420241566022,9.898970766687029,5.08246701030928E7])
(2.0,[-2.012755102040817,9.609489795918366,-1.1481632653061227,0.003100578581948249,0.0014564380391331744,0.010365663791289698,0.043550603915035256,0.0300541441066224,0.08168679716784674,9.88561181398762,5.103136082474227E7])
(2.0,[-1.8708080808080803,9.593232323232325,-1.364444444444444,0.11446872809729952,0.019634343434343494,0.07037596371882085,0.2714743393531271,0.10473829201101935,0.20689113355780012,9.878413321739561,5.08246701030928E7])
(1.0,[7.094183673469387,7.104489795918366,-1.3660652726530607,61.98479365663791,79.33798375762676,20.647021521500754,6.939831320283215,7.861428571428571,3.510946695635152,14.23355686443321,2.199982E8])
(0.0,[5.164848484848484,9.118181818181817,-1.5385489983838383,20.32269053803339,20.45719461966605,16.061328823753605,3.6181144781144767,3.394325068870523,3.214529915122947,12.038540701252616,6.528581428571428E8])
(0.0,[5.49418367346939,9.12479591836735,-1.2127668675510204,17.993954481380186,18.575633463075953,13.021306632943643,3.4871116201582675,3.2521012078300706,2.7998522404498125,11.918536801629918,9.3999475E8])
(0.0,[5.316666666666668,9.02838383838384,-1.388312394545455,16.577342857142856,18.280597361368798,12.085832310514753,3.2703703703703697,3.178914396490155,2.764251032543617,11.72459672976228,1.0400085E9])
(0.0,[5.597070707070708,8.86,-1.0772456858181814,21.284239290867863,19.10071020408163,15.519598796629491,3.798041016222833,3.3377777777777773,3.1547677069384745,11.931451362845499,8.519958E8])
(0.0,[5.634999999999997,9.157934782608693,-1.1759393692391302,17.67345384615385,17.617447336359287,13.691352796388703,3.4570652173913037,3.1677032136105865,3.002533545307183,11.996628833224797,7.9499825E8])
(0.0,[5.358282828282831,8.992020202020207,-1.0336330468080808,16.596914368171518,16.258222407750978,10.955365728198188,3.1777859402101822,3.027660442811959,2.519106980314252,11.551296192972783,9.625015E8])
(0.0,[5.2667346938775506,9.149387755102037,-1.0343125036734697,19.881679949505568,17.538294466652644,13.890976154969778,3.477630154102457,3.190691378592253,2.6258737097126197,11.758007568777959,9.600038E8])
(0.0,[5.841958762886597,8.912680412371135,-0.9128441320206185,14.75154924828179,15.5390281572165,12.838174351700047,3.074838983951535,3.0347369539802322,2.8377225027361033,11.74769533096145,1.0899963333333333E9])
(0.0,[5.652040816326533,8.805204081632652,-0.9220141680612246,15.672521565327154,17.651103566168736,13.739461021580581,3.160087463556852,3.2267638483965007,2.8052924205705954,11.635919265333149,1.069987E9])
(0.0,[5.80887755102041,8.909999999999998,-0.8119395042857144,19.53249047969703,16.801449484536082,17.139422301737994,3.6502582257392753,3.059183673469387,3.1936113065597658,11.918428930894052,7.350006666666666E8])
(0.0,[5.452121212121212,8.913939393939392,-0.8684003663636366,18.704408719851582,17.598511873840444,15.347055367334248,3.5397000306091213,3.1023507805325976,2.982443396969696,11.756034371967797,1.074997E9])
(0.0,[5.4888659793814405,8.981752577319586,-0.8295774873608248,20.623993492268042,17.61230002147766,15.685584519922449,3.6612116059092363,3.1101371027739395,2.8959936743875017,11.868440493818955,8.680602E8])
(0.0,[5.365204081632651,8.844897959183669,-0.9228480406122447,17.55401490637492,16.636827309067957,15.184543995559665,3.3257434402332366,3.104781341107871,2.982345598359016,11.579575861211863,5.166726666666667E8])
(0.0,[5.58673469387755,9.026530612244901,-1.1367431227551021,15.59016860929939,15.358820828950138,10.742883129811961,3.184094127446896,2.897730112453146,2.383535319539776,11.601947230420823,7.483266666666666E8])
(0.0,[5.638061224489794,8.986530612244902,-1.0383430618367346,17.68360960446034,15.126822890805808,13.033075574874683,3.3723531861724276,2.870383173677635,2.839124909995835,11.75786883535392,1.4600423333333333E9])
(0.0,[5.741530612244898,8.821326530612245,-0.9855294261224489,18.414444024826427,14.992071418051754,14.383725428865926,3.5524239900041654,2.76313411078717,2.861980539350271,11.707957668866626,8.939942E8])
(0.0,[5.841111111111112,8.847575757575758,-0.9937350846464642,15.376954875283452,16.286245083487945,14.810984044761387,3.2503703703703697,2.9725681052953767,2.9289931564452596,11.76609526208451,8.71985E8])
(0.0,[5.826734693877552,8.870816326530615,-0.9356344983061222,16.423152114454034,14.421582831895648,12.956034272657691,3.2401416076634733,2.7816451478550612,2.849959913063308,11.73989958198483,1.100006E9])
(0.0,[5.771717171717172,8.859494949494946,-0.9454447494949494,17.493165388579666,15.60132933415791,13.469866852695054,3.4389470462197735,2.9527109478624625,2.6990995956331,11.653639486677122,1.0999905E9])
(0.0,[5.858484848484849,8.79232323232323,-0.8269890034343436,13.414386456400747,12.831036384250666,13.288165503166645,2.9835384144475054,2.564742373227223,2.732543853729211,11.533511611052866,5.54977E8])
(0.0,[5.591530612244897,8.804591836734694,-0.9229870536734696,15.347023406269718,15.423686945087317,13.522334623231323,3.1332403165347773,3.068309037900875,2.939711802419825,11.535592386741733,1.649994E9])
(0.0,[5.7282653061224496,8.902959183673467,-1.0683634089183673,17.140936135072593,16.321223111718915,13.47454942422929,3.403767180341524,2.9425655976676386,2.9080605067188667,11.708060873435464,1.082512E9])
(0.0,[5.730404040404042,8.859292929292934,-0.8531290563636365,21.30343861059575,18.30943929086786,16.905434127030205,3.9291276400367314,3.0934863789409244,3.2744616665197417,11.986589082774724,1.06749725E9])
(0.0,[5.4482653061224475,9.054489795918368,-0.9987328575510205,16.647703145381858,16.932738396802026,12.617218108406774,3.376491045397751,3.130753852561432,2.6947185621824246,11.694458636985114,1.112503E9])
(0.0,[5.635217391304346,8.911739130434778,-0.8628194133695654,15.182462589584322,14.482752986144291,13.833151612006484,3.118175803402645,2.9289603024574666,2.81826623473535,11.596686136604884,8.224715E8])
