(2.0,[2.25959595959596,9.12191919191919,-0.628989898989899,0.1186263656977943,0.10323607503607476,0.05584998969284687,0.2507601265177022,0.23212529333741475,0.19350474441383533,9.427761262533776,0.0])
(2.0,[2.203333333333334,9.13848484848485,0.14323232323232318,0.4820163265306121,0.28211706864564007,0.3111180169037312,0.44868686868686875,0.3614692378328743,0.3651606978879705,9.444257292240154,0.0])
(2.0,[2.5455555555555547,9.017878787878786,-0.5475757575757576,0.2527126984126983,0.13327198515769945,0.21815936920222626,0.39777777777777795,0.25239057239057217,0.2602571166207528,9.410818232098363,0.0])
(2.0,[3.527272727272727,8.637878787878789,-0.15272727272727277,0.4467873840445269,0.19478014842300556,0.20623024118738395,0.4883011937557391,0.3143801652892562,0.2808631772268137,9.371071576772849,1.9989E8])
(2.0,[4.033939393939392,8.409393939393944,0.019898989898989895,0.042603710575139016,0.02425473098330221,0.0115806019377448,0.15617385981022325,0.11439853076216674,0.08069176614631159,9.33035862814864,0.0])
(2.0,[4.093333333333333,8.367272727272725,0.03929292929292931,0.040875510204081596,0.015815955473098334,0.008659699031127606,0.15286195286195284,0.10218549127640042,0.073368023671054,9.317442768608982,4.979627551020408E7])
(2.0,[4.187979797979798,8.33464646464647,0.009595959595959594,0.03293873428159141,0.0223128839414554,0.006214120799835087,0.14745434139373553,0.12472196714620926,0.06276706458524639,9.329586043263319,5.020484693877549E7])
(2.0,[6.239,6.881500000000001,0.11389999999999999,0.8005202020202017,0.6959482323232323,0.28443615151515156,0.5843400000000001,0.5475899999999994,0.313894,9.374211239658413,0.0])
(2.0,[6.098989898989898,6.980707070707072,-0.019898989898989902,0.01643774479488764,0.01112908678622958,0.006031622345908062,0.1025344352617079,0.07886542189572537,0.06132027344148556,9.27131125630986,1.2750075E8])
(2.0,[6.183838383838383,6.954141414141412,-0.08090909090909089,0.04339327973613684,0.03257144918573492,0.00900834879406308,0.164981124375064,0.14024691358024707,0.07235996326905417,9.309491089434559,1.1926939024390246E8])
(2.0,[6.2798000000000025,6.903,-0.15850000000000006,0.3180605656565653,0.1769464646464646,0.08315833333333332,0.41498400000000035,0.26850000000000007,0.2019800000000001,9.35542183335964,0.0])
(2.0,[7.2034343434343455,5.101111111111112,3.104141414141413,0.17647584003298253,0.11506303854875281,0.3352408369408365,0.262540557086012,0.22264870931537603,0.42456484032241665,9.381973936101224,2.185013E9])
(2.0,[7.822727272727271,4.851010101010101,1.1291919191919186,0.05905677179962897,0.04284182642754077,0.07962791177076897,0.16679522497704305,0.1713029282726253,0.1830160187735946,9.281568106612283,7.477734782608697E7])
(2.0,[7.355555555555553,5.556464646464646,0.8436363636363639,0.9938494331065765,1.656814924757782,1.2176723562152134,0.7976655443322116,1.0368799102132435,0.8247199265381084,9.426747331549418,0.0])
(2.0,[7.395757575757576,5.493434343434343,0.625050505050505,1.0364471243042674,1.1495962481962487,0.6976211708925992,0.756063666972758,0.8716192225283135,0.646715641261096,9.360014398752325,0.0])
(2.0,[7.9415999999999976,4.626099999999999,1.0493,0.030090343434343452,0.018910898989898967,0.01810960606060605,0.12533600000000003,0.1064900000000001,0.10672800000000002,9.253288020017928,0.0])
(2.0,[6.85112244897959,6.2077551020408155,0.28683673469387744,0.4498554281506417,0.48042996002524685,0.8488362823479908,0.5189233652644729,0.5007705122865471,0.6356101624323199,9.325745320767385,3.730041E9])
(1.0,[-3.9489999999999994,7.654200000000001,0.6297000000000001,34.101504040404045,51.681182181818166,14.044889808080816,4.75988,6.355051999999997,2.818658,10.835651151813144,3.822428888888889E8])
(1.0,[-2.7919387755102036,8.120510204081633,1.5551020408163265,43.9222322848727,50.88816571638964,26.645443803913327,5.236982507288627,6.185705955851731,4.230416493127866,12.060834288026431,3.583246666666666E8])
(1.0,[-0.9154545454545455,8.229292929292932,0.5710101010101009,20.01445157699443,81.44660255617396,24.565339785611215,3.5218365472910933,8.22069992857871,3.7551025405570853,12.38450431962202,2.1454136363636366E8])
(1.0,[-5.558700000000001,7.129899999999998,-0.739,56.56642556565655,61.84149190909092,18.89742525252525,6.450891999999999,7.119289999999998,3.1179999999999994,11.646609686830919,3.1063839999999994E8])
(1.0,[-5.744646464646463,6.4293939393939405,-0.3687878787878791,60.232986353329224,62.40192615955469,19.92605361781076,6.798359351086622,7.088356290174476,3.1200550964187315,11.479946341588382,3.276860769230769E8])
(1.0,[-5.925700000000001,6.665799999999998,-1.0676000000000003,59.33227324242422,70.32454581818182,22.169240646464644,6.6908959999999995,7.540895999999997,3.352535999999999,12.004496206382745,2.912501875E8])
(1.0,[-5.0903,6.118199999999999,-1.1218999999999997,57.485633242424235,68.03815026262629,21.338514535353532,6.43459,7.1689680000000005,3.1930999999999994,11.599475341172177,2.4764294117647052E8])
(1.0,[-5.602800000000001,6.626199999999999,-1.3367999999999998,56.02040622222222,63.32241571717172,17.164864404040394,6.527671999999999,6.964287999999999,2.9054560000000005,11.54584845650279,2.986106875E8])
(1.0,[-5.8930612244897915,6.199897959183673,-2.2930612244897968,61.44644620239846,68.89319071112985,20.36032042920261,6.968833819241982,7.2013057059558525,3.3052436484798,12.2111760473274,2.9374887499999994E8])
(1.0,[-6.048199999999998,6.4045999999999985,-1.5686999999999998,65.83549369696969,75.63822307070708,26.795447787878793,7.171531999999998,7.75232,3.630560000000001,12.773293271008168,2.9188156250000006E8])
(1.0,[-5.468699999999999,6.6242,-1.8268999999999995,64.04968415151514,64.50864480808082,19.649126656565656,7.053684,6.959039999999998,2.969838,11.865700065243493,3.0941962499999994E8])
(1.0,[-6.067399999999999,6.4824,-1.5265,61.09155074747475,74.81862246464645,19.10679065656567,6.895524,7.583175999999997,3.115579999999999,12.446477406863231,3.120035333333334E8])
(1.0,[-5.571299999999997,5.986300000000002,-0.6890999999999999,55.38761950505052,62.77880334343432,16.615725444444443,6.426942,6.7922860000000025,2.7892619999999995,11.227351386772668,4.209011818181818E8])
(1.0,[-6.2860606060606035,6.945555555555556,-2.015252525252526,68.88758942486085,70.0901657596372,23.109359884559893,7.320599938781755,7.3457014590347915,3.521512090603001,13.09769027763732,2.7117200000000006E8])
(1.0,[-5.544100000000001,7.197599999999999,-1.7821,66.7368203939394,65.2578143838384,20.33327736363637,7.190638000000001,7.083559999999999,3.2165740000000005,12.7903489370086,2.8000280000000006E8])
(1.0,[-5.826565656565658,6.435050505050505,-0.7274747474747478,56.49817379921666,59.38793749742318,21.210627231498663,6.646878889909193,6.873494541373332,3.227354351596775,11.597234526305504,5.21108E8])
(1.0,[-5.58060606060606,6.011111111111111,-0.7704040404040406,57.45667717996291,69.6682038548753,17.52560799835085,6.646238138965412,7.279955106621772,2.9011345781042754,11.6852163740587,3.27155E8])
(1.0,[-5.525151515151517,6.276666666666667,-0.4735353535353534,61.311843599257884,70.10815306122446,19.542512883941455,6.758677685950412,7.242087542087543,3.1227262524232224,11.823495286702775,2.6764635294117653E8])
(1.0,[-5.6366999999999985,6.9733,-1.9607000000000003,64.72788697979799,80.96141223232323,19.845640919191915,6.852844,8.059098,3.2766859999999998,13.533904574426174,2.5949899999999994E8])
(1.0,[-6.202323232323234,6.766868686868686,-0.9375757575757576,67.85966699649556,78.02151152339724,20.928328756957328,7.254129170492808,7.822114069992855,3.3263728191000927,13.176327371546655,2.5000176470588234E8])
(1.0,[-5.785699999999999,6.672099999999998,-0.8464999999999999,64.48138637373737,73.15832988888887,21.07801287878788,7.017525999999998,7.563152,3.3067300000000004,12.388243777993212,2.187965789473684E8])
(1.0,[-5.839400000000002,6.100799999999999,-0.8438000000000002,55.84133903030304,66.79625389898986,18.550284404040415,6.417432000000001,7.0936960000000004,3.1961639999999996,11.932722323437218,3.836226363636364E8])
(1.0,[-5.877142857142858,6.062244897959185,-0.6892857142857142,56.223334020618545,65.54070006311802,23.172000515463925,6.5410495626822165,7.026080799666804,3.427798833819242,11.972806078653806,4.169982E8])
(1.0,[-6.402222222222223,6.2568686868686845,-1.8704040404040405,66.60759501133788,83.60114009482581,25.65530799835087,7.085185185185183,8.1719253137435,3.7680685644321996,13.804738167382217,2.881240625E8])
(1.0,[-6.52838383838384,6.823030303030302,-0.6869696969696972,59.90473409606268,62.69250705009275,18.233717254174394,6.820563207835935,6.98221610039792,3.0891888582797664,12.177729179210743,3.1132200000000006E8])
(1.0,[-5.95848484848485,6.734040404040406,-1.4646464646464645,68.50536196660481,79.58193656977946,17.810198598227174,7.258163452708905,7.874749515355573,2.9946066727884904,13.186830035892337,2.852926470588235E8])
(1.0,[-5.9976,6.772600000000001,-1.0787999999999998,62.3381537777778,74.15419923232325,16.003069252525254,6.954527999999997,7.595364000000001,2.9343439999999994,12.612668214186645,3.004970625E8])
(1.0,[-5.896122448979589,6.564183673469388,-0.5988775510204082,62.65987553124341,70.41767200715336,15.52901625289291,7.020683048729695,7.426992919616826,2.9477696793002917,12.104779701840439,2.656193125E8])
(1.0,[-6.370909090909091,7.223131313131311,-1.1789898989898988,65.89656345083488,71.28272784992788,14.09980509173366,7.226776859504135,7.44993163962861,2.666597285991225,12.790255334719857,2.4499815E8])
(1.0,[-5.747599999999998,6.5840000000000005,-1.1742000000000001,54.98876589898992,65.15190505050504,15.182990262626264,6.442424,6.97516,2.700592,11.790022981769429,3.2857399999999994E8])
(1.0,[-5.5626000000000015,6.468299999999999,-1.0473999999999997,63.80336690909095,75.76957788888889,19.977465898989898,6.865823999999999,7.767062000000002,3.0870159999999993,12.221871997030684,2.5278216666666666E8])
(1.0,[-5.686161616161617,6.587878787878786,-0.7788888888888885,58.92754634096063,72.50084545454548,19.1336283446712,6.564407713498625,7.3983654729109265,3.2295173961840633,12.302904012244774,2.1556094444444442E8])
(1.0,[-6.944242424242424,6.292020202020202,-3.0601010101010115,62.17919202226346,82.64579791795506,20.2067928468357,6.766329966329965,7.916263646566677,3.5102112029384753,14.21685892029164,3.100016E8])
(1.0,[-6.225200000000002,5.971100000000001,-2.4824,60.75472622222222,86.51150281818181,21.988143676767677,6.679544000000002,8.344166,3.6852479999999996,13.629985001037772,2.8250125E8])
(1.0,[-6.402020202020202,6.436161616161616,-0.47282828282828293,53.10372853019996,67.86147287157289,14.505626613069476,6.342732374247526,7.248121620242833,2.6635016835016825,11.690656571052871,3.128574285714286E8])
(1.0,[-6.164040404040402,6.68151515151515,-1.1950505050505051,58.28743044733042,73.3578293135436,16.44462933415791,6.779563309866338,7.58626874808693,3.099336802367105,12.594945380022828,2.993306666666666E8])
(1.0,[-6.588099999999998,6.621200000000002,-0.5241000000000002,59.908019585858625,70.09387531313133,16.048624434343434,6.936557999999999,7.390040000000001,2.783705999999999,12.304370681443155,3.0750275000000006E8])
(1.0,[-6.22,6.257070707070707,-1.1981818181818185,55.32076122448979,70.44924541331683,15.199749721706857,6.458181818181818,7.35749413325171,2.724848484848484,12.155475464310314,3.538443076923077E8])
(1.0,[-5.859090909090907,6.271313131313132,-0.9841414141414148,59.245747124304266,72.3424094825809,18.902110224695942,6.651202938475663,7.469768390980514,3.0328068564432202,12.188671500569278,3.039896666666667E8])
(1.0,[-6.448989898989899,6.353333333333336,-0.7466666666666667,60.729129581529584,68.70556734693874,18.246548979591836,7.046250382614017,7.264646464646467,2.931043771043772,12.007652084715115,3.007137142857143E8])
(1.0,[-6.039500000000001,6.4263,-1.5887000000000007,65.37205732323233,80.34050031313133,20.249769000000004,6.911790000000001,7.914529999999998,3.3605079999999994,13.301141222428527,2.252951176470588E8])
(1.0,[-6.782199999999999,6.908399999999999,-1.1519999999999997,62.48840521212123,66.97559539393939,19.858981818181825,6.972663999999999,7.085704,3.2744400000000002,13.156657701460725,3.4692146153846157E8])
(1.0,[-6.546868686868686,5.967777777777775,-0.30464646464646455,53.67265846217275,68.01416643990929,28.523802679859813,6.1465462707886935,7.026868686868687,4.158985817773695,13.204745110483803,2.316818333333333E8])
(1.0,[6.4763,3.3826999999999985,-1.6607000000000003,77.23338314141411,76.02641182828283,23.39568132323233,7.849034000000003,7.223148000000001,3.6044400000000003,12.66580677597,4.62027E8])
(1.0,[6.843939393939394,4.08939393939394,-0.7795959595959598,77.4417792207792,85.05565677179962,34.908993712636565,7.810915212733397,8.084707682889501,4.213918987858382,13.373484079523054,4.1179309090909094E8])
(1.0,[6.764747474747475,3.8854545454545457,-0.21828282828282825,78.73960070088638,76.63471484230055,22.04656334776334,7.911400877461483,7.550045913682278,3.391570247933885,12.56325653186911,4.209992E8])
(1.0,[6.8154,4.360199999999998,-0.5014999999999998,73.8792533737374,72.66169692929292,21.485043181818188,7.813063999999999,7.135236,3.1168899999999997,12.375509752427728,3.916498333333333E8])
(1.0,[6.730500000000001,4.637800000000001,-1.1091000000000002,85.56249772727273,89.10793248484846,24.419218373737372,8.281959999999998,8.088004000000005,3.6789359999999998,13.880829410202734,3.0066526666666675E8])
(1.0,[6.047474747474747,4.542929292929292,-1.46939393939394,84.95950070088644,89.53094337250049,20.538877179962896,8.243152739516372,8.011917151311087,3.434478114478114,13.355903568333677,2.959940666666666E8])
(1.0,[6.2877,4.257000000000001,-1.2953999999999999,88.6251108181818,89.21580707070711,25.618520040404043,8.528532000000006,8.08892,3.753092000000001,13.705880565715617,3.485695714285714E8])
(1.0,[6.731400000000001,4.8991,-2.3859999999999997,89.13722226262627,100.52303857575751,22.923030303030295,8.520256,8.575845999999997,3.8274399999999997,14.878301971464557,2.837619375E8])
(1.0,[6.066399999999999,3.8840999999999997,-1.5147000000000004,94.0471848888889,77.09107291919189,30.804366575757587,8.802768000000002,7.404592,4.227439999999999,13.899537649351565,5.842677142857143E8])
(1.0,[6.54050505050505,4.144343434343435,-0.9657575757575755,81.95085382395385,80.63768400329832,25.445916512059373,7.964632180389754,7.709243954698502,3.683820018365473,13.182973053430649,4.450043E8])
(1.0,[7.259696969696973,3.7258585858585853,-0.6871717171717174,80.23348256029685,83.67028165326735,24.20622457225314,8.010358126721766,7.672388531782471,3.4670992755841237,13.305438132275913,5.1125337499999994E8])
(1.0,[6.594799999999999,4.7209,-1.9017999999999988,90.41124339393939,88.04550120202019,22.737067434343423,8.40408,7.770317999999999,3.847344,14.391585522376802,4.0181945454545456E8])
(1.0,[6.95191919191919,3.691010101010101,-0.4171717171717173,69.80919934034218,70.80166631622346,18.111230694702122,7.5110988674625006,6.871972247729821,3.0307886950311183,11.934722927853025,3.8363372727272725E8])
(1.0,[7.073599999999998,4.420099999999998,-0.8297000000000002,86.11685357575755,78.81285958585853,21.560853444444437,8.302615999999997,7.598313999999999,3.543893999999999,13.799786729608178,5.01102E8])
(1.0,[7.184747474747472,4.750505050505052,-1.098888888888889,94.69844151721298,88.0208130076273,28.03484058956915,8.769613304764823,8.014651566166718,3.975016835016834,14.91167743388381,4.9555799999999994E8])
(1.0,[7.2691,4.275,-0.5422999999999998,72.71827089898987,83.78480707070706,23.421567383838397,7.5027740000000005,7.818300000000004,3.5359939999999996,13.099219103643673,3.673096363636364E8])
(1.0,[7.347199999999999,4.1641,0.3657999999999998,70.56339006060605,62.846491101010095,18.654911474747475,7.51024,6.577802,3.108075999999999,12.029548477511542,4.500152E8])
(1.0,[7.8642424242424225,4.153838383838383,0.49070707070707087,68.20523079777367,64.08507899402183,19.69045969903113,7.559491888582795,6.794396490154068,3.291766146311601,12.436017413637636,6.233621666666666E8])
(1.0,[7.287551020408164,3.8419387755102057,-0.027959183673469567,73.49473620871028,61.98332919208919,19.519206101409633,7.70817159516868,6.567600999583508,3.2666638900458143,12.26000163906629,6.200206666666666E8])
(1.0,[7.379000000000002,3.8451000000000004,0.49320000000000014,66.96370808080805,56.0881282727273,18.909161373737376,7.323059999999997,6.310923999999999,3.203024000000001,11.788665620430333,6.371417142857143E8])
(1.0,[7.644141414141414,4.11111111111111,-0.4727272727272728,72.43088573489999,67.43051201814062,17.178915955473094,7.615308641975308,6.914276094276097,3.080183654729109,12.838397466616652,6.485725714285715E8])
(1.0,[7.781100000000002,4.1832,0.41210000000000024,69.00574726262627,66.32410682828282,17.918828878787878,7.599432000000002,6.985576000000004,3.1648039999999993,12.393031457722063,1.493337E9])
(1.0,[7.84717171717172,3.9950505050505036,-0.48383838383838357,74.75354089878373,69.1663007627293,19.53837491238919,7.941244770941742,6.893092541577389,3.12752984389348,12.801849281847064,3.833245555555556E8])
(1.0,[7.249494949494949,4.552929292929293,-0.8638383838383838,86.46615382395383,84.55465357658215,24.248395320552476,8.413802673196615,7.65889399040914,3.6600081624324052,14.234913861531036,4.1531645454545456E8])
(1.0,[7.187777777777779,4.03909090909091,0.2684848484848484,72.38902766439911,63.21649610389611,21.34163951762522,7.776992143658811,6.680899908172637,3.1871319253137425,11.977927075506777,6.356767142857143E8])
(1.0,[6.701414141414142,3.5924242424242423,-0.13545454545454544,76.7770857349,66.5163103896104,18.91378831168831,7.637471686562596,6.8394061830425485,3.135482093663913,12.175073699394439,5.3144185714285713E8])
(1.0,[7.718686868686867,4.268080808080808,-0.7524242424242426,87.90486050298908,87.17045852401564,23.432820593692014,8.490917253341493,7.786795224977042,3.705687174778083,14.545284895052719,5.011122222222222E8])
(1.0,[7.045454545454546,4.25252525252525,-0.7279797979797977,80.60487198515773,70.40127212945788,22.518887713873433,7.962332415059696,7.136794204672993,3.4062830323436377,13.329985850453696,4.18746875E8])
(1.0,[7.163100000000003,3.799100000000001,-0.9001999999999994,80.23652867676769,76.84761029292926,18.858218141414145,8.148996,7.259992,3.2066079999999997,13.07309862614902,4.966667777777778E8])
(1.0,[6.8376767676767685,3.282323232323234,0.3344444444444446,72.17279556792414,55.224164955679235,13.334186167800453,7.697728803183349,6.121106009590857,2.651582491582492,11.437699900669534,6.783446666666666E8])
(1.0,[6.980599999999999,4.4395,-1.2935999999999999,89.72494711111115,75.22806338383836,26.919950545454537,8.504460000000002,7.28446,3.7762879999999996,13.911331414488988,6.785714285714287E8])
(1.0,[7.4031,3.7063999999999995,-0.1885,75.83244988888886,65.93259094949495,21.863043181818178,7.918933999999999,6.69448,3.3102,12.441457112270788,7.279724E8])
(1.0,[7.399591836734695,3.8698979591836724,-0.6525510204081632,73.75140807910789,77.22358040185144,22.736252188091726,7.622407330279051,7.422532278217408,3.4405497709287816,13.080398102321317,6.700083333333334E8])
(1.0,[7.841999999999999,4.3062,-0.5773999999999998,80.42280606060608,90.5327551111111,24.932106303030288,8.016600000000002,8.013791999999999,3.875076,14.283888557242319,3.9911172727272725E8])
(1.0,[7.787878787878788,3.602121212121212,0.05242424242424238,74.85114341372912,65.71081484230055,20.78481855287569,7.842693602693603,6.666887052341597,3.2416222834404667,12.72641961605523,8.799986E8])
(1.0,[6.8978,3.7425,-0.6785999999999998,77.65787389898989,69.78930176767678,23.518224282828278,7.826472000000002,6.905950000000002,3.6067400000000003,12.796372389314163,5.685904285714285E8])
(1.0,[7.666299999999999,4.062,-0.0336,74.41333263636366,70.9442707070707,21.973582868686865,7.847908000000002,7.073600000000001,3.487951999999999,12.998475676598556,5.232984444444444E8])
(1.0,[6.880400000000001,2.9779999999999998,0.017100000000000018,72.13794529292929,66.53831313131312,26.470129888888874,7.603688,6.624079999999997,3.8358880000000006,12.120270790717878,7.36674E8])
(1.0,[7.607575757575759,3.4012121212121205,-0.47040404040404027,77.03478385899815,79.09953320964753,19.693546773861065,7.90776247321702,7.317532904805634,3.232035506580961,13.13572412083395,5.0625612500000006E8])
(1.0,[6.170404040404042,2.911616161616162,-0.4303030303030305,72.67320187590187,77.74673205524634,27.27259684601112,7.53907560453015,7.401828384858685,3.8776369758187927,12.415348745772862,5.709011428571429E8])
(1.0,[6.8872,4.0497999999999985,-0.9996,85.60053147474748,80.38179591919193,27.89897761616162,8.317519999999998,7.418996000000001,3.9759840000000013,13.912695451835082,6.242894285714285E8])
(1.0,[7.710101010101011,3.6608080808080805,-0.5615151515151513,80.2336601937745,71.1747564831993,18.931198701298694,8.256279971431484,7.093690439751048,3.108809305172941,12.767784959703203,5.43464625E8])
(1.0,[7.5558163265306115,3.6098979591836726,-0.2438775510204081,77.31318747107092,71.15364225752158,23.02883841784135,7.831374427321949,7.145587255310285,3.4909787588504795,13.04563109666109,7.300658E8])
(1.0,[7.275252525252523,3.4742424242424246,-0.19676767676767673,84.5188211090497,78.21176345083488,28.433158833230245,8.386952351800836,7.302516069788799,3.9935435159677595,13.41363237951078,4.710052E8])
(1.0,[7.1913,3.5352000000000006,-1.3775999999999995,91.73328011111114,94.90836056565657,22.02621236363635,8.700778000000001,8.02,3.6374560000000007,14.61328237312446,7.366485E8])
(1.0,[7.483838383838383,3.3180808080808077,0.23101010101010094,76.21535246340956,73.04661362605646,20.328331622345893,7.882073257830835,7.040261197836954,3.3688195082134484,12.78157132510824,4.911058888888889E8])
(1.0,[6.09591836734694,4.127653061224487,0.30806122448979584,76.98799553965914,62.96466144540287,30.048098264254154,7.5015785089546,6.320570595585174,4.1072907122032465,12.808006190073819,6.5245825E8])
(0.0,[-0.7437,9.620500000000002,-0.05099999999999994,7.836619505050509,12.52862297979798,8.314853535353537,2.0818919999999994,2.9559199999999994,2.04768,10.356225847567012,1.2533263333333333E9])
(0.0,[-0.5050000000000001,9.804,0.26659999999999995,7.218554545454543,11.04781818181818,8.00885094949495,1.9524000000000004,2.6929999999999996,2.1074480000000007,10.474819982461792,8.62526E8])
(0.0,[-0.6481818181818181,9.783535353535353,0.14505050505050507,7.5915599257884985,13.351833292104718,11.762821170892602,2.0541965105601467,2.9769758187940014,2.4609774512804807,10.588083135983302,9.36666E8])
(0.0,[-0.2117171717171717,9.852727272727275,-0.14636363636363636,7.6193245722531415,10.800662894248612,9.511625417439705,2.000014284256708,2.719963269054178,2.184040404040404,10.560238727913989,8.67401E8])
(0.0,[-0.5721212121212119,9.815555555555552,0.08525252525252516,6.862110760667903,12.905520861678006,10.959382333539473,2.001897765534129,2.8643097643097657,2.323675135190287,10.57455758931491,1.74498E9])
(0.0,[-0.532222222222222,9.693838383838383,0.455050505050505,6.162841950113379,12.224799402185118,10.331570150484435,1.8187654320987656,2.861918171615141,2.25774716865626,10.368275578441327,1.160644E9])
(0.0,[-0.8466666666666665,9.509595959595963,0.2540404040404041,7.2456918367346965,12.186297794269226,8.371916161616163,2.053602693602694,2.8169737781858992,2.0829241914090386,10.242063540883189,6.224975E8])
(0.0,[-0.6562999999999998,9.690899999999997,0.06829999999999997,7.860476070707071,10.399070898989896,7.029436474747473,2.0856999999999988,2.5311720000000006,1.8872579999999999,10.357477845385434,0.0])
(0.0,[-0.6475757575757576,9.83232323232323,0.20141414141414143,8.324528756957324,13.440291486291487,8.93045512265512,2.1902785430058156,3.0360228548107338,2.040875420875421,10.572454230216795,5.359986E8])
(0.0,[-0.8492929292929294,9.853232323232318,0.09848484848484856,6.016171943929086,13.091666996495565,10.990584415584415,1.888305274971942,2.944346495255586,2.258818487909397,10.588564923408427,9.850005E8])
(0.0,[-0.5430303030303031,9.778585858585858,-0.11111111111111109,6.533225417439706,14.569161245104107,11.247767120181404,1.8705968778696047,3.144458728701153,2.3760269360269364,10.513757577887828,0.0])
(0.0,[-1.0278000000000003,9.668899999999997,0.09820000000000007,6.73671228282828,11.798989686868687,8.90183511111111,1.9777800000000008,2.6566560000000004,2.0820439999999993,10.393461003157428,1.774979E9])
(0.0,[-0.6974999999999998,9.977500000000001,-0.09929999999999996,6.780303787878787,14.636881565656566,12.456529808080811,1.9987500000000005,3.1124999999999985,2.269751999999999,10.725517494372543,9.7000125E8])
(0.0,[-1.07030612244898,9.828265306122447,-0.22948979591836738,6.550580317694088,14.482826856722063,11.6265966442247,1.8758100791336945,3.0832611411911723,2.1076572261557684,10.599949905625868,1.8999635E9])
(0.0,[-1.0729000000000002,9.729300000000006,-0.3626000000000001,6.1686713030303,13.604893444444437,9.361639636363634,1.9398159999999998,2.946728,2.1926719999999995,10.496809703486342,1.160034E9])
(0.0,[-0.9344444444444445,9.593232323232325,-0.40070707070707073,6.149724943310655,10.203266996495564,7.515576025561738,1.8290235690235697,2.5549229670441784,1.8416835016835014,10.221555750745459,1.200012E9])
(0.0,[-0.7707070707070706,9.901212121212122,0.037272727272727395,6.556563780663778,15.020178107606677,10.966964935064935,1.894380165289256,3.1371288644015927,2.32179981634527,10.648536738777992,8.8998425E8])
(0.0,[-1.1651515151515144,9.550505050505045,-0.3888888888888892,5.968374211502782,13.268094640280365,8.533165079365082,1.828441995714724,2.9314396490154064,2.0439730639730644,10.303639017219053,2.279908E9])
(0.0,[-1.1685858585858595,9.557878787878785,-0.08393939393939398,6.763420428777571,14.746006679035249,9.238248608534322,1.9793510866238138,3.0629813284358733,2.2018549127640044,10.353679945676808,7.3999025E8])
(0.0,[-1.0443434343434341,9.564141414141417,0.05393939393939393,5.957012574726859,14.2815530818388,10.695681261595551,1.782507907356392,3.11551066217733,2.3540985613712886,10.326539870887434,1.1799823333333335E9])
(0.0,[-1.2540000000000004,9.7726,0.1018,7.0018343434343455,12.83148812121212,7.540257333333337,1.9594400000000007,2.922999999999999,2.0296680000000014,10.472699916368883,1.18253325E9])
(0.0,[-0.9023232323232324,9.732121212121216,0.3183838383838385,6.268064955679243,8.243178107606681,7.095352463409606,1.8222997653300679,2.264897459442914,1.9504744413835318,10.335913867683733,9.84015E8])
(0.0,[-1.7398989898989898,9.544444444444444,0.033333333333333416,8.380968357039784,6.695441269841267,6.414577551020405,2.1374574023058868,2.074253647586982,1.9559595959595957,10.41472065845498,7.9002375E8])
(0.0,[-1.319,9.640300000000002,0.37560000000000016,6.717716161616159,16.160619101010106,11.512772363636355,1.9875600000000004,3.3598999999999988,2.416504000000001,10.521005133895775,1.519989E9])
(0.0,[-1.0625252525252529,9.779898989898992,0.12333333333333336,7.581829272314993,14.92900101010101,7.068261224489797,2.066542189572492,3.279891847770637,2.0977104377104356,10.539198398517225,9.949875E8])
(0.0,[-1.281919191919192,9.852222222222222,-0.29454545454545455,8.007836075036073,18.828515419501134,9.802163821892394,2.14048566472809,3.521436588103253,2.2747107438016534,10.765122252599438,8.524245E8])
(0.0,[-1.5366666666666666,9.851010101010104,-0.36040404040404067,7.142106122448978,16.647517336631623,11.139718202432487,2.058585858585859,3.3955861646770735,2.236108560350985,10.753212412741576,9.29952E8])
(0.0,[-1.4967000000000001,9.624500000000001,0.1762,8.246226373737374,15.393067424242428,11.618700565656564,2.1110359999999995,3.21688,2.5025560000000002,10.57120222703133,2.640167E9])
(0.0,[-1.2619000000000007,9.954600000000003,0.2886000000000001,7.903288272727276,14.718168525252526,11.206222262626266,2.1070139999999995,3.1834919999999993,2.3617519999999996,10.81707607201826,1.160019E9])
(0.0,[-1.6731313131313135,9.924747474747472,0.11060606060606062,9.208589074417647,17.904490496804783,11.559495547309831,2.230272421181512,3.404391388633814,2.426795224977043,10.95088876229566,1.5500335E9])
(0.0,[-0.4171717171717172,9.934747474747473,0.23585858585858585,7.908175592661306,12.33166192537621,6.515479612451042,2.121675339251098,2.8038608305274972,1.8302009998979702,10.561110465776943,3.59894E8])
(0.0,[-0.2793939393939393,9.698080808080805,0.4720202020202019,7.832515955473098,11.775607503607503,11.709877509791788,2.0703091521273347,2.755877971635547,2.558734822977248,10.523776300953703,0.0])
(0.0,[-0.34888888888888897,9.965757575757571,0.018585858585858567,6.490607936507938,9.89189406307978,7.259481653267366,1.871784511784512,2.5805938169574545,1.838575655545352,10.539424855636456,6.016386666666666E8])
(0.0,[-0.0498989898989899,9.828282828282827,0.2839393939393939,6.0947010101010095,13.262428653885799,8.563279220779222,1.875065809611264,3.0154025099479647,2.2058953168044084,10.463874193269286,1.1599833333333333E9])
(0.0,[-0.07565656565656563,9.72515151515152,-0.3243434343434344,6.555859513502369,11.409253803339514,10.570063595135023,1.8746372819100092,2.769941842669115,2.2331639628609325,10.429928154867735,8.000386666666666E8])
(0.0,[-0.41080000000000017,9.839599999999999,-0.396,6.221401373737374,10.415224080808082,9.761624242424242,1.9890320000000001,2.632168,2.03824,10.533161464235354,1.1900433333333333E9])
(0.0,[0.02090909090909087,9.952828282828284,-0.3242424242424242,7.283010389610389,12.543024572253147,7.278977736549162,2.0586960514233237,2.953910825425977,1.8320661157024793,10.56154891171992,8.0401E8])
(0.0,[-0.35353535353535354,9.7169696969697,-0.12979797979797983,6.946012883941452,12.198662152133592,8.905404040404042,2.0624895418834814,2.8665932047750236,1.9188797061524334,10.370842087515495,1.7800445E9])
(0.0,[-0.5126,9.912600000000001,-0.27659999999999985,8.330665898989897,11.90124973737374,6.838505494949497,2.100808000000001,2.762208,1.7063559999999998,10.54322153094056,7.28003E8])
(0.0,[-0.6391919191919198,9.828888888888896,-0.07828282828282826,6.707966687280968,12.434775283446715,7.761457225314367,1.951780430568309,2.8486868686868694,2.034780124477095,10.47097542867581,1.199402E9])
(0.0,[-0.40111111111111114,9.748787878787878,0.40131313131313123,5.908297732426302,13.455343413729125,11.235897237682948,1.8669360269360278,2.974306703397613,2.327407407407407,10.452642909922893,0.0])
(0.0,[-0.3787878787878788,9.923636363636362,-0.20434343434343444,6.184427087198518,11.958715213358067,8.334916656359516,1.8627119681665134,2.6988429752066105,1.7307662483420057,10.49646274869613,8.02002E8])
(0.0,[-0.3915151515151515,9.841515151515154,0.485959595959596,6.701582374768088,14.765102782931368,11.428299835085554,1.9690052035506582,3.1627425772880313,2.3737618610345876,10.574272212786124,1.0800273333333333E9])
(0.0,[-0.5463636363636362,9.834141414141415,0.29828282828282826,6.483249907235623,12.42252859204288,13.458373551844979,1.9125068870523414,2.8677849199061334,2.378073665952453,10.593753477540016,0.0])
(0.0,[-0.5749494949494947,9.82343434343434,0.0735353535353536,6.565219130076274,10.927545227788087,7.900072067614922,1.9545005611672288,2.648260381593714,1.865736149372513,10.444310217484382,1.850037E9])
(0.0,[-0.7961999999999999,10.0428,-0.22479999999999997,8.22454703030303,12.77732339393939,9.510516121212122,2.1843519999999987,2.9251679999999998,2.131768000000002,10.818047104295403,1.14497375E9])
(0.0,[-0.6126262626262629,9.94161616161616,-0.06797979797979799,7.145446093588953,16.031827973613694,14.256493836322418,1.985587184981125,3.288162432404856,2.469360269360269,10.774843703596707,2.200042E9])
(0.0,[-0.7500000000000001,9.878080808080808,-0.2185858585858587,6.0497836734693875,9.711989136260561,7.3317816532673685,1.9197979797979805,2.5156371798796036,1.8292745638200185,10.49353759323554,1.185013E9])
(0.0,[-0.6615151515151514,9.764444444444447,-0.18737373737373744,8.010449721706863,13.519120861677996,10.844025685425684,2.181469237832875,2.8863299663299657,2.285521885521885,10.578768240980873,3.19977E8])
(0.0,[-0.5859595959595958,9.772424242424243,-0.28515151515151527,6.549256977942693,13.12665324675325,11.639029313543595,1.9190694827058465,2.83477196204469,2.1752555861646776,10.523182226467231,1.160004E9])
(0.0,[-0.7635999999999995,9.535999999999996,0.23420000000000002,8.838938424242425,16.076856565656566,12.03172157575758,2.254832000000001,3.2708400000000006,2.481912000000001,10.42511621841547,1.600052E9])
(0.0,[-1.0185858585858585,9.775353535353533,-0.045454545454545504,5.980136755308186,14.095482271696554,12.76812504638219,1.8345903479236805,3.03502499744924,2.2896051423324146,10.57273487891779,8.800863333333333E8])
(0.0,[-0.8521212121212125,9.650606060606066,0.2695959595959596,6.101882189239335,12.872024118738404,12.866201875901877,1.893168044077135,3.000875420875422,2.46445464748495,10.425589527092317,2.2999875E9])
(0.0,[-0.5421212121212119,9.943131313131307,0.06707070707070703,6.3268168831168845,12.101972747887029,10.025847454133169,1.8832812978267517,2.796547291092746,2.1860177532904808,10.607209053077366,0.0])
(0.0,[-0.6749999999999999,9.9521,0.4679999999999997,7.225867676767678,18.01914201010101,15.945971717171709,1.9890000000000005,3.484984,2.7996000000000003,10.85654540743517,6.39978E8])
(0.0,[-1.1403999999999994,9.765700000000002,-0.012799999999999962,9.806278626262626,15.66391768686869,9.244313292929293,2.3120559999999997,3.245128,2.1837039999999996,10.659330092064673,0.0])
(0.0,[-0.9719000000000003,9.7156,-0.15729999999999994,8.151993323232324,14.298715797979801,10.199993646464643,2.1418139999999997,3.167248,2.269180000000001,10.54300943148746,7.702335E8])
(0.0,[-1.1853535353535352,9.696868686868683,0.38979797979797964,6.692012883941455,13.500731931560502,12.72328975468975,1.9180838689929598,2.948162432404856,2.4752698704213865,10.544558618773713,8.933306666666666E8])
(0.0,[-0.9353535353535352,9.763434343434342,0.1601010101010102,6.772502679859826,13.774326860441146,11.216652030509175,1.9749311294765843,2.916139169472503,2.3076094276094277,10.536284115257569,3.60047E8])
(0.0,[-1.3474747474747473,9.980707070707073,0.11121212121212122,5.594051721294579,13.355447454133172,9.67959035250464,1.830025507601265,2.9793572084481164,2.1750229568411386,10.719271279090153,4.24744E8])
(0.0,[-2.2450999999999994,9.392799999999998,0.8155999999999999,4.414102010101012,8.68700218181818,10.206871353535355,1.6694959999999999,2.2991919999999997,2.240432000000001,10.312040581349136,7.59987E8])
