(0.0,[5.816666666666668,8.974375000000004,-0.6422845217083331,15.334898245614042,14.934010131578948,13.841987851572231,3.212361111111111,2.8500130208333343,2.9499846340078126,11.778789730955358,1.0999856666666667E9])
(0.0,[5.756105263157896,8.76515789473684,-0.7271832146315789,10.937789988801791,12.471425240761477,11.022153729899246,2.692086426592797,2.6529196675900275,2.5413712369019383,11.333791096709614,1.1164753333333335E9])
(0.0,[5.610638297872341,8.823404255319149,-0.6824663402765961,13.298416792495996,16.569678609013955,10.260447141492653,2.9140697148030776,3.0571027614305115,2.5022040134649166,11.45248512922312,1.12498475E9])
(0.0,[5.733092783505154,8.707835051546393,-0.6117923396907216,11.828398668384878,13.46191713917525,11.566757530972284,2.8753873950472952,2.7730088213412687,2.659533195040919,11.325124909371894,1.1164753333333335E9])
(0.0,[5.550510204081633,8.901734693877554,-0.668925840918367,11.948532726698925,14.131975310330317,12.203006648900377,2.758306955435236,2.8125947521865893,2.677135798652645,11.450562641162222,9.26656E8])
(0.0,[2.7193877551020402,9.757959183673469,-0.8907429419387756,20.45526353881759,21.302051462234378,11.473404790817789,3.4146813827571836,3.58338608912953,2.6025784236297387,11.521547957206213,7.499938E8])
(0.0,[2.692727272727271,9.98707070707071,-0.6217207070707071,18.42940575139146,22.389310719439294,12.146048810936524,3.3610101010101014,3.845585144373025,2.8535497090643824,11.769038356696367,7.783203333333334E8])
(0.0,[2.8020202020202025,9.887575757575759,-0.8291902480808082,19.240901999587713,20.51886549165121,11.086927188428334,3.395012753800631,3.554220997857362,2.4862325125436175,11.637826134424358,5.3332E8])
(0.0,[2.6226262626262624,9.93030303030303,-0.9232944654545455,20.924280787466497,21.859109090909094,10.831743207071067,3.553731251913071,3.7063789409243952,2.5359611490174463,11.64287941134016,7.016703333333334E8])
(0.0,[2.855102040816327,10.088265306122455,-0.8965802354081635,20.622509783294763,19.49051551651588,9.413268439646602,3.5561349437734284,3.4802707205331105,2.3992886361245325,11.732600488261406,7.8750625E8])
(0.0,[2.608282828282828,10.207575757575754,-0.7192644275757578,19.11237763347763,19.881167532467533,10.882000110358339,3.405468829711254,3.5434649525558624,2.589266866519745,11.921397854345008,5.44281E8])
(0.0,[2.966770833333333,9.801354166666664,-0.8582237796875002,21.532161041666654,19.149407620614042,12.025862573474615,3.5780338541666667,3.433133680555556,2.6404646049804685,11.676368571148833,6.299988E8])
(0.0,[2.772346938775509,10.050816326530612,-0.8553022326530616,20.168560414475063,22.42094571849358,10.747269874217158,3.5319262807163674,3.902415660141608,2.358838872249063,11.786855890802729,9.360106E8])
(0.0,[2.8805494505494513,9.762307692307688,-0.8067436653846154,18.230929694749697,17.681735726495727,10.160187162672734,3.3136312039608744,3.2953000845308544,2.4946075738630618,11.444253527214196,8.640014E8])
(0.0,[2.98795918367347,10.031632653061221,-0.8746208956938775,15.293197853986948,15.462154007994942,9.091450541151552,2.9680341524364833,3.0825864223240313,2.3703574469650146,11.496228175667426,1.0833433333333333E9])
(0.0,[2.988865979381444,9.90824742268041,-0.7062922465979382,21.499249742268045,18.817308354810997,12.070216623766042,3.5542246784993097,3.3159974492507174,2.633989095829525,11.766054997182541,6.085815714285715E8])
(0.0,[3.092799999999999,10.057299999999998,-0.8307050152000001,16.22411531313131,16.517492636363635,10.284748573534168,3.275023999999999,3.0662459999999996,2.557811407631999,11.695443362342772,8.700012E8])
(0.0,[3.0199999999999996,10.021632653061227,-0.7810852264285714,20.81402268041237,19.410817925520718,12.656502802936956,3.5432653061224477,3.529762598917117,2.6459042960932937,11.82104196920118,7.874985E8])
(0.0,[3.1171428571428574,9.930918367346937,-0.6268139495918368,21.400507216494837,18.69745791079318,12.239899268466345,3.558338192419824,3.304369012911287,2.688688414402332,11.81432244756826,6.085815714285715E8])
(0.0,[3.1711224489795913,10.033163265306126,-0.8069361185714286,15.982655428150647,15.623129065853142,10.464811049028212,3.2536859641815896,2.9834319033735937,2.594004016180759,11.680001139196492,8.24997E8])
(0.0,[2.7880808080808075,9.97575757575758,-0.7697560101010102,17.106421789321786,16.908465491651203,9.4672776374753,3.3858708295071946,3.046740128558311,2.45277154916233,11.552169755204465,8.63977E8])
(0.0,[2.7405154639175273,10.023608247422676,-0.9544072597938145,12.325113273195877,14.609067053264603,9.06596713392292,2.8725326814751844,2.779349558932935,2.44783805511744,11.344434876955289,6.666666666666666E8])
(0.0,[2.827835051546392,10.000721649484538,-0.7925076596288657,10.166833805841923,13.906788015463912,9.324427097920564,2.424627484323519,2.8451036241896053,2.3180734604820916,11.224044482891887,1.1099956666666667E9])
(0.0,[2.9330303030303018,9.861919191919194,-0.7730579152929294,13.687792764378477,13.233576891362603,9.550682377631885,2.8391062136516685,2.7277890011223342,2.4388802337863487,11.272283779647717,7.620056E8])
(0.0,[2.691734693877551,9.977142857142853,-0.931465019489796,10.901841289711765,13.30992577319588,8.829142948897825,2.6316451478550613,2.6539358600583074,2.4203034439316955,11.215465935430425,8.000122E8])
(0.0,[2.6803030303030306,10.137474747474752,-0.876104796949495,18.11615194805195,14.264488455988461,10.161563364590936,3.3292378328741967,2.813506785021938,2.39826237737333,11.67274094607223,1.0999753333333333E9])
(0.0,[2.7040624999999996,9.863541666666666,-0.9325681937291666,17.490260164473682,17.857023114035087,11.464870180337153,3.301946614583333,3.2748177083333334,2.5943570105468745,11.468261313282088,8.896484E8])
(0.0,[2.916161616161617,10.05555555555556,-0.8666118291919189,14.063881034838174,14.30889637188208,9.957103308990511,2.920771349862259,2.862514029180697,2.4037961120028584,11.458191060583834,8.919984E8])
(0.0,[3.170510204081632,9.868061224489793,-0.7477292774489794,16.380299737008208,15.11739723332631,9.957261898956919,3.2463286130778837,3.013090379008746,2.472600820370679,11.504083818910596,1.0966593333333333E9])
(0.0,[3.195252525252526,10.157070707070703,-0.9714472157575756,18.478790496804788,21.060922964337244,15.519851202020964,3.4290990715233125,3.5237567595143346,3.0015238453382316,11.979143665078942,5.544466666666666E8])
(0.0,[2.91734693877551,9.957142857142857,-0.674763166020408,20.950949589732794,18.107746391752567,14.36284390717673,3.540329029571013,3.3219825072886295,2.931239494748022,11.767472055315338,6.499878E8])
(0.0,[3.0587878787878777,10.109191919191916,-0.762464309191919,16.839535250463822,16.222250360750365,12.559913757572986,3.343905723905724,3.0149086827874707,2.8075454156555444,11.789478066162747,1.087494E9])
(0.0,[3.139696969696969,10.044242424242423,-0.8583570532323237,20.23373562152134,22.514153246753253,17.12350934109105,3.5699234771962045,3.7385368839914292,3.195869152190592,11.970293704796989,4.855617777777778E8])
(0.0,[3.139591836734694,10.15285714285714,-0.7671869577551019,19.418379213128556,17.06585567010309,13.290285282118013,3.455247813411078,3.1220116618075795,2.8020248785339437,11.921702990933396,7.249908333333334E8])
(0.0,[2.9192857142857154,9.97336734693878,-0.7317462276530612,18.20783556701031,16.54921844098464,13.74511209130984,3.3920116618075795,3.1003748438150787,2.911421646774261,11.69072113223114,1.0833333333333333E9])
(0.0,[3.0840816326530596,10.178265306122452,-0.7544004894897962,18.98043883862823,17.615727887649893,13.217510007206162,3.4037276134943775,3.2350624739691796,2.8236949223198677,11.916352535706588,7.183278333333334E8])
(0.0,[3.075858585858586,9.933434343434346,-0.6744135943232323,15.769744918573487,15.560730942073798,13.186262770747005,3.095502499744924,3.005495357616571,2.7565382324175087,11.490081912195606,8.739868E8])
(0.0,[2.9831958762886606,9.979793814432991,-0.5254364945773198,17.856657388316147,15.997658290378004,11.768478002523493,3.363624189605697,2.955655223721968,2.6075822296124995,11.582385089209588,1.0999985E9])
(0.0,[3.0651515151515145,10.002121212121207,-0.751045215050505,15.93806604823747,15.874365862708721,11.467070725630212,3.1620997857361486,2.954392408937863,2.6432757854933175,11.571681921955337,6.49994E8])
(0.0,[2.7963265306122436,10.141734693877547,-0.8764276786734694,19.852334820113605,20.142967062907637,14.401342846945814,3.4899916701374427,3.5895251978342357,2.908667514439815,11.864616561090523,7.216645E8])
(0.0,[2.9902020202020188,9.926464646464652,-0.8352437220202023,19.26386118326118,18.0104088023088,13.01865535532682,3.430749923477196,3.363095602489541,2.676383759204163,11.620721594269803,8.1251525E8])
(0.0,[2.9835714285714294,9.987040816326527,-0.5295257580612247,18.56981907216495,17.84735094677047,13.55468473887304,3.463002915451894,3.3165118700541454,2.9160648139212824,11.752212475184082,1.08998875E9])
(0.0,[3.094285714285714,9.941428571428563,-0.6307054854081632,16.92668247422681,15.768492783505149,14.15586492509283,3.2735568513119544,2.9402623906705525,2.86780646221366,11.607828676080867,9.32518E8])
(0.0,[2.9303030303030306,9.983131313131315,-0.5217005977777779,17.503864192949905,18.512838054009485,15.108981942827391,3.3306642179369463,3.3733904703601665,3.035165446105499,11.739668983473003,1.08998875E9])
(0.0,[2.9854545454545454,9.98969696969697,-0.6987651283232322,14.768286270871986,15.041202968460112,11.717292531000286,2.890633608815427,3.069788797061524,2.5410057277241083,11.45180334485175,7.799988E8])
(0.0,[2.904329896907216,10.06371134020619,-0.6710478367216495,19.05149772336769,19.162292332474227,11.687391760352142,3.403734722074609,3.3610394303326605,2.679373872367309,11.709341894801316,5.87509125E8])
(0.0,[2.992142857142857,10.131836734693877,-0.744949626326531,19.253668556701033,16.673472880286127,10.69001093281736,3.363265306122449,3.1220408163265296,2.4756471090087464,11.758069371465957,8.560058E8])
(0.0,[3.0319387755102047,9.902857142857146,-0.7823360956122448,17.83139517147065,15.301859793814437,10.620937398668225,3.249970845481049,3.0769096209912536,2.448216389673053,11.46469522886465,7.520812E8])
(0.0,[2.805670103092784,9.93474226804124,-0.7155597170103093,14.179081056701039,15.424125193298964,9.714279611225166,2.9888766075034536,2.9477542778191093,2.5370991882134133,11.355583857947707,8.839966E8])
(0.0,[2.803367346938775,10.091428571428564,-0.6890783964489795,19.333498853355785,19.24829072164949,12.508729593614964,3.2629675135360263,3.4657434402332377,2.6754595046380674,11.713370563585157,6.085772857142857E8])
(0.0,[3.0921428571428566,10.03122448979592,-0.7960954270408163,17.849239690721646,15.59887683568272,10.283891398524897,3.2572594752186586,3.0822698875468557,2.401452814598084,11.566365767936754,7.349903333333334E8])
(0.0,[2.9873737373737392,9.992828282828274,-0.7410019431717172,8.599227726242015,11.364710286538854,8.418729027863028,2.238379757167637,2.608654218957249,2.3492313540169376,11.194435651837876,1.1500346666666667E9])
(0.0,[2.9490721649484533,10.094742268041237,-0.8263478959793814,8.957131421821302,11.830358526632303,7.801417726346533,2.3789478159209256,2.590445318312255,2.117877942089489,11.237084820311514,1.7250215E9])
(0.0,[2.9253608247422673,9.974123711340207,-0.8339303644329898,9.877345962199312,11.02738490120275,7.694642114335167,2.4110277393984485,2.516743543415876,2.148219382810076,11.15429614406164,0.0])
(0.0,[2.803673469387755,10.137448979591838,-0.893522606734694,8.976755438670313,12.838237755102039,8.605448280833162,2.4315993336109956,2.7507621824239905,2.1806624845314464,11.273038773199978,1.149994E9])
(0.0,[3.1365306122448975,9.986428571428565,-0.6751800959183677,9.425429076372817,10.693388144329894,8.263549110938168,2.406372344856311,2.4868367346938784,2.347981175860057,11.24761872316276,1.1550445E9])
(3.0,[7.468585858585858,2.2800000000000002,6.419494949494949,0.002889816532673649,0.0022632653061224425,0.002157905586477013,0.03747984899500039,0.03878787878787877,0.03788388939904083,10.109020513292386,0.0])
(3.0,[7.4481052631578955,2.2911578947368434,6.448736842105261,9.750951847704349E-4,0.001414602463605824,0.001392004479283283,0.0220454293628807,0.028853185595567484,0.030249307479223966,10.114930696303887,0.0])
(3.0,[7.473367346938775,2.2872448979591837,6.490816326530614,0.003063801809383528,0.003915011571638957,0.0025519040605932962,0.04167430237401064,0.04504164931278628,0.04086630570595586,10.159622246497468,0.0])
(3.0,[7.470947368421051,2.290631578947368,6.491894736842105,7.363269876819469E-4,6.783202687569988E-4,0.0011665845464725565,0.022519667590027027,0.020833240997229975,0.02992576177285311,10.159139608509538,0.0])
(3.0,[7.510808080808082,2.2774747474747468,6.40959595959596,0.002423830138115839,0.0022129457843743563,0.0014875901875901747,0.03801448831751888,0.03552698704213848,0.03183348637894097,10.13338024706508,0.0])
(3.0,[7.623877551020406,1.8663265306122452,6.384183673469389,0.005502335367136574,0.00536987166000418,0.00311118241110879,0.05182840483132077,0.05492711370262378,0.044250312369845834,10.117925957233583,0.0])
(2.0,[1.8512244897959178,9.647142857142855,0.6631632653061225,1.2454376604249948,0.09438762886598026,0.4714548390490216,0.9477092877967515,0.24524781341107849,0.4887900874635569,9.93353553815042,1.1643114285714287E8])
(2.0,[0.0339795918367347,9.959693877551022,-0.178469387755102,0.08005513359983168,0.04026073006522194,0.06854093204292025,0.21532694710537276,0.15399208663057054,0.206978342357351,9.968672915500072,1.2594275675675674E8])
(2.0,[0.035900000000000015,9.924399999999999,0.08060000000000002,0.07451534343434342,0.011398626262626261,0.04622791919191919,0.1949820000000001,0.07959199999999979,0.1675400000000001,9.930809626388278,2.0956421739130428E8])
(2.0,[0.7533333333333333,9.839595959595961,0.48919191919191907,0.39509183673469395,0.045142692228406646,0.42617689136260567,0.4385185185185186,0.12817467605346358,0.36297928782777256,9.920524318924516,3.271419285714286E8])
(2.0,[1.9413265306122451,9.647551020408162,0.5942857142857141,1.0186446139280447,0.14137538396802043,0.8535257731958763,0.8190816326530614,0.2862265722615576,0.7546355685131195,9.953968010149081,1.565018E8])
(2.0,[2.2586868686868673,9.51919191919192,0.9931313131313134,0.35332784992784994,0.05154015666872801,0.16187070707070714,0.42789715335169903,0.16112233445566765,0.3067115600448935,9.860384138280338,1.209976E9])
(2.0,[1.9992857142857143,9.63530612244898,0.7315306122448981,0.6875365979381444,0.08223341047759321,0.2912914475068378,0.6384402332361515,0.22656809662640578,0.4268846314035818,9.91735770131258,3.391596666666667E8])
(2.0,[2.32848484848485,9.58888888888889,0.6690909090909093,0.48557625231910945,0.044697732426303934,0.1631899814471242,0.5795408631772266,0.15894500561167205,0.3302112029384758,9.922749856023705,1.0850065E9])
(2.0,[2.2413131313131305,9.558787878787886,1.0091919191919188,0.5032156050298907,0.06144545454545437,0.26536056483199344,0.5650321395775938,0.18122436486072832,0.37489235792266096,9.908155828420801,8.379884E8])
(2.0,[2.269896907216496,9.565876288659794,0.85680412371134,0.5386468642611683,0.10804323453608257,0.33973447164948456,0.5764055691359338,0.2516122861090445,0.4463216069720481,9.914318207397429,4.755622222222222E8])
(2.0,[2.195959595959595,9.536464646464646,1.1202020202020198,0.281601875901876,0.05302512883941475,0.18511220366934644,0.3692949699010307,0.14166717681869173,0.28967452300785623,9.874356455561283,5.10025E8])
(2.0,[2.2433333333333336,9.608383838383837,0.6522222222222225,0.6935755102040814,0.0783647083075652,0.2317092970521543,0.6828956228956231,0.21374757677787987,0.38655443322109984,9.934906991222531,4.99996125E8])
(2.0,[2.1659595959595954,9.580808080808074,0.9752525252525251,0.5318100391671821,0.07067485054627916,0.25586396619253754,0.5970533619018471,0.2010345883073153,0.3607346189164371,9.910116144170726,5.1432585714285713E8])
(2.0,[1.8623232323232317,9.612121212121215,0.9406060606060604,0.566026180169037,0.06715565862708711,0.26020779220779233,0.5860442811957963,0.1969880624426082,0.37925313743495565,9.879146062804027,3.610047E8])
(2.0,[1.6511458333333335,9.689895833333335,0.80375,0.5159197258771929,0.06608946271929834,0.2617605263157894,0.5444791666666665,0.20654947916666697,0.38778645833333325,9.902473934431011,3.0769700000000006E8])
(2.0,[0.07653061224489799,9.941632653061225,0.17408163265306126,0.7087012413212709,0.026617925520723746,0.39769657058699753,0.6814285714285715,0.11676801332778006,0.5113452728029989,9.998349951580606,1.3058637837837836E8])
(2.0,[0.08072164948453607,9.895567010309275,0.3187628865979381,0.5403630154639173,0.01708326890034362,0.2269484536082473,0.5904346901902432,0.10063131044744349,0.3570751408226166,9.939237024038501,2.190912272727273E8])
(2.0,[-0.282,9.927600000000002,0.0381,0.9410545454545456,0.04465680808080802,0.7393892828282829,0.72912,0.14824799999999994,0.689652,10.01512021193819,1.2263247368421054E8])
(2.0,[-0.19262626262626265,9.96111111111111,-0.208888888888889,0.29936650175221596,0.07139977324263043,0.24945895691609993,0.41709213345576984,0.15833894500561124,0.3910437710437711,9.992322773265826,0.0])
(2.0,[1.921836734693877,9.721836734693875,0.04061224489795924,1.6120646328634547,0.18078422049232024,0.7815006522196504,0.9627072053311122,0.3074593919200334,0.66914618908788,10.026544383164032,2.184982E8])
(2.0,[2.0983838383838394,9.678686868686874,0.3802020202020201,0.5017953205524635,0.03832172747887029,0.20387342815914242,0.47321293745536164,0.14097541067238006,0.33293949596979894,9.946241815017528,7.766723333333334E8])
(2.0,[2.0883838383838396,9.691313131313128,0.2949494949494949,0.5189381776953208,0.046968666254380655,0.27369872191300765,0.4850994796449342,0.15594123048668532,0.3919722477298234,9.957923908984323,6.860046E8])
(2.0,[1.8777551020408167,9.706734693877557,0.4075510204081631,0.1592711971386494,0.030075825794234862,0.3079527035556489,0.3244689712619741,0.14210329029570984,0.448167430237401,9.919053938378484,1.1250305E9])
(2.0,[1.626836734693878,9.722653061224493,0.4827551020408164,0.045578550389227854,0.011679486640016829,0.06141191878813379,0.17133694294044144,0.07968346522282478,0.20759683465222822,9.875173359606697,5.0049E7])
(2.0,[0.6384536082474227,9.608556701030931,0.8757731958762885,3.4513986254295532,6.186881228522338,1.536891323024055,1.3351068126262085,1.2108874481879042,0.869988309065788,9.943559761331835,5.0019E7])
(2.0,[-0.552551020408163,9.48438775510204,1.338163265306122,5.027072806648434,6.245492920260887,2.0176151483273728,1.764448146605581,1.2958163265306124,1.025231153685964,9.970314622973634,5.0019E7])
(0.0,[9.092906976744187,-0.02,-5.952441860465115,25.859856155950762,44.8227011764706,14.506221025991788,4.242471606273663,5.456279069767442,3.05982152514873,13.423722368780066,6.59943E8])
(0.0,[8.90845238095238,0.1865476190476189,-6.488571428571427,31.31681082903042,38.35455781698222,15.65936660929432,4.608251133786847,5.073361678004537,3.1022448979591837,13.50225427651782,0.0])
(0.0,[8.375795454545452,0.5510227272727273,-6.238522727272727,37.602792463427384,49.62748285005224,21.19693687304076,5.193091425619834,5.586319731404958,3.553850723140496,13.711659819346211,0.0])
(0.0,[8.31318181818182,0.9504545454545454,-5.800681818181818,38.04670470219435,53.707802089864174,24.255539759665623,5.3600826446281,6.0264049586776895,3.8111828512396695,13.616111801940601,2.070526E9])
(0.0,[9.055697674418598,0.49290697674418593,-5.389069767441859,35.08906950752394,52.72966556771547,25.996665006839937,5.062674418604653,5.882449972958356,3.741606273661439,13.866088577788792,0.0])
(0.0,[8.172584269662918,0.8733707865168538,-6.2112359550561775,37.87553756384065,48.498727145045976,19.79412004596526,5.198277995202626,5.5775659638934485,3.4254084080292904,13.458036197659407,0.0])
(0.0,[8.6376404494382,0.6771910112359549,-5.70865168539326,36.4039182328907,54.14845679264556,23.975084525025533,5.2750763792450455,6.014596641838151,3.6517434667339996,13.839165591065607,1.549942E9])
(0.0,[8.779195402298848,0.5783908045977008,-5.636666666666667,35.28433539160652,54.1419811013098,19.602403875968985,5.0728788479323565,6.035806579468884,3.49272030651341,13.657568886871582,0.0])
(0.0,[8.908651685393254,0.5569662921348312,-5.4888764044943805,37.3692458886619,49.91856001021449,23.14076690500511,5.056285822497162,5.699267769221058,3.6871278878929425,13.937524356283717,5.133411666666667E8])
(0.0,[8.587303370786515,0.7769662921348316,-5.193932584269664,41.15377673646577,57.76353728294177,25.877099131767114,5.4780431763666195,6.118838530488576,3.9034869334679967,13.935133857505125,1.0249785E9])
(0.0,[9.029772727272718,0.555227272727273,-4.976477272727273,37.997310292580984,50.92668500522465,27.658464459247636,5.149803719008266,5.863755165289256,3.89542097107438,14.030550672917357,0.0])
(0.0,[8.822613636363638,0.4752272727272727,-5.582159090909091,44.72876205590388,58.50678385579939,26.5615665491118,5.847316632231404,6.157066115702476,3.954984504132231,14.251962928716408,1.5194705E9])
(0.0,[8.51159090909091,0.6129545454545454,-5.720000000000002,43.31009399164054,58.3091405956113,20.879108045977013,5.530273760330578,6.264359504132231,3.719545454545454,14.07171465256054,2.079895E9])
(0.0,[8.887303370786517,0.24876404494382037,-5.177303370786517,36.10876082737488,49.85982686414709,25.685433554647602,4.975899507637927,5.741615957581114,3.6963312713041283,13.857240515703685,0.0])
(0.0,[8.386704545454544,0.8889772727272726,-5.8568181818181815,42.05055798066875,57.75131503396034,21.139435736677115,5.432533574380164,6.19888429752066,3.7306818181818175,14.00042754754147,2.079895E9])
(0.0,[9.031758241758236,0.5068131868131868,-4.988131868131866,45.67513242979242,60.61297528693527,30.825550915750913,5.781545707040212,6.474309865958218,4.199553194058689,14.427882760210737,1.5500185E9])
(0.0,[8.874555555555554,0.39855555555555566,-5.261666666666667,40.39872845193507,57.1228754182272,27.6635691011236,5.3211604938271595,6.056204938271606,3.9295555555555546,14.13204115567398,0.0])
(0.0,[8.782222222222222,0.8382222222222226,-4.79711111111111,43.930819725343326,57.851655230961285,28.98500279650437,5.635012345679013,6.137160493827162,3.99714074074074,14.142331526582286,0.0])
(0.0,[8.89847826086957,0.6509782608695653,-4.76923913043478,44.9183866698519,58.346004526994754,31.06034776636408,5.67444706994329,6.120321361058604,4.074189508506618,14.353487868483477,0.0])
(0.0,[8.793777777777775,0.9126666666666667,-5.295888888888891,38.370742871410734,54.5227006741573,32.16299751560549,5.252888888888887,5.91357037037037,4.138817283950617,14.122388721897371,0.0])
(0.0,[8.910449438202246,0.6112359550561796,-5.055505617977527,35.719883886619,51.00587459141982,29.99334548008172,5.095939906577453,5.786837520515088,4.056555990405251,13.844121603622813,0.0])
(0.0,[8.608571428571429,0.6196703296703298,-5.134945054945053,44.83404571428571,60.779256556776545,28.307931941391935,5.784050235478808,6.2361139958942156,4.062253351044561,14.130854057255023,3.06012E9])
(0.0,[9.244175824175823,0.5203296703296698,-4.975164835164835,40.91604459096457,54.989821001221,30.0072296947497,5.4798067866199744,5.9366187658495315,4.265236082598721,14.229417449487249,0.0])
(0.0,[9.04054347826087,0.748695652173913,-4.805434782608693,43.09820299808886,51.589958719541364,30.999908600095562,5.733962665406426,5.831294896030245,4.349503780718336,13.876196578567937,1.5359495E9])
(0.0,[9.020219780219783,0.41219780219780205,-4.35087912087912,40.93990884004883,53.21377733821733,31.21813921855921,5.3527206859075,5.843707281729261,4.213196473855818,13.953602592883302,0.0])
(0.0,[9.105652173913048,0.6763043478260868,-4.617282608695653,48.10458088867656,59.10355322503585,28.087424402771145,5.92873345935728,6.160467863894139,4.1994163516068035,14.269004888043403,0.0])
(0.0,[9.135888888888887,0.37800000000000017,-4.644,42.86428965043696,56.60817573033709,31.095093932584273,5.579444444444443,5.971022222222222,4.137200000000001,14.253595335644553,0.0])
(0.0,[8.85021739130435,0.6380434782608697,-5.383043478260868,41.64650764452937,57.097345580506456,29.443078547539418,5.38804347826087,5.843568052930055,3.9952362948960305,14.33543849920919,2.056031E9])
(0.0,[8.39022471910112,1.1265168539325838,-5.487415730337076,43.05651813074563,52.95885250255365,26.60410574565883,5.570314354248201,5.940727180911499,3.884910996086353,13.887485057339742,0.0])
(0.0,[8.22034090909091,0.9392045454545455,-5.513295454545456,42.89296195141065,54.87727407262279,22.683764877220476,5.582128099173554,6.036213842975206,3.7218569214876034,13.790218737997405,0.0])
(0.0,[8.74151162790697,0.6923255813953487,-5.034534883720931,35.46789062927496,49.4547851162791,24.305985075239402,4.951300703082748,5.613115197404001,3.895381287182261,13.5954095838304,0.0])
(0.0,[8.703846153846152,1.1215384615384616,-5.878131868131868,39.9658417094017,50.55785760683761,26.897215360195357,5.346711749788672,5.781690617075233,3.9813114358169313,14.25507027134859,1.10077E9])
(0.0,[8.423333333333334,0.32770114942528755,-5.450919540229886,33.38031317829457,58.39781558406843,24.95917821438118,4.787049808429118,5.970461091293435,3.8297899326198963,13.841949587827447,0.0])
(0.0,[8.307666666666668,0.772777777777778,-5.436333333333335,36.3198270786517,53.801622534332104,18.35317853932585,4.903874074074075,5.978358024691358,3.3220518518518514,13.568259759451957,3.21875E9])
(0.0,[8.603888888888887,0.6727777777777779,-6.076,38.846693695380786,54.4765820848939,22.395004044943814,5.262172839506172,5.940740740740743,3.6071555555555563,14.200424767733354,2.080139E9])
(0.0,[8.87172413793104,0.7257471264367815,-5.014482758620689,42.16570745789896,52.79626891205561,25.458955252606255,5.4519698771303995,5.797111903818206,3.6349028933808962,14.073404811558822,3.080078E9])
(0.0,[8.296111111111113,0.6335555555555556,-5.4234444444444465,36.23760605493132,52.764917553058666,18.26402508114856,4.893345679012346,5.884538271604936,3.3097358024691355,13.516006005829489,3.21875E9])
(0.0,[8.781222222222222,0.9570000000000002,-5.035666666666668,42.87384905118603,50.170827977528084,28.22692820224719,5.516056790123459,5.678888888888891,3.8749703703703706,14.032410819983385,1.02005E9])
(0.0,[8.412022471910113,0.6643820224719105,-5.3907865168539315,40.15167313585291,52.76556126149132,22.605677783452503,5.248110087110216,5.8054715313723,3.598323444009595,13.61593405541632,0.0])
(0.0,[9.099662921348314,0.661685393258427,-5.356516853932587,36.23753283963228,49.40433235444332,24.07391386618999,5.030483524807474,5.5863880823128405,3.742184067668224,13.929497183196103,0.0])
(0.0,[8.669887640449446,0.8146067415730338,-5.465280898876407,40.34523294177733,50.6953592185904,24.25975247701737,5.357419517737658,5.700820603459158,3.777237722509785,13.902554767571882,4.069977E9])
(0.0,[8.443820224719099,0.5673033707865173,-5.643483146067415,41.567339785495406,48.15205173646578,22.645316138917266,5.444868072213107,5.573763413710388,3.654308799394016,13.580192849091258,2.51001E9])
(0.0,[8.663604651162798,0.32406976744186056,-5.156976744186046,43.3409833242134,54.3740008891929,31.75977663474692,5.686673877771769,5.986730665224445,4.109675500270419,13.986202992342637,1.030152E9])
(0.0,[8.64781609195402,0.39252873563218393,-5.582068965517243,41.98926377973804,53.30223306602513,28.3506747393745,5.495563482626504,5.855090500726651,3.9482520808561206,14.070177371268441,1.0553745E9])
(0.0,[8.146111111111109,0.9886666666666666,-6.0024444444444445,38.51017459425718,50.87270157303371,20.476492833957543,5.177617283950619,5.820770370370372,3.52483950617284,13.749475447740265,0.0])
(0.0,[8.394943820224723,1.2662921348314602,-5.820786516853931,37.09117073544433,51.226034959142005,16.306230056179775,5.121300340866052,5.711056684762027,3.096904431258679,13.541768421404331,2.068573E9])
(0.0,[8.431704545454549,1.320113636363636,-5.54090909090909,39.768556831243465,49.42333217084638,24.06881985370951,5.434847623966942,5.715570764462808,3.5849586776859503,13.746974940259467,1.025032E9])
(0.0,[8.63720930232558,0.7139534883720932,-5.738953488372093,37.96423212038304,50.480372421340626,15.426682421340635,5.35254732287723,5.627674418604649,2.9785857220118994,13.629686877467346,1.0299783333333333E9])
(0.0,[8.277701149425292,0.9524137931034483,-5.8216091954022975,38.118173723603306,48.568737129109884,18.067613659449343,5.423580393711193,5.615259611573524,3.150178359096314,13.57900953300295,6.59996E8])
(0.0,[8.214545454545453,0.8643181818181821,-5.999999999999999,37.168599791013584,53.77234665621736,17.736126436781614,5.181384297520661,5.766461776859505,3.377954545454545,13.47931792492992,0.0])
(0.0,[7.8580459770114945,1.1811494252873562,-6.258390804597701,35.53049264902433,48.48452889601711,19.295339240844694,5.108867750033031,5.552099352622539,3.409287884793234,13.235799458879546,1.029938E9])
(0.0,[8.699302325581401,0.40755813953488385,-6.007441860465117,34.8829148016416,49.56361161422708,16.613263967168262,5.007506760411032,5.677330989724177,3.2010492157923203,13.643632131146669,7.10022E8])
(0.0,[8.666818181818185,0.22704545454545474,-5.714090909090909,37.43519895506792,53.43637277951931,17.97114399164055,5.1680165289256195,5.682071280991737,3.245898760330579,13.60863321285058,0.0])
(0.0,[8.596853932584272,0.6167415730337077,-6.037977528089887,39.38210362614915,52.568731307456595,14.510707226761998,5.28323948996339,5.718727433404873,2.9224517106425956,13.731545760946988,0.0])
(0.0,[9.018333333333333,0.29388888888888887,-5.625333333333334,38.55084325842697,49.160974594257176,23.318025168539325,5.214962962962963,5.653518518518518,3.668088888888891,13.945620520897696,0.0])
(0.0,[8.05077777777778,0.5714444444444444,-5.59488888888889,42.44947916354555,54.42074508114859,23.441380324594274,5.6917679012345666,5.774303703703706,3.804444444444444,13.498417002188809,2.079926E9])
(0.0,[8.303636363636366,0.8305681818181821,-5.546477272727274,41.90671306165099,49.46665369644722,20.30424836729363,5.6397933884297515,5.6297753099173535,3.425568181818183,13.447818890728952,0.0])
(0.0,[8.55307692307692,0.8180219780219781,-5.881868131868134,44.685799316239304,51.696911599511616,26.0035998046398,5.892020287404901,5.847629513343799,3.9320951575896617,13.862636461492121,0.0])
(0.0,[8.747333333333332,0.5366666666666664,-5.987888888888887,40.293756853932585,56.357173033707866,23.041189875156057,5.410637037037038,6.0094814814814805,3.7146493827160496,14.004906336846405,0.0])
(0.0,[8.810000000000002,0.29715909090909076,-5.455454545454547,47.48277931034482,55.2266573537095,20.66756300940439,5.889318181818181,5.993003615702481,3.616322314049586,14.028004929931145,1.029999E9])
(0.0,[8.362808988764042,0.8384269662921345,-5.768314606741573,43.934931792645564,49.69011340653728,23.732291445352406,5.675846484029792,5.549953288726171,3.8776972604469107,13.555644857611112,1.0299685E9])
(0.0,[8.284772727272728,0.9055681818181817,-5.542613636363636,40.14249649947753,46.636519213688594,22.771548262800422,5.50308367768595,5.531655475206611,3.5101136363636365,13.321641025248432,0.0])
(0.0,[8.45703296703297,1.4697802197802199,-5.497362637362638,50.658589987790016,46.82692217338218,22.813888522588524,6.224579157106629,5.668110131626613,3.7266803526144185,13.759487939985103,0.0])
(0.0,[8.196153846153848,0.9528571428571431,-5.741648351648353,48.50171726495727,54.89696507936505,26.58610058608059,6.105900253592561,6.095164835164837,4.022400676246829,13.960199212733608,0.0])
(0.0,[8.395111111111108,1.120333333333333,-4.871777777777776,43.21552639200999,55.30442573033707,28.328554107365793,5.692217283950619,5.83728148148148,4.063516049382716,13.544817589653094,0.0])
(0.0,[8.172777777777782,1.0581111111111106,-5.458666666666666,48.78152141073657,58.092876167290896,22.757611685393258,5.826950617283948,6.016970370370373,3.8806666666666665,13.764768411188498,2.070008E9])
(0.0,[8.37247191011236,0.8288764044943823,-4.72067415730337,43.041496092951995,56.91872826864149,23.397076813074566,5.558235071329377,5.918012877161974,3.6130715818709755,13.570632082948707,2.069152E9])
(0.0,[8.768965517241382,0.3483908045977009,-5.185172413793104,41.729786126704106,54.85832993851909,29.021211307137122,5.420451843043994,5.670786101202272,4.012231470471661,13.899482108325843,2.079895E9])
(0.0,[8.42055555555556,0.3297777777777778,-5.312333333333332,39.449283957553064,51.73529208489387,30.391472022471913,5.278222222222219,5.6741925925925925,4.230933333333333,13.743154563428758,1.580032E9])
(0.0,[8.372272727272728,0.3555681818181819,-5.401249999999998,45.843259143155684,57.50671691483804,23.88997198275861,5.803553719008261,6.028145661157024,3.7336363636363643,13.800038955188208,0.0])
(0.0,[8.091022727272724,0.3731818181818181,-6.192954545454547,38.80558170062695,51.27313228840126,24.408421055381403,5.224793388429754,5.885061983471076,3.8604958677685954,13.672911472892974,2.111451E9])
(0.0,[8.860795454545453,0.37556818181818175,-5.352386363636366,39.588264877220475,54.97864565047025,23.60808504440961,5.219586776859506,5.825191115702479,3.7664230371900826,13.88462554678475,1.089996E9])
(0.0,[8.166666666666664,1.763666666666667,-5.062111111111112,51.18051235955054,58.69909988764045,23.202724706616735,5.992222222222224,6.273325925925926,3.731795061728397,14.010674625276884,2.110015E9])
(0.0,[8.627222222222226,0.8136666666666669,-6.0281111111111105,38.65265848938827,56.279018988763994,17.81692560549313,5.215111111111108,6.12419259259259,3.234585185185185,14.134728265488654,0.0])
(0.0,[8.54113636363636,1.137272727272727,-6.135340909090911,40.20080788923719,55.51438557993732,23.159022870950885,5.389467975206611,6.014710743801653,3.763052685950413,14.188307887865324,1.090576E9])
(0.0,[8.306067415730338,0.6541573033707865,-5.72202247191011,40.13105594994893,57.134092747701736,24.496884499489273,5.306577452341876,6.038136598914279,3.726357783108193,13.864091768875104,0.0])
(0.0,[8.615833333333333,0.0628125000000001,-5.863854166666667,25.910489824561413,18.564039375,19.04249341008772,4.466753472222223,3.416953125,3.412282986111111,12.172661593316073,6.75064E8])
(0.0,[9.197857142857147,-0.2865476190476191,-5.350119047619047,15.559751979345958,18.360904804934027,14.59557468445209,3.059693877551021,3.1710714285714277,2.704623015873015,11.995476445465465,0.0])
(3.0,[4.068469387755101,7.648061224489793,-5.553163265306123,0.018794540290342894,0.0024838312644645732,0.042217725646959844,0.0845314452311535,0.036507705122865636,0.09247396917950812,10.292637768648975,0.0])
(3.0,[4.357319587628866,6.755463917525779,-6.416597938144329,0.057980240549828164,0.05611462628865945,0.1734185137457043,0.14466999681156348,0.1385885853969625,0.2282835582952496,10.298560045544288,0.0])
