(0.0,[2.1562626262626257,9.26686868686869,0.21717171717171718,14.03416037930323,9.858023768295197,8.435057225314367,2.917590041832466,2.4750066319763278,2.0897867564534227,10.520460214121746,0.0])
(0.0,[0.8898000000000003,9.649499999999996,-0.08159999999999998,8.601870666666668,15.82883106060606,13.830235797979798,2.2553720000000004,3.184449999999999,2.5220559999999996,10.547559672029438,1.1200356666666665E9])
(0.0,[0.9082828282828282,9.645252525252527,0.05313131313131306,10.228161306947017,17.128380292723154,15.62935029890744,2.3724007754310783,3.4365126007550253,2.846334047546169,10.660799530423727,1.159851E9])
(0.0,[0.9460999999999997,9.926900000000002,-7.999999999999952E-4,10.834957363636365,18.0929913030303,19.44706197979798,2.7388220000000003,3.455148,3.0683119999999997,11.137009924885524,8.4001925E8])
(0.0,[0.4832323232323233,9.93040404040404,-0.09242424242424238,9.214454751597609,17.816514120799834,17.128983858998144,2.411007040097949,3.4563677175798375,2.8675788184879094,10.981332445853552,7.89978E8])
(0.0,[0.026767676767676704,9.381414141414147,-0.5906060606060605,9.962346588332299,20.535989816532677,13.176666975881265,2.561381491684522,3.669335782063054,2.6632690541781447,10.494764552774683,5.940062E8])
(0.0,[-0.01747474747474751,9.41090909090909,0.05292929292929292,7.663576211090495,22.69322467532467,19.19270051535765,2.212806856443221,3.916712580348943,3.1218365472910934,10.588745948696413,1.2033183333333333E9])
(0.0,[-0.3524242424242423,9.413535353535359,-0.24333333333333346,9.465394063079774,25.380827169655756,17.541279591836734,2.4448790939700027,4.140077543107847,3.1002020202020204,10.710920271558177,6.24285E8])
(0.0,[-0.1775757575757576,9.79888888888889,0.0383838383838384,8.931608348794061,20.898256916099776,14.113527973613698,2.4966880930517297,3.768103254769921,2.6165676971737573,10.875053737150001,1.110016E9])
(0.0,[-0.20290000000000002,9.8498,0.07649999999999998,10.733487464646458,22.272858545454543,16.171580555555558,2.6339839999999994,3.7736080000000007,3.02697,11.126924017409527,7.479676E8])
(0.0,[-0.13888888888888898,9.862525252525252,0.04272727272727277,11.016752834467123,26.009678251906827,13.095309833024114,2.5540740740740735,4.164217936945208,2.489586776859504,10.94596981743859,7.700134E8])
(0.0,[-0.13838383838383853,9.641818181818183,-0.04777777777777785,7.249162667491244,20.116286456400744,16.567650113378686,2.199873482297724,3.723452708907255,2.91973063973064,10.698624176797068,1.5199586666666667E9])
(0.0,[0.11888888888888892,9.711717171717174,0.40858585858585855,6.477867120181405,20.591755184498055,19.83873267367553,2.0202918069584745,3.7636853382307924,2.925301499846954,10.667996712190515,8.23993E8])
(0.0,[-0.5203030303030303,9.850606060606056,-0.35636363636363616,8.315472356215212,20.783760853432273,15.447474397031543,2.3342271196816644,3.87998163452709,2.8589164370982543,10.967744415335368,1.1200053333333333E9])
(0.0,[-0.5814141414141419,9.753737373737378,0.1894949494949494,8.968642877757166,24.417907318078758,18.444733415790555,2.4786593204775027,4.080618304254668,3.0492459953066007,10.992294663234325,6.533203333333334E8])
(0.0,[-0.47673469387755096,9.630204081632654,-0.19846938775510198,7.324861392804545,17.657938102251215,13.84294711760993,2.196734693877552,3.340816326530612,2.4895501874219086,10.614827831201072,1.126709E9])
(0.0,[-0.2573469387755103,10.214591836734693,-0.09714285714285723,6.792320723753418,17.35253230591206,18.216134020618547,2.039537692628072,3.3989108704706372,2.6727113702623915,11.132767298224115,1.2533366666666667E9])
(0.0,[-0.17970000000000014,9.8525,-0.11069999999999997,6.888653444444443,15.850037121212122,15.35396617171717,2.0355000000000008,3.1220499999999993,2.4484760000000003,10.737447660091528,9.25003E8])
(0.0,[-0.5446938775510204,9.699897959183675,0.14469387755102042,5.984249905322956,17.815001020408157,18.75692413212707,1.9455476884631402,3.413163265306122,2.854064972927947,10.696328633513165,1.9100035E9])
(0.0,[-0.6226262626262625,9.820303030303029,0.2959595959595958,10.095182828282834,12.435505009276438,7.794579426922283,2.547958371594736,2.821928374655648,1.9707784919906135,10.627416902259833,5.333353333333333E8])
(0.0,[-0.6585858585858586,9.633333333333338,0.42020202020202013,7.695334714491855,19.749561224489796,16.005701999587714,2.2017447199265363,3.735151515151515,2.825538210386695,10.647079589547747,8.4738925E8])
(0.0,[-0.5205050505050505,10.167878787878788,0.13101010101010097,6.725784436198724,17.141592393320963,16.0594459080602,2.10028772574227,3.449617385981023,2.737710437710437,11.07193093945754,1.4266053333333333E9])
(0.0,[-0.7913131313131313,9.721515151515145,0.24020202020202022,6.813058462172751,18.442974211502786,17.754667305710157,2.130241812059994,3.4896418732782366,2.9301887562493634,10.776102053057565,7.400086E8])
(0.0,[-0.6918367346938777,9.981938775510201,0.07377551020408177,7.4972295813170655,18.637657027140754,16.115330959394058,2.2203165347771754,3.684183673469387,2.761566014160766,10.98278973508635,2.199921E9])
(0.0,[-0.6831313131313131,10.111313131313135,0.323838383838384,7.304025809111525,20.239636013193145,18.271346340960623,2.2298928680746877,3.6121559024589334,3.0546740128558305,11.18815376922402,6.000213333333334E8])
(0.0,[-0.8338000000000001,9.783599999999998,0.3525999999999999,6.259989454545455,18.530536404040408,17.41735074747475,2.0278280000000004,3.5502879999999997,2.945795999999999,10.79642601487201,5.45044E8])
(0.0,[-0.8727999999999999,9.7258,0.5523000000000002,6.409529454545455,19.984860969696967,20.665262333333335,2.0357439999999984,3.614084,3.23362,10.846737514280393,6.900176666666666E8])
(0.0,[-0.8914141414141418,10.004949494949498,0.48222222222222233,7.715079612451045,22.085639538239537,17.661152154195015,2.26610345883073,3.8637873686358546,3.148866442199776,11.163321779635995,8.879822E8])
(0.0,[-0.8726262626262623,9.693737373737376,0.36717171717171737,7.691674665017523,20.64493588950732,17.822334776334777,2.144311804917866,3.848117539026632,2.8392898683807775,10.799542202925775,7.508443333333334E8])
(0.0,[-1.3008080808080806,9.708080808080807,-0.09595959595959601,8.215352401566692,21.90722383013811,17.4015957534529,2.3805815733088456,3.9629956126925814,2.888576675849402,10.956998241272974,1.1249695E9])
(0.0,[-0.9439393939393937,9.903434343434348,0.36272727272727245,7.489717996289426,19.11124930942074,19.173948608534324,2.2096357514539333,3.5085950413223155,3.0330394857667584,11.02465266043076,1.1366576666666667E9])
(0.0,[-0.9138383838383839,9.93141414141414,-0.21181818181818174,6.225101443001441,18.72352451041023,14.002657884972171,2.0046546270788697,3.589307213549638,2.5932598714416906,10.853237948469411,7.349855E8])
(0.0,[-1.0366666666666664,9.869595959595962,-0.20272727272727276,6.812657142857146,15.291850855493704,13.435901669758808,1.933265993265993,3.233943475155596,2.4520293847566577,10.779205613643432,1.5455935E9])
(0.0,[-1.061122448979592,9.612448979591838,0.26785714285714274,6.846779139490849,20.976010435514407,16.426363402061853,1.9949770928779673,3.7449437734277384,2.9109620991253657,10.659091370432217,1.050003E9])
(0.0,[-0.6852525252525253,9.693131313131309,0.6137373737373734,7.86545784374356,23.26869519686664,16.512615481344053,2.0181491684521977,3.999236812570147,3.0478114478114477,10.838537916172543,7.359924E8])
(0.0,[-1.102424242424243,9.833434343434348,0.25404040404040407,7.795443042671614,20.777128901257473,18.74066105957534,2.287401285583105,3.784617896133048,2.943856749311294,10.98569239449088,6.840088E8])
(0.0,[-0.9445454545454546,10.112121212121213,0.45333333333333325,7.712880148423008,20.1704638218924,18.6072693877551,2.1634527089072546,3.730829507193143,2.9315151515151516,11.156196021469768,6.457214285714285E8])
(0.0,[-1.1426000000000003,9.752599999999996,0.2982000000000001,6.712716404040406,18.844162868686865,18.12062501010102,2.0618079999999996,3.5349560000000007,3.002444000000001,10.827441181427814,1.2749785E9])
(0.0,[-1.344646464646464,9.530303030303031,0.31777777777777777,7.904443496186356,20.043474397031538,17.111380725623583,2.1362228344046525,3.6195163758800124,3.0352861952861954,10.74749273670539,1.5200345E9])
(0.0,[-1.1210101010101006,9.835252525252523,0.41131313131313135,6.625605091733662,16.011770088641512,15.160503360131932,2.0446362616059583,3.227250280583613,2.680697887970616,10.813919419671882,9.4252775E8])
(0.0,[-1.3110101010101005,9.944141414141416,0.17080808080808085,8.833286724386722,18.636344918573485,16.582925870954444,2.4113845525966737,3.522887460463218,2.6783471074380154,11.032724563653478,9.3002325E8])
(0.0,[-1.4241836734693878,9.974183673469385,0.5980612244897959,6.61231530612245,19.502618398905945,20.882659088996427,2.070154102457309,3.6449666805497705,3.252003331945023,11.134770964914761,1.127533E9])
(0.0,[-1.6139000000000001,9.808799999999996,0.5966,7.7375028181818175,21.686849050505046,18.127006505050506,2.2360559999999996,3.8394240000000006,2.9659720000000007,11.00217130564567,4.8570471428571427E8])
(0.0,[-1.4215151515151512,9.871919191919188,0.25424242424242427,5.6199987012987025,20.212636075036073,16.115132838589975,1.9027119681665146,3.745209672482401,2.5778634833180294,10.836704584364607,6.719972E8])
(0.0,[-1.8132323232323233,9.811313131313131,0.4254545454545456,4.514346588332304,16.068042135642134,16.61254341372913,1.6171329456177936,3.2603958779716353,2.6931680440771357,10.796833517639904,1.1366473333333333E9])
(3.0,[1.3116494845360822,-0.001340206185567013,9.617835051546393,0.04644516752577319,0.009517976804123711,0.01037755584192421,0.17616324795408647,0.06862578382399832,0.06191518758635271,9.709835127137953,0.0])
(3.0,[1.1684693877551013,-0.04102040816326531,9.636632653061225,0.0021718598779717963,0.0013247212286976648,0.0012720492320639188,0.03972511453561015,0.025947521865889216,0.029962515618492655,9.707486991079081,0.0])
(3.0,[0.8661616161616162,-0.040707070707070706,9.707979797979796,0.037750422593279744,0.010941331684188826,0.012777509791795415,0.14898683807774704,0.07410672380369347,0.056173859810222986,9.7491867220151,0.0])
(3.0,[0.9144329896907213,-0.13278350515463916,9.689278350515458,0.002581185567010308,0.0013432130584192434,8.900987972509057E-4,0.03751089382506098,0.030704644489318728,0.024045063237327528,9.733440381519289,5.093702083333332E7])
(3.0,[0.8818181818181818,-0.14121212121212123,9.6920202020202,0.03040278293135437,0.030414842300556588,0.011081591424448532,0.1184573002754821,0.0968962350780533,0.06082032445668841,9.736245099818836,0.0])
(3.0,[0.8237113402061856,-0.226701030927835,9.70546391752577,0.0035339991408934704,0.0013015034364261162,8.542096219931348E-4,0.04901052184079072,0.026068657668190054,0.01999149750239158,9.743242431133945,5.1353770833333336E7])
(3.0,[0.7748484848484848,-0.2535353535353534,9.702525252525254,0.0055803339517625315,0.0013985982271696553,0.0011415172129457894,0.05791857973676155,0.030284664830119393,0.02321191715131173,9.737075478291091,5.030635714285715E7])
(2.0,[-1.4122448979591833,9.779693877551026,0.7408163265306122,0.09775779507679364,0.005285472333263114,0.1158797391121397,0.2592544773011244,0.059483548521449686,0.291057892544773,9.919399331950395,5.072147422680413E7])
(2.0,[-1.14704081632653,9.763469387755105,1.0217346938775511,0.027612802440563848,0.010276499053229447,0.09571551651588475,0.1205185339441898,0.07857142857142851,0.2480445647646813,9.889792614783886,1.149963E9])
(2.0,[-1.3683838383838391,9.78939393939394,0.7773737373737373,0.007850422593279723,0.0014424860853432108,0.005601195629767061,0.07213141516171799,0.030511172329354425,0.060112233445566786,9.915746384613321,5.040787755102041E7])
(2.0,[-1.3574736842105262,9.788421052631579,0.8186315789473683,0.006691422172452398,0.0014304591265397657,0.0060140649496080644,0.06723324099722984,0.03072576177285343,0.06577506925207756,9.916571055297258,5.255386170212767E7])
(2.0,[-1.4301010101010097,9.805858585858587,0.6640404040404038,0.009821418264275432,0.0018592042877757118,0.0063896310039167105,0.07324558718498109,0.03225793286399342,0.06173859810223446,9.932607903406014,5.030666326530612E7])
(2.0,[-1.4858585858585855,9.802424242424243,0.6295959595959595,0.0618224695938982,0.0034940630797774225,0.05242636569779427,0.2006448321599837,0.04392408937863506,0.1894663809815325,9.940029617482192,0.0])
(2.0,[-1.490833333333334,9.776354166666664,0.7255208333333334,0.02442035087719299,0.006880252192982492,0.03697025219298242,0.11244791666666654,0.05078559027777791,0.14534939236111108,9.919019291063986,0.0])
(2.0,[-1.4418999999999997,9.803499999999994,0.6739,0.017268070707070707,0.0028714646464646906,0.011005848484848488,0.10441399999999999,0.03779000000000178,0.08309999999999997,9.933245196585503,4.999950505050505E7])
(0.0,[-0.27867346938775517,10.246530612244898,-1.5334009697551017,16.121384820113622,29.231633200084158,18.129038775178877,3.4472719700124936,4.325810079133694,3.081860359244482,12.272725399650652,1.090004E9])
(0.0,[1.2006060606060611,10.109898989898996,-1.7630783468686868,21.17654860853432,25.95488468357039,16.623167945616085,3.887505356596266,4.051017243138456,2.860181287444139,12.290594672869508,8.1501775E8])
(0.0,[2.0921428571428566,10.197040816326528,-1.8323537000612247,22.83884793814433,21.541845792131284,16.995798481112985,3.9345043731778424,3.619670970428987,2.843413495850895,12.293977850340198,9.0251175E8])
(0.0,[2.095319148936171,10.035212765957448,-1.5241748780851063,25.422352047586365,25.49070694349119,16.685804132074253,3.9661973743775443,4.036591217745586,3.017736332494342,12.184839799054958,5.431365E8])
(0.0,[2.001200000000001,9.966200000000002,-1.4524738940000004,22.24346521212121,26.078401575757574,14.517680563780448,3.8908959999999997,4.076007999999998,2.7696268910799997,12.059867427555403,8.719972E8])
(0.0,[2.151818181818181,10.063535353535357,-1.5333209584242424,23.612445640074206,21.115749618635327,14.981464733681053,3.928943985307622,3.6913661871237613,2.7666941160624425,12.105237599241978,5.433248333333334E8])
(0.0,[2.008877551020408,10.022755102040813,-1.4700246747959185,24.916614191037244,24.680251094045868,17.480824117471386,3.9392399000416507,3.9712140774677223,3.0728576599146185,12.213892261579067,8.1497175E8])
(0.0,[2.411530612244898,10.18724489795918,-1.7446553803061224,23.052973921733628,24.467426351777824,15.241946311669812,3.9105414410662216,3.9480258225739266,2.770072974795917,12.320917649269054,5.499063333333334E8])
(0.0,[1.9960606060606056,9.874646464646464,-1.4580651114141414,26.378103710575136,24.712982271696546,16.434565579529025,4.140673400673399,4.028235894296501,2.802220125789204,12.062794276804613,8.200012E8])
(0.0,[2.4538383838383844,10.236161616161613,-1.4503606652929293,20.88992593279736,23.934225932797368,14.239160166933303,3.7516151413121106,3.842726252423223,2.7221100770305067,12.325014988596967,1.0922165E9])
(0.0,[2.231111111111111,10.130101010101008,-1.3920270656565656,23.3388977324263,23.875901010101007,16.756900389044972,3.8664197530864204,3.906356494235283,3.022861153310887,12.295349565409635,1.450053E9])
(0.0,[2.3563,9.944799999999994,-1.4793059718599997,25.686177080808104,24.10743329292929,16.324748242388356,4.1296259999999965,3.9773120000000004,2.9330220243911995,12.133441855704964,4.400909E8])
(0.0,[2.343571428571429,9.965714285714292,-1.6507027922448978,25.9773469072165,22.45021443298969,17.010151652926677,4.195422740524783,3.733119533527695,2.912839844806331,12.206348367068575,5.2142342857142854E8])
(0.0,[2.3582828282828285,10.160101010101005,-1.248256731818182,20.52372049062049,21.003560193774476,17.682252091752606,3.70277318640955,3.6212998673604737,2.8820689149678604,12.195830054047226,8.82013E8])
(0.0,[2.307142857142857,10.031632653061221,-1.525478929591837,23.116783505154633,23.27523854407742,15.576785070455712,3.796618075801749,3.944627238650563,2.787445855976676,12.13913819408661,4.78568E8])
(0.0,[2.4373737373737363,10.108383838383832,-1.247706390707071,22.925042011956297,22.542603483817764,16.13433018209211,3.7852157943067044,3.8256014692378333,2.7813775717539024,12.135214369480458,7.349903333333334E8])
(0.0,[2.2685567010309278,10.204123711340204,-1.429434446041238,20.675974978522333,20.529328651202743,14.210194117689248,3.5866404506323732,3.6326070783292583,2.52723243788713,12.102297334281333,1.6599885E9])
(0.0,[2.4021,10.098199999999999,-1.1476504963999996,25.015841,22.407166424242433,15.889141708452613,4.083341999999998,3.7269279999999982,2.7427839019599984,12.21043738009166,9.620056E8])
(0.0,[2.2792999999999988,9.916199999999996,-1.3194030914000001,22.939861121212115,22.753908646464645,14.718534139219132,3.9592860000000023,3.684980000000001,2.6428377843199993,12.056004978177596,1.100006E9])
(0.0,[2.23949494949495,9.734848484848486,-1.3639608869696969,27.872531374974244,28.372784415584423,18.7671357059013,4.3774492398734814,4.108344046525865,3.1096277841750855,12.311388742410776,6.299831428571428E8])
(0.0,[2.2473737373737377,10.099090909090913,-1.3693264760202029,21.360995073180785,23.13540018552875,14.989120520957304,3.7912764003673107,3.8600183654729108,2.658862522078155,12.13762787424682,9.124985E8])
(0.0,[2.3582653061224494,9.976122448979593,-1.5839908407142858,22.78159592888702,21.719120892068155,16.43758944023076,3.7245564348188265,3.7815868388171605,2.8162777726676387,12.08039199156891,6.116486666666666E8])
(0.0,[2.273939393939393,10.00878787878788,-1.3255762453939395,23.578185343228192,24.43623729128015,17.657486162807622,3.8274502601775335,4.036651362105907,2.8951903668270598,12.149464823757821,6.399841428571428E8])
(0.0,[2.3106122448979587,10.160306122448976,-1.3504991890408158,21.1979872501578,20.34912877130234,13.209242904744467,3.583544356518119,3.637003331945024,2.6193953798717198,12.041273157950883,1.100052E9])
(0.0,[2.530808080808081,9.809595959595956,-1.3437367416161614,26.59848709544424,23.602024324881462,18.13482601170823,4.271119273543516,3.9436404448525644,3.0770757168941953,12.152225739835128,1.65007E9])
(0.0,[2.4272448979591843,9.936224489795915,-1.3126957644897965,27.749937691984012,23.00574539238376,17.87679174268495,4.338877551020409,3.8513536026655553,2.9776400133277807,12.201112574634628,6.083375E8])
(0.0,[2.725510204081633,9.986224489795916,-1.25612959044898,29.951798190616447,22.52718250578583,22.227210867441414,4.657938359017076,3.814872969596003,3.3112534558134112,12.657953062956624,8.822022E8])
(0.0,[2.3648979591836725,9.733367346938776,-1.484478910918367,29.79886029875869,28.448272049232063,19.34547228205784,4.562753019575177,4.293365264473136,3.251530393644315,12.452162504192312,6.143451428571429E8])
(0.0,[2.400000000000001,9.915816326530617,-1.4607128206530613,24.28255463917527,24.154754481380166,13.281691426605505,4.023469387755102,3.779133694294044,2.657573191525199,12.17270412821051,8.098694E8])
(0.0,[2.282040816326531,9.86,-1.3117228680204087,25.243257647801403,22.333072164948447,17.294216740904673,4.003265306122451,3.7887755102040823,2.9532272172794665,12.129784278767712,1.00978075E9])
(0.0,[2.7442000000000015,9.9789,-1.3037396755999997,25.64729531313132,23.80600180808082,16.101078779815047,4.202548,3.8013000000000017,2.941788066303999,12.352509071580588,1.104721E9])
(0.0,[2.1466326530612245,9.729285714285718,-1.1953940111224495,24.890476172943405,25.16022731958762,14.945918350841318,3.923161182840484,3.989941690962099,2.7801109460183255,11.813035308064688,6.866911666666666E8])
(0.0,[2.559191919191918,10.041919191919193,-1.2903559764646464,24.67722587095444,21.983280972995253,11.311422879098581,4.000516273849606,3.604526068768493,2.56193446691154,12.051162588549804,7.332661666666666E8])
(0.0,[2.294141414141414,9.826464646464647,-1.2990234719191922,26.61921430632859,22.485498598227167,14.628104454742225,4.028913376186104,3.7831792674216924,2.762269346283032,11.982728407776992,8.29712E8])
(0.0,[2.534489795918367,10.047346938775505,-1.225553328469388,24.54623942772985,20.845778455712182,14.414079771134181,4.151041232819658,3.572911286963765,2.7305138234443977,12.178637506945286,1.11747725E9])
(0.0,[2.297474747474747,9.863131313131314,-1.2854031072323235,26.502208864151715,24.56671764584621,15.19469023976455,4.219167431894704,4.055018875624936,2.7596205890672385,12.025766258155468,1.120402E9])
(0.0,[2.4916,9.943600000000005,-1.3042844918400005,22.895498424242437,20.799576808080815,13.331439425635619,3.849095999999999,3.5293839999999994,2.6498113977920004,12.025882136010942,1.100006E9])
(0.0,[2.3668686868686875,9.80070707070707,-1.1900606924646466,20.47743805400948,21.839451535765832,15.681387969808632,3.7652464034282227,3.749531680440771,2.746963314336497,11.89904879861639,9.8750325E8])
(0.0,[2.3666,9.766000000000002,-1.3128653214600006,24.41184084848485,23.635575757575758,13.888984752042713,4.055464000000002,3.7357599999999995,2.6998226046772,11.948471552571295,7.366688333333334E8])
(0.0,[2.3873737373737365,9.70808080808081,-1.5809233705454546,30.67469711399711,24.644121789321797,19.687929105716734,4.711137639016424,4.017859402101826,3.1170459432433417,12.353075878405555,7.28129E8])
(0.0,[2.467857142857142,9.779183673469392,-1.328122886632653,29.04215515463916,26.850547780349267,17.67347088949706,4.417653061224491,4.129454394002497,3.1742160479300288,12.376098946138733,8.70215E8])
(0.0,[2.6112121212121226,10.060505050505046,-1.2221166474747474,24.303969944341375,21.354747701504856,13.574420552377866,3.89400061218243,3.590802979287828,2.675391513110907,12.089147517130998,7.333933333333334E8])
(0.0,[2.3129591836734704,9.852959183673466,-1.2936550772448985,27.116157132337484,22.373804555017877,14.431781883325643,4.2036089129529355,3.7204498125780927,2.8150382594044148,12.086796649839249,8.500063333333334E8])
(0.0,[2.5244444444444447,10.039696969696966,-1.2199153902626263,23.431586167800454,21.53661113172542,13.640423205443055,3.968350168350169,3.682540557086012,2.658048181499847,12.058276076783349,9.249725E8])
(0.0,[2.2706122448979604,9.811020408163264,-1.3021330276938772,26.534966631601083,24.3483309067957,14.74812240860916,4.159591836734695,3.960162432319867,2.739045684456476,11.99831139962369,1.1066586666666667E9])
(0.0,[2.618181818181819,9.922020202020205,-1.238351007070707,21.13077421150277,21.704504040404032,14.036966392396877,3.77072543617998,3.6398571574329144,2.6324222943169073,12.063642751597529,8.799926E8])
(0.0,[2.2897999999999996,9.774400000000002,-1.295022671,22.16141208080808,21.758630949494943,15.525508831606325,3.902600000000001,3.7237599999999995,2.7301169908,11.892848304149824,8.17482E8])
(0.0,[2.112626262626262,9.727474747474743,-1.3193851816161615,27.514960379303254,27.05312314986601,15.26548871919258,4.219430670339764,4.129117436996226,2.8728969758187928,12.117702617740507,8.139832E8])
(0.0,[2.5826530612244896,10.13704081632653,-1.3591161301428576,25.159407321691575,20.975460225120976,13.971911186683398,4.031062057476054,3.5507975843398594,2.624934851069971,12.208704475821767,8.3998875E8])
(0.0,[2.1165979381443307,9.65979381443299,-1.4346298394845358,27.939862263745695,26.067572873711338,17.365925382446125,4.243432883409502,4.005788075247102,2.9647975041109564,11.995220511448967,6.85252E8])
(0.0,[2.764949494949495,10.037171717171722,-1.3056272968282832,24.59961708925995,22.11681436817151,15.676478544037407,3.919851035608611,3.658557290072441,2.830022252137128,12.150053483950767,5.525055E8])
(0.0,[2.1804081632653074,9.668265306122446,-1.2625228114285714,26.773416326530626,24.227422733010734,16.607490666963827,4.114089962515618,3.8687088713036233,2.9003796118367355,11.852755387682839,6.801555E8])
(0.0,[2.558484848484849,9.916767676767678,-1.255273251151515,22.185908905380337,25.08156291486293,14.253241885329635,3.7548637894092445,3.8564677073767992,2.662100516855833,12.0380231293296,6.29861E8])
(0.0,[1.777575757575758,9.804242424242426,-0.6199322199999997,13.670881439393941,9.690556439393939,12.363052333799578,2.721744719926538,2.323067033976126,2.4109891963636363,11.111633798792338,0.0])
(0.0,[2.3943434343434347,9.875656565656568,-1.5064930264040408,25.453473799216663,22.381877880849313,14.84377055177762,4.011282522191613,3.6774920926436074,2.7083521535471884,12.054589145953162,7.359862E8])
(0.0,[2.0797959183673465,9.791632653061223,-1.1133939392244898,20.467756658952243,20.241537513149595,13.95440859851269,3.5016326530612236,3.410270720533112,2.649724933963348,11.63771343081646,7.1466825E8])
(0.0,[-2.0426262626262632,9.8989898989899,-1.2291332130303025,19.159362420119564,29.98845203050917,17.01613499089707,3.5105744311804923,4.543707784919906,2.949265938794,12.09392890534235,1.064995E9])
(0.0,[-2.0975510204081633,9.813469387755099,-1.0405667502040818,16.535688786029876,27.47417752998106,22.22566630105167,3.4279050395668476,4.360062473969176,3.370482969162849,12.07479249914301,1.1666566666666667E9])
(0.0,[-2.4255102040816325,9.520816326530612,-1.3770449473061221,20.31534252051336,34.27356427519462,18.585929400255782,3.665876718034152,5.014235735110372,3.26448706129696,12.114662694973592,1.409963E9])
(0.0,[-2.180808080808081,9.490707070707073,-1.1560786074747473,17.898266687280977,31.406198474541327,20.97110625302803,3.4987633914906637,4.6338312417100305,3.3551915250280593,11.94984502224339,8.800125E8])
(0.0,[-2.2479797979797973,9.789393939393939,-1.12209651060606,18.792142815914247,33.54868942486085,18.660650167425423,3.6053953678196113,5.012188552188552,3.2669907029384757,12.188642783990492,1.0733336666666666E9])
(0.0,[-2.3065656565656556,10.013030303030305,-1.1508505924848482,22.820971758400322,30.568139703154007,17.0469050585061,3.900173451688605,4.6809366391184595,3.018561438197734,12.379096100481306,9.00009E8])
(0.0,[-2.249183673469388,9.601632653061225,-1.1531431013265312,20.205422007153384,28.358582873974335,20.51492648125636,3.614981257809247,4.335680966264059,3.143574529069137,11.987036168158545,7.100066666666666E8])
(0.0,[-2.263131313131314,9.353939393939394,-1.2251433947878787,23.974936013193155,35.8871547309833,19.278497416046893,3.9863952657892052,4.9667278849097025,3.408299914671564,12.062948434383003,7.599895E8])
(0.0,[-2.418541666666666,9.383333333333331,-1.1941923654166664,18.645816798245612,34.54066666666666,19.41030632431852,3.5633940972222224,4.969027777777779,3.21802289796007,12.077478561557623,1.053345E9])
(0.0,[-2.2623999999999995,9.821099999999998,-1.23890683238,23.297297212121194,33.845207868686856,18.434179393094123,3.949359999999999,4.947190000000001,3.1896675043819993,12.358478883312461,1.242485E9])
(0.0,[-2.446224489795919,9.292857142857137,-1.258075391938776,21.302062918156953,34.46946185567011,20.243894621700566,3.769466888796335,4.847667638483966,3.390269623827572,12.145304472718198,7.040162E8])
(0.0,[-2.2878999999999983,9.765799999999993,-0.9235957664000002,22.301515747474742,29.91825894949494,17.801598775045093,3.8529840000000006,4.477252,3.161457039632,12.19468482753507,1.0675355E9])
(0.0,[-2.5739393939393946,9.418787878787878,-1.1486493084444445,18.764777179962888,33.23480463821893,20.34180466322966,3.5978818487909394,4.873621059075604,3.2533828769741855,12.005051959983653,1.0833333333333333E9])
(0.0,[-2.330103092783505,9.79536082474227,-1.1314717907216487,16.508588530927838,30.26912721219931,19.04255118592369,3.366083537039004,4.621961951323202,3.170079820448507,12.125191941657633,8.599916E8])
(0.0,[-2.2693939393939395,9.605151515151523,-1.1244353731919188,19.195573098330243,32.57247012987011,19.748092366349674,3.694539332721151,4.681548821548824,3.127176786820937,12.180828229852677,9.949875E8])
(0.0,[-2.6571134020618565,9.294432989690723,-1.2776447739587633,22.810310330756007,36.220231185566995,19.92050119220981,3.8144946327983846,5.059600382612391,3.3944066218208104,12.133550902873454,1.3200176666666667E9])
(0.0,[-2.3445263157894733,9.423052631578953,-1.5045466335789472,20.806156954087353,33.82600653975365,18.086520253037865,3.814583933518005,4.72192132963989,3.3336423646537394,12.167482932255618,1.074982E9])
(0.0,[-2.3569696969696965,9.900202020202018,-1.3569443358181814,17.939705009276427,31.67901016285303,19.446149054342598,3.581707988980716,4.6607815529027645,3.2548670257226817,12.417258681765436,6.085728571428572E8])
(0.0,[-2.716161616161617,9.436666666666664,-1.3118183248484845,19.600813687899386,33.759832653061224,19.835982136905585,3.617163554739312,4.784377104377105,3.2020616016896244,12.121447957424458,1.4233193333333333E9])
(0.0,[-2.365656565656567,9.399898989898992,-1.1494748135353536,23.160669717584007,32.21089488765203,18.093659700181686,3.8861789613304776,4.559502091623303,3.0327807725660647,12.016256800822857,7.183328333333334E8])
(0.0,[-2.190707070707071,9.690202020202026,-1.0424381743838385,21.146669903112763,31.03208363224078,18.972125943703976,3.795216814610752,4.631896745230077,3.3223086693341495,12.112329482962835,1.169983E9])
(0.0,[-2.3615306122448985,9.213061224489794,-1.3017160603469387,24.050167736166635,36.154691563223224,17.72593498213477,3.977998750520615,4.996405664306539,3.2119798033052893,11.968003068156557,7.0E8])
(0.0,[-2.3507999999999996,9.490799999999998,-1.2379534175600007,19.283738747474747,31.61214884848486,19.903981307896192,3.454032,4.6275520000000006,3.157210208683999,12.00923535501336,6.01423E8])
(0.0,[-2.2677777777777774,9.61818181818182,-1.1881345752929289,21.02885011337868,31.686417068645632,17.01479396840753,3.737912457912458,4.631349862258953,3.1292085219263335,12.153157908168884,1.1866656666666667E9])
(0.0,[-2.365612244897959,9.346020408163263,-1.3296516948571429,19.92897951819903,31.952603587208074,18.255110131694995,3.606199500208246,4.707080383173678,2.985675532408164,11.919402979581342,9.8999025E8])
(0.0,[-2.473434343434344,9.562323232323232,-1.1511257436767675,21.100918697175846,35.25382822098536,17.668153664461137,3.71275584124069,4.835849403122131,3.23152861244771,12.208583879261953,9.199952E8])
(0.0,[-2.3724242424242434,9.4640404040404,-1.2368376301212125,22.382343042671614,33.678344733044746,14.795434695502742,3.8704805632078356,4.703754718906237,2.9912540623091535,12.028292175914023,8.7499225E8])
(0.0,[-2.2951020408163263,9.775714285714283,-1.4562653492244904,22.10002524721229,29.91504742268041,18.182622106501334,3.7937734277384423,4.468454810495628,3.130456222204083,12.31125841080692,5.571464285714285E8])
(0.0,[-2.590918367346939,9.854387755102042,-1.3049127241224496,22.16390327161792,30.741808384178423,17.420110413177813,4.022457309454392,4.621401499375258,3.110859600367348,12.421434510804628,1.056661E9])
(0.0,[-2.247938144329897,9.321546391752577,-1.0751649781855672,22.406087371134017,33.297754875429554,18.799770281151275,3.850379423955788,4.768445105749816,3.132723406444043,11.98823847821694,8.75038E8])
(0.0,[-2.543163265306121,9.628673469387751,-1.2142956786530616,23.107430096780984,32.33352296444351,20.316176649778853,3.9160953769262807,4.764850062473972,3.3523697911703465,12.317933948125987,1.13249975E9])
(0.0,[-2.1095918367346926,9.533061224489792,-1.2102651753061227,24.904682305912047,30.41495341889332,17.951691395546344,4.025127030403996,4.568163265306125,3.099562264452313,12.082117603208859,9.749985E8])
(0.0,[-2.3714141414141428,9.661313131313134,-1.2311968984646469,20.731012265512266,29.87288091115235,17.584836667370986,3.685007652280379,4.544452606876851,3.0469639327709417,12.072136561473167,9.6999375E8])
(0.0,[-2.3330303030303017,9.678686868686867,-1.0092815282222223,21.062584601113166,29.55611764584622,17.879696516634407,3.677361493725131,4.415143352719113,3.0783208898540977,12.000338851069884,8.460022E8])
(0.0,[-2.430612244897959,9.902959183673469,-1.2708618422040816,22.360774879023772,29.272371565327166,17.58502627488384,3.9330237401082866,4.471289046230734,3.1688383062324026,12.418633546774133,8.87497E8])
(0.0,[-2.408247422680412,9.398041237113404,-1.4214307132164943,22.751625021477647,28.603499248281796,16.754373024963083,3.810708895738124,4.347998724625358,2.9281996020520773,11.929826484031372,7.05032E8])
(0.0,[-2.3503125000000007,9.611875000000007,-1.1289281844791672,23.587451480263166,31.005796447368414,20.609009073847357,3.9263476562499995,4.598046875,3.355668839407552,12.232681100216945,1.06997675E9])
(0.0,[-2.375151515151515,9.69626262626263,-1.356394021575758,20.644643599257883,29.119962420119553,16.632575810647232,3.8285338230792787,4.532031425364757,2.969060721917355,12.14189555630477,1.1666766666666667E9])
(0.0,[-2.6567676767676756,9.537777777777784,-1.2794872054545456,21.914022098536382,31.87906031746032,21.07050966218546,3.8959208244056733,4.6124354657687965,3.2852428684664843,12.334361422271009,1.0599825E9])
(0.0,[-2.3724489795918378,9.549897959183669,-1.277533024755102,20.840647548916476,32.26550617504733,17.3798533197546,3.6616867971678473,4.490730945439404,3.1481382900558095,12.161563714005245,1.08002475E9])
(0.0,[-2.078686868686869,9.512626262626263,-1.10077175569697,22.63034009482582,29.234697113997115,20.624240678875378,3.9730435669829616,4.382387511478419,3.4093893888497093,12.134976824165802,6.399964E8])
(0.0,[-2.2837373737373747,9.664242424242428,-1.2320223570707063,19.552256297670592,29.783561410018557,17.713861229983298,3.6033976124885227,4.457508417508418,3.1063648127742067,12.07794077738088,1.0949935E9])
(0.0,[-2.1537113402061863,9.725876288659794,-1.2394516586597941,21.6635902491409,25.93848698453608,16.404319520073688,3.7056350302901473,4.064045063237328,2.974009968530132,11.996526941505016,7.200074E8])
(0.0,[-2.463837209302325,9.538488372093024,-1.2464201880232564,21.95061686730506,27.387076511627903,19.57471549791379,3.7336587344510552,4.210919415900487,3.1819165412763653,12.02055101490231,1.4266766666666667E9])
(0.0,[-2.1715306122448963,9.503367346938779,-1.1734346561224487,22.27361928255839,28.017793698716584,18.62620256944316,3.777230320699708,4.269829237817574,3.1658345673677637,11.97169330836005,8.00006E8])
(3.0,[7.701546391752577,-1.9669072164948458,4.602061855670103,0.0012215420962199462,6.653350515463944E-4,0.00102903780068731,0.026259963864384908,0.022599638643851686,0.023381868423849594,9.184961668864261,5.212758510638298E7])
(3.0,[8.078437500000001,-2.3909375,3.945,0.00723858552631585,0.0058927960526316,0.005509473684210504,0.05884114583333299,0.054798177083333406,0.058020833333333306,9.303461900356563,0.0])
(3.0,[8.129789473684212,-2.367263157894738,3.9403157894736838,0.0025978275475924224,7.605151175812106E-4,0.002190324748040297,0.04015069252077634,0.02119889196675877,0.036219390581717636,9.3395467917256,5.180845744680851E7])
(3.0,[8.168484848484852,-2.305656565656564,3.983232323232323,0.005523191094619665,0.0068411461554319175,0.006103731189445513,0.05756963575145408,0.058451178451178025,0.06119171513110896,9.376603274775858,0.0])
(3.0,[8.168842105263154,-2.363263157894737,4.0790526315789455,7.890705487122032E-4,6.051959686450172E-4,0.0012341993281075043,0.02267479224376598,0.01931523545706376,0.029147922437673123,9.431618280098863,5.266003191489363E7])
(3.0,[8.172747252747254,-2.37,4.088131868131868,8.490354090354556E-4,4.6666666666667084E-4,9.064713064712988E-4,0.02511773940345356,0.01318681318681325,0.0251563820794589,9.44060233420476,5.4110722222222246E7])
(3.0,[8.164123711340205,-2.391134020618556,4.1719587628865975,8.494845360824721E-4,7.372422680412399E-4,9.034149484536234E-4,0.021621851418853453,0.0239621638856415,0.023726219577000846,9.475101122132717,5.156231249999999E7])
