(1.0,[3.3809183673469394,-6.880102040816324,0.8790816326530612,50.08965378708187,84.13105050494424,20.304453787081833,5.930491461890875,7.544194085797583,3.519248229904206,12.968485972481643,7.50031E8])
(1.0,[3.7959139784946228,-7.083440860215054,0.7639784946236563,48.79316355773726,84.84336846657315,25.6733394343151,5.968821829113192,7.712940224303387,3.9231171233668625,13.462507745050477,0.0])
(1.0,[3.1162499999999995,-6.841562499999997,0.5215625000000002,44.46827421052633,87.33448279605264,19.478192269736834,5.560963541666666,7.833020833333332,3.499947916666666,12.919005711056764,1.900009E9])
(1.0,[4.208854166666667,-7.0387499999999985,0.8573958333333331,52.32344604166666,80.43387631578945,25.947971041666662,6.231770833333331,7.136796874999999,3.984778645833333,13.748396783310215,0.0])
(1.0,[4.074747474747471,-6.86858585858586,0.8350505050505048,48.45002519068233,82.57807349000208,27.009490558647688,5.831674318947049,7.309190898887867,4.011270278543006,13.485940571799505,0.0])
(1.0,[2.017857142857143,-7.167448979591838,0.36193877551020415,33.128198453608235,93.71777383757626,26.667772491058283,5.052959183673473,8.20040191586839,4.011155768429822,13.199880880835321,1.514969E9])
(1.0,[2.2362244897959185,-7.54673469387755,0.5973469387755106,32.58380930990952,90.6163747948664,17.300543404165794,4.926351520199916,8.205039566847143,3.216747188671386,12.800221234577469,1.1399995E9])
(1.0,[3.464693877551021,-7.135306122448977,0.578265306122449,36.166105575426045,88.00540454449825,28.01434025878393,5.267755102040815,7.920191586838816,4.038735943356936,13.406424499993724,7.6001E8])
(1.0,[2.3525773195876307,-7.106082474226802,0.43896907216494846,40.51950891323024,82.72572407646048,26.316380176116837,5.417096397066638,7.548995642469974,3.889225209905411,12.926539764644268,0.0])
(1.0,[3.659175257731957,-7.295051546391754,0.6782474226804127,43.757838896048106,82.0899585910653,28.592891688144324,5.743977043256458,7.523245828462111,4.181141460303962,13.658747153485493,0.0])
(1.0,[2.802291666666667,-7.011354166666667,0.6573958333333335,40.856487324561414,81.56642446271928,23.09724262061405,5.391154513888888,7.66195095486111,3.8245160590277782,12.849087404091643,0.0])
(1.0,[2.7558762886597923,-7.594020618556701,0.5703092783505153,38.90914740120275,81.98131804123709,26.71064469501717,5.422382824954831,7.752020405994262,3.943843128919119,13.331627488019189,0.0])
(1.0,[3.7707216494845373,-7.323814432989688,0.7755670103092781,46.56773801546393,82.95147800687283,31.880931185567004,5.940935274736953,7.3728472738867055,4.3516505473482825,13.84923563579683,0.0])
(1.0,[3.6991578947368424,-6.650105263157894,0.5881052631578945,47.45732055991041,82.81800105263157,26.152832541993295,5.77328975069252,7.509360664819944,4.050295844875347,13.325798209242942,2.189942E9])
(1.0,[4.671170212765958,-6.535744680851065,0.8275531914893617,52.28638033630748,78.68553868679936,25.79726169068864,6.017829334540518,7.224708012675419,3.9747827071072876,13.592043088241827,0.0])
(1.0,[5.081041666666666,-6.587604166666667,1.3719791666666667,53.32551890350877,80.49725209429822,35.50361183114033,6.205768229166667,7.299837239583334,4.635772569444445,14.137493838875566,1.094986E9])
(1.0,[8.036868686868692,-3.7515151515151497,0.5022222222222223,82.50048091115237,72.27223543599254,29.648264399092966,8.104866850321395,7.203942454851546,4.123322109988776,14.842929276117104,0.0])
(1.0,[8.14208333333334,-2.478333333333334,1.001875,82.29605456140354,47.778647719298235,37.57984065789473,7.979670138888892,5.82940972222222,4.643398437500002,14.385496803563587,2.130005E9])
(1.0,[8.125000000000004,-0.6744999999999999,1.0584,90.88054040404039,51.32539267676766,28.872811555555565,8.354399999999998,6.1472299999999995,4.113800000000001,14.19301652731731,7.50031E8])
(1.0,[7.868181818181819,0.3735353535353535,0.8951515151515155,89.55369666048237,50.68463329210474,36.889082374768094,8.14754820936639,6.0142781348841945,4.4876584022038575,14.379715511749472,1.490021E9])
(1.0,[8.49777777777778,0.4924242424242425,0.5274747474747473,85.67940725623583,52.86356141001855,39.69668029272315,7.911739618406286,6.063556779920416,4.724719926538107,14.842030021187924,1.1349945E9])
(1.0,[8.416020408163266,1.3447959183673466,1.029285714285714,91.50172523669265,64.06427676204503,29.72144175257733,8.189612661391088,6.583244481466053,4.446326530612246,15.039017951495374,0.0])
(1.0,[8.535858585858584,1.601414141414141,0.9597979797979799,87.42954083694082,61.8472081838796,30.634977509791785,7.863528211406998,6.674039383736354,4.332894602591573,14.978902391369356,9.450075E8])
(1.0,[8.24141414141414,2.1501010101010096,1.3012121212121208,106.133291857349,63.84836631622347,39.05583320964748,8.921254973982247,6.6762636465666745,4.778665442301805,15.558863854760308,1.4899595E9])
(1.0,[7.986900000000002,3.269000000000002,0.8905000000000001,104.509758979798,79.8355909090909,33.884501767676774,9.049375999999995,7.577040000000001,4.459389999999999,15.895849122540218,6.72856E8])
(1.0,[7.272222222222222,3.3935353535353543,1.008080808080808,104.78186643990928,86.48826186353332,34.07151362605648,8.756498316498313,8.098663401693699,4.645823895520865,15.747333857759019,9.3250275E8])
(1.0,[8.612727272727273,2.463535353535354,1.3242424242424242,93.08680779220781,63.92765574108431,36.038938961038966,8.267401285583105,6.716310580553002,4.550425466789101,15.262146151363808,1.12998975E9])
(1.0,[7.704387755102037,3.2786734693877544,1.247857142857143,102.29292384809597,69.5754054386703,34.36024587628866,9.007513536026655,7.066020408163265,4.491195335276967,15.400145762992057,9.375E8])
(1.0,[7.829595959595962,2.941919191919193,1.2764646464646465,100.81532636569779,62.99276464646464,33.446753700268,8.819171513110907,6.514502601775328,4.406387103356801,15.041319962773615,9.2999275E8])
(1.0,[8.159072164948453,3.0438144329896906,1.2778350515463917,99.43911892182126,76.1029675902062,34.696035889175256,8.9165692422149,7.451227548092254,4.580269954299076,15.661475870200228,7.449951666666666E8])
(1.0,[8.11868686868687,3.158787878787879,0.8209090909090907,93.78418703360134,67.21295974025973,37.49223079777366,8.09530864197531,7.049384756657484,4.6339761248852165,15.333306763697223,5.159972E8])
(1.0,[7.825151515151517,3.1048484848484845,1.047272727272727,93.21462319109462,62.31280278293133,30.786511873840446,8.255818794000618,6.642271196816653,4.13368227731864,14.65327797116502,7.5234225E8])
(1.0,[8.407959183673468,2.9985714285714287,1.1488775510204083,88.25492156532715,66.41738144329898,26.68289460340837,8.105876718034148,6.879125364431489,4.031982507288631,14.848874243274933,1.1128843333333333E9])
(1.0,[8.01575757575758,3.6733333333333342,1.3098989898989901,90.38489814471248,69.45284285714287,25.236613254998957,8.445962656871743,6.915622895622895,4.053614937251299,14.766668315923837,9.700012000000001E8])
(1.0,[7.885,3.460000000000001,0.8236734693877549,90.18646237113406,77.54060412371132,23.622825541763085,8.299489795918369,7.331428571428573,3.812661391087047,14.819531322969567,5.2500150000000006E8])
(1.0,[7.7251515151515155,3.327575757575757,0.7296969696969696,94.49657012987011,80.79701651205937,24.18235807050093,8.512188552188558,7.651845730027549,3.893804713804714,14.883538417335705,5.428597142857143E8])
(1.0,[8.494444444444444,2.905151515151516,0.3658585858585856,84.48873310657595,66.74118033395177,28.159381653267378,8.186711560044893,6.802993572084479,3.899891847770637,14.588436612371442,1.082512E9])
(1.0,[7.5613131313131285,5.390505050505049,1.181919191919192,80.27804417645841,71.67788239538241,32.66130138115853,7.507721661054994,7.23064177124783,4.447960412202837,14.883484846440654,5.07495875E8])
(1.0,[7.985858585858589,5.868484848484848,1.2938383838383833,72.27036532673674,65.89556604823747,30.6396218511647,7.096457504336293,6.895782063054792,4.248197122742578,14.80507246345192,4.728567142857143E8])
(1.0,[4.211428571428569,7.418469387755103,1.3811224489795924,44.817470103092774,92.46876979802227,30.47509460340838,5.38857142857143,8.48741774260725,4.599558517284469,14.25674762455275,2.405251052631579E8])
(1.0,[2.945102040816327,8.064183673469385,1.219795918367347,52.30468091731538,89.83958334735954,25.51724531874605,6.058259058725532,8.314829237817571,4.0969346105789235,14.166931187243506,2.004165416666667E8])
(1.0,[2.9857142857142858,8.032857142857141,1.1765306122448984,41.22137113402061,76.43830103092783,28.2036991794656,5.275860058309038,7.522011661807577,4.244543940024992,13.491218899876545,2.5158047368421054E8])
(1.0,[2.757200000000001,7.770399999999998,1.2396,45.778452686868704,83.6465634747475,24.766939232323228,5.360968000000001,7.860008000000002,3.8025760000000006,13.28176374639186,2.213675909090909E8])
(1.0,[1.3712244897959183,7.5152040816326515,0.8582653061224489,48.552262402693025,84.49286645276669,34.37426397012411,5.904414827155351,8.057865472719703,4.60458350687214,13.481577556537886,2.4400025000000003E8])
(1.0,[-0.14122448979591828,6.749795918367346,1.029387755102041,53.08134900063116,81.0639607826636,32.62105941510624,6.098900458142439,7.569575177009576,4.516722199083718,12.979923544604842,3.4615384615384614E8])
(1.0,[3.004646464646466,8.296464646464651,1.211919191919192,43.758057781900646,78.32755982271696,29.845554442383023,5.503105805530047,7.652186511580451,4.384075094378123,13.88123762786593,2.5053005263157895E8])
(1.0,[2.154489795918367,7.625408163265305,1.1102040816326528,46.21343118030718,83.91016117189146,28.71318964864296,5.496938775510205,7.954812578092461,4.160841316118285,13.24955140909913,2.6117482352941176E8])
(1.0,[0.3353061224489794,7.8156122448979595,1.1354081632653064,56.0169921733642,81.10566405428149,32.94442715127289,6.368763015410249,7.797384423157019,4.605093710953771,13.630430680227507,2.3262910526315784E8])
(1.0,[-0.7406185567010309,7.871855670103094,1.2623711340206196,55.65760586340209,83.21242777061853,33.78139744415809,6.262106493782548,7.936681900308214,4.508472738867042,13.678309575698046,2.6899888888888896E8])
(1.0,[-0.02434343434343432,7.713131313131314,0.8026262626262626,55.68231053391058,79.44596458462173,33.63494813440527,6.1540046933986305,7.685246403428222,4.581536577900214,13.4870820103139,2.142857142857143E8])
(1.0,[-0.51,8.348181818181814,1.0335353535353533,60.26370816326529,72.43768441558441,36.6741924757782,6.524848484848487,7.301634527089072,4.733790429548006,13.958731807189759,2.4100035000000003E8])
(1.0,[-2.1671428571428564,7.729183673469389,1.2840816326530613,69.92846391752579,72.75554159478226,37.46050069429833,7.086997084548103,7.399983340274885,5.004777176176594,14.117082855855704,3.207703076923077E8])
(1.0,[-0.33704081632653055,8.017551020408163,1.3337755102040816,54.72412826635809,79.15871559015356,33.6108670418683,6.342982090795502,7.73229487713453,4.564387755102041,13.639119296356036,2.5473663157894734E8])
(1.0,[-7.533030303030305,0.5190909090909095,1.4022222222222225,88.4873764378479,36.09469814471243,40.0107439909297,8.02910315273952,5.23090909090909,5.420808080808081,13.791042118224437,2.159973E9])
(1.0,[-7.197319587628866,0.15041237113402045,1.1877319587628867,91.2532406572165,40.695828994845364,45.1137260524055,8.277332341375281,5.3964650866191946,5.826208948878732,13.904058246775946,1.549988E9])
(1.0,[-7.477979797979796,-0.6091919191919194,1.7990909090909084,85.40392444856732,48.597225870954446,39.99293896103895,7.813272115090298,5.742367105397409,5.126005509641873,13.992933197875207,0.0])
(1.0,[-7.547575757575756,-0.5978787878787876,1.497373737373737,83.21861243042673,45.501410760667895,37.16717262420119,7.9063360881542675,5.620587695133151,5.149203142536474,13.68568134027502,0.0])
(1.0,[-7.417474747474746,-1.1653535353535354,1.1175757575757577,89.82008029272316,46.75648431251287,37.83688998144713,8.14795224977043,5.698351188654219,5.082803795531065,13.869579067660185,7.5E8])
(1.0,[-6.686262626262627,-1.0675757575757574,1.559292929292929,89.54546242011959,57.04760222634507,38.17120255617398,8.216275890215286,6.3487235996326925,5.013196612590551,13.664809724019594,2.919953E9])
(1.0,[-7.531836734693876,-1.640102040816327,1.837142857142857,88.34421927203871,56.00634741216075,36.3112907216495,8.06020408163265,6.411947105372759,5.051516034985425,14.21990173084136,0.0])
(1.0,[-7.215555555555556,-1.4383838383838388,1.4033333333333327,84.22542902494328,44.78494634096063,43.16183673469387,7.732502805836141,5.576888072645646,5.3257912457912475,13.664077921329048,0.0])
(1.0,[-7.075050505050507,-2.0964646464646455,1.4205050505050507,85.33799259946404,52.80641288394144,32.59204157905586,7.967023773084377,6.285091317212529,4.823187429854096,13.512751919850707,2.269959E9])
(1.0,[-6.945816326530612,-1.9956122448979585,2.005714285714285,94.8804472648853,54.59510941510625,31.822393814433,8.253163265306126,6.202282382340692,4.588309037900873,13.964696180303013,0.0])
(1.0,[-7.21166666666667,-2.6976041666666686,1.6174999999999995,89.11561403508772,62.788698410087726,39.77528631578949,8.116840277777783,6.635588107638888,5.0415624999999995,14.501838516503335,0.0])
(1.0,[-6.624081632653059,-2.7540816326530626,2.011530612244897,93.48672337471066,53.421426467494186,35.89028732379551,8.153348604748022,6.138904623073719,4.857338608912953,13.766439601401647,0.0])
(1.0,[-7.355252525252524,-2.4526262626262634,1.4748484848484844,64.97494559884558,51.210258338486945,30.461855844155828,6.94784613814917,6.086862565044382,4.609341903887359,12.79070058916718,7.64999E8])
(1.0,[-6.807857142857144,-2.0179591836734696,1.300612244897959,90.26085206185569,57.73055661687354,26.38976044603409,8.11405247813411,6.418812994585588,4.237526030820492,13.548524670717526,0.0])
(1.0,[-6.545612244897957,-2.517755102040817,1.2964285714285713,91.64838158005472,67.80022996002529,29.357891237113403,8.283556851311955,6.795801749271136,4.47765306122449,13.639656828059792,0.0])
(1.0,[-7.345408163265305,-2.2073469387755096,1.8441836734693868,81.90212612034505,61.342887734062685,24.44403283189564,7.895518533944192,6.487988338192421,3.9887588504789666,13.57891601846445,2.960053E9])
(1.0,[-7.129696969696971,-2.3724242424242417,1.7583838383838377,88.88509072356214,62.079489981447125,30.836085116470834,8.062901744719921,6.433351698806244,4.597526782981327,13.9121591263967,0.0])
(1.0,[-6.898080808080807,-2.632929292929293,1.7632323232323228,86.01998505462791,59.23074133168418,26.41931597608741,8.05366391184573,6.415316804407713,4.193816957453321,13.313303011240372,0.0])
(1.0,[-7.077575757575758,-2.1939393939393943,1.7866666666666666,79.62266957328386,51.22792615955472,27.87258163265306,7.694820936639117,5.972580348943987,4.354680134680131,13.249481355355876,1.0099893333333334E9])
(1.0,[-7.244285714285715,-2.755306122448979,1.6587755102040818,83.53557938144331,49.493307637281724,29.327427351146643,7.80784256559767,6.03554768846314,4.463344439816745,13.503241337382555,0.0])
(1.0,[-6.961562499999998,-2.54375,1.6558333333333337,85.9660891118421,69.96188473684214,23.86544350877193,8.187799479166664,6.795677083333333,4.061597222222223,13.701508170648966,4.966023333333334E8])
(1.0,[-7.191111111111111,-2.044141414141415,1.2182828282828286,68.41717936507935,63.40473267367554,29.535893960008238,7.028574635241303,6.432313029282725,4.476983981226406,13.365314749631487,0.0])
(1.0,[-6.80234693877551,-2.4650000000000007,1.3336734693877554,91.10571299179466,67.51665412371138,28.76825646959814,8.31652436484798,6.778979591836734,4.444939608496456,13.732165646917604,0.0])
(1.0,[-7.060918367346938,-2.660918367346939,1.816122448979592,86.34351770460763,62.004895024195235,36.498768314748574,7.967653061224488,6.719806330695543,5.092178259058724,14.114844045254014,0.0])
(1.0,[-7.0380412371134025,-2.7296907216494843,1.2044329896907215,81.8886804982818,65.48645511168382,24.670964518900362,7.960414496758422,6.656156871080879,3.9740546285471345,13.520290244058227,1.490051E9])
(1.0,[-7.047575757575756,-2.646767676767676,1.7114141414141406,85.38837977736549,70.29192618016903,24.272277571634714,7.940428527701253,6.9250300989694935,3.950403020099989,13.85605162164741,1.460144E9])
(1.0,[-6.961458333333334,-2.6341666666666668,1.625104166666667,76.96624416666666,59.703856140350894,24.089088410087726,7.705625000000001,6.443888888888888,3.9815668402777775,13.119490631064762,1.139954E9])
(1.0,[-6.886808510638297,-2.8836170212765957,1.4081914893617018,72.76781766186225,44.73238247540608,26.445879489819276,7.286306020823902,5.727311000452694,4.066586690810323,12.512816917351447,1.1849975E9])
(1.0,[-6.858350515463919,-2.6116494845360823,1.6287628865979376,89.1201535008591,61.803451417525785,26.67068595360826,8.260671697311087,6.542350940588799,4.162025720055266,13.539959759986319,7.69959E8])
(1.0,[-7.016938775510204,-2.5436734693877545,1.4503061224489797,82.88467506837789,63.924118325268225,31.68801536924049,7.739325281132861,6.727034568929611,4.625229071220325,13.840359910291102,0.0])
(1.0,[-7.367525773195877,-2.4389690721649493,1.5725773195876287,76.45338131443297,63.8336301761168,28.27957141323024,7.744355404400045,6.643160803486022,4.350757785099375,13.59521024981783,0.0])
(1.0,[-7.028787878787879,-2.990202020202019,1.6739393939393934,86.83367402597408,72.45905914244484,22.067936363636374,7.984052647689012,7.085683093561886,3.7659565350474438,13.953256161405838,1.460144E9])
(1.0,[-6.654795918367344,-2.714795918367348,1.7430612244897965,84.14756335998312,67.07960665895224,23.75946475909951,8.06999583506872,6.823244481466055,3.970595585172845,13.48939772937871,0.0])
(1.0,[-6.383437499999999,-2.5383333333333327,1.3285416666666672,79.25788384868422,46.84439719298245,26.995578903508772,7.794622395833334,5.927534722222221,4.165889756944442,12.381434654032866,1.1849975E9])
(1.0,[-6.893367346938777,-2.6118367346938776,1.3732653061224485,72.41925761624236,44.58566050915211,26.76387376393855,7.267719700124949,5.734602249062891,4.081357767596834,12.43556626276682,1.1849975E9])
(0.0,[3.826565656565658,9.929797979797982,-0.7006060606060607,34.722114615543184,20.280559142444858,10.469977179962893,4.464877053361903,3.642628303234364,2.225515763697581,12.270406867649323,1.02751925E9])
(0.0,[3.8548484848484863,9.953535353535353,-0.556161616161616,35.45058033395178,22.932510843125126,10.862009606266747,4.526617692072236,3.7741475359657177,2.482291602897663,12.401001212447508,6.716715E8])
(0.0,[3.3643434343434353,10.230303030303032,-0.3690909090909092,31.392381962481966,25.91554174397032,12.899167532467535,4.2725293337414545,4.034043464952556,2.6333333333333324,12.403189477387802,5.737495E8])
(0.0,[3.1274489795918377,10.18142857142857,-0.5475510204081632,32.97151198190616,23.203358762886605,10.695550641699986,4.432038733860891,3.801020408163266,2.462236568096625,12.273335346008349,7.960022E8])
(0.0,[3.1536363636363633,10.165252525252527,-0.4260606060606062,34.22400500927644,22.1668149866007,10.789309833024115,4.578292011019281,3.689250076522804,2.3181940618304253,12.278910917786646,8.100036E8])
(0.0,[2.3542424242424254,10.119191919191923,-0.6845454545454547,35.93605324675325,28.06964831993404,10.729110760667899,4.536375880012244,4.151709009284766,2.323746556473829,12.228205969336958,4.344482222222222E8])
(0.0,[2.3076530612244897,10.320408163265306,-0.6503061224489793,34.556455259835886,26.754676120345035,10.331819492951821,4.430054144106625,4.0718200749687625,2.2763910870470645,12.31100734077741,3.5500083333333325E8])
(0.0,[2.4917346938775506,10.28448979591837,-0.38663265306122446,28.391268093835492,24.574235304018522,14.648686482221754,4.096268221574344,3.8930820491461895,2.71316951270304,12.205325978009595,4.411112222222222E8])
(0.0,[2.2166999999999994,10.204599999999997,-0.47020000000000006,27.77137182828282,20.60114226262626,9.40531107070707,4.009303999999999,3.5435839999999996,2.2973680000000005,11.86168979358698,8.139954E8])
(0.0,[2.6541000000000006,10.533800000000001,-0.4541999999999999,29.075347666666666,19.605011676767667,9.007626626262622,4.041391999999997,3.394856,2.211044,12.205142468073536,6.833293333333334E8])
(0.0,[2.373636363636364,10.244949494949498,-0.5665656565656566,32.84956827458255,25.89795586477015,10.760245227788081,4.369072543617998,4.014094480155086,2.3279889807162535,12.203988754327757,3.6545354545454544E8])
(0.0,[1.9187878787878778,10.416969696969696,-0.3342424242424241,30.691255658627078,24.574882560296846,9.88955324675325,4.283673094582183,3.880636669727579,2.2815794306703387,12.162175628885675,4.019989E8])
(0.0,[1.7212244897959181,10.501428571428571,-0.39122448979591845,31.366371681043557,25.13641237113403,10.57871188722912,4.351836734693876,3.970116618075801,2.4456434818825494,12.260114456740059,5.643005714285715E8])
(0.0,[1.4826530612244895,10.374693877551017,-0.2400000000000001,34.56733928045445,25.29414062697244,11.659414432989687,4.426284881299456,4.082665556018329,2.5877551020408163,12.167295655734655,4.799974444444444E8])
(0.0,[1.5537373737373736,10.524343434343434,-0.32353535353535345,33.05744405277262,21.931798289012573,8.283059822716966,4.287260483624118,3.72567901234568,2.1242587491072342,12.177277457320656,5.01255E8])
(0.0,[1.523030303030303,10.547777777777776,-0.4065656565656566,32.608964192949905,25.795484807256226,10.205032982890126,4.263807774716865,3.9350392817059476,2.2930456075910626,12.288939616253689,4.8333399999999994E8])
(0.0,[1.7563000000000002,10.500300000000001,-0.43550000000000016,35.52122354545453,26.241154454545452,8.871412878787881,4.622196,4.023893999999999,2.2258900000000006,12.40427391409274,3.954523636363636E8])
(0.0,[1.7167676767676772,10.485656565656566,-0.29363636363636364,34.50740169037312,26.356977880849303,8.167196846011134,4.5604366901336615,4.032002856851344,2.0381267217630854,12.270170895863945,4.455566666666666E8])
(0.0,[1.6694000000000004,10.601499999999998,-0.3108,30.9609572121212,25.5586148989899,8.155003393939394,4.469411999999999,4.059869999999997,2.1627440000000013,12.310042337393446,4.962598888888889E8])
(0.0,[1.6535353535353532,10.54646464646465,-0.5146464646464648,35.780198598227166,24.471965945165937,9.058298598227173,4.4794592388531775,3.894147535965718,2.1715539230690752,12.337823797208253,4.78892E8])
(0.0,[1.5966666666666665,10.599292929292929,-0.6488888888888888,37.296771428571425,25.026176025561746,9.184634467120178,4.746531986531989,3.9145087235996323,2.2199326599326596,12.51901877038627,5.671474285714285E8])
(0.0,[1.1750999999999998,10.544999999999995,-0.798,37.80180908080808,23.505354545454537,11.828018181818184,4.645308,3.9306,2.3582800000000006,12.378284988053043,4.722222222222222E8])
(0.0,[1.6557575757575755,10.520707070707077,-0.3366666666666667,31.8805185528757,24.78990255617399,11.144544897959182,4.441456994184268,3.914178145087234,2.52026936026936,12.316862735076628,5.643005714285715E8])
(0.0,[1.4290909090909094,10.437676767676765,-0.3288888888888889,30.307743042671603,21.776134343434347,8.298189569161,4.170872359963273,3.7164738292011026,2.1282603815937158,12.028811398065665,5.01255E8])
(0.0,[1.3330303030303037,10.593636363636362,-0.7947474747474745,35.01875194805194,22.713741743970317,11.772143558029269,4.526415671870217,3.835904499540863,2.2841138659320475,12.378488279726874,7.266693333333333E8])
(0.0,[1.863092783505154,10.695876288659791,-0.7290721649484537,36.60898616838489,25.861672401202757,9.247593921821307,4.574528642788818,4.087416303539165,2.1204102455096177,12.583143797306802,4.422404444444444E8])
(0.0,[1.5283838383838382,10.69646464646465,-0.563737373737374,36.10746470830757,28.459170026798606,8.694082828282825,4.7818345066829915,4.2564534231200915,2.195518824609734,12.638551317745007,5.366685555555556E8])
(0.0,[1.6871999999999994,10.254699999999998,-0.5411,34.80478197979797,30.187237282828292,11.545807868686865,4.434288,4.341417999999997,2.4337239999999998,12.250392263570808,3.808314166666667E8])
(0.0,[1.7575999999999998,10.354499999999998,-0.5618000000000001,36.81055781818181,30.328043181818174,9.642778545454544,4.621696000000003,4.452099999999999,2.3905279999999998,12.358136706149933,3.81811E8])
(0.0,[1.549693877551021,10.358061224489797,-0.8174489795918368,41.17896794656008,29.47522609930571,8.431623322112351,5.025420658059139,4.316995002082464,2.0735672636401503,12.460432686247428,3.475010833333334E8])
(0.0,[1.5169000000000004,10.465599999999995,-0.8177,35.93690241414144,24.366119838383835,7.752985565656569,4.625190000000001,3.891375999999999,2.1295620000000004,12.296204155424588,5.27496375E8])
(0.0,[1.917272727272727,10.539292929292921,-0.6636363636363636,41.02633024118739,29.688257658214813,8.845370315398885,4.976088154269971,4.329227629833693,2.251625344352617,12.652092969739648,3.466695E8])
(0.0,[1.4764285714285719,10.378367346938775,-0.851734693877551,38.53826237113402,28.190174626551652,7.698142320639595,4.873702623906705,4.190712203248643,2.0379987505206163,12.377578882508896,4.609955E8])
(0.0,[1.35,10.324700000000004,-0.9193999999999998,35.43785050505051,26.300716070707075,8.94502387878788,4.4773999999999985,4.123711999999999,2.182400000000001,12.165043767969784,4.9999625E8])
(0.0,[1.6359595959595958,10.42575757575758,-0.48212121212121195,35.9789814677386,28.186979777365494,11.250623005565862,4.732402816039179,4.290658096112641,2.3633731251913077,12.450468966069947,7.766723333333334E8])
(0.0,[2.087448979591836,10.416326530612245,-0.5867346938775511,34.833711981906184,27.45229770671155,8.783494382495268,4.525403998334028,4.082619741774264,2.2291836734693877,12.326105137883816,3.899994E8])
(0.0,[2.013333333333333,10.507171717171715,-0.6052525252525254,34.919504081632645,27.118351102865383,9.045339476396613,4.673535353535354,4.0722069176614655,2.2661891643709833,12.44433432493491,4.869995E8])
(0.0,[1.9705050505050516,10.401515151515147,-0.737979797979798,30.801935456606888,28.876429313543596,9.737914244485673,4.260691766146312,4.262075298438935,2.326931945719824,12.28292060834781,4.599982222222222E8])
(0.0,[1.4753535353535352,10.227777777777774,-0.9084848484848487,42.535986353329214,31.726127664399094,10.992570129870131,4.971792674216918,4.573243546576881,2.5357330884603617,12.5018981158668,5.011155555555556E8])
(0.0,[1.7840816326530613,10.464285714285719,-0.754387755102041,36.64066976646327,29.336931958762907,10.80494446665264,4.582578092461472,4.277376093294461,2.352665556018325,12.461194760225991,3.500035833333333E8])
(0.0,[1.9642424242424241,10.541717171717174,-0.7414141414141411,36.37913692022263,29.1122429396001,12.900916347144918,4.505638200183654,4.262034486276909,2.5791796755433127,12.611010219002683,3.483353333333333E8])
(0.0,[1.7566666666666664,10.562222222222221,-0.7235353535353537,35.39712244897961,31.320823582766433,10.52974757781901,4.658383838383842,4.5291133557800185,2.4373084379144996,12.606624306888211,4.336326363636364E8])
(0.0,[1.9945360824742266,10.488969072164954,-0.7585567010309275,37.403647959622,31.932046842783492,12.536716645189003,4.620701456052715,4.501041555957063,2.59606972048039,12.585231522240846,3.4143064285714287E8])
(0.0,[1.8640404040404044,10.451212121212118,-0.955959595959596,38.60872432488147,33.14672708719851,12.47941003916719,4.941132537496176,4.493523109886746,2.742950719314356,12.767729544596106,3.824971666666667E8])
(0.0,[2.2052,10.572799999999999,-0.7485999999999998,39.339695919191925,32.47817389898991,10.093563676767673,4.866503999999999,4.486688,2.3956280000000003,12.805529819887195,3.6230938461538464E8])
(0.0,[1.7106060606060605,10.27949494949495,-0.6487878787878789,37.19012820037106,31.29255586477015,9.463241372912801,4.822834404652585,4.424985205591265,2.3694765840220384,12.357686306780135,4.470001E8])
(0.0,[1.4853535353535354,10.498181818181822,-0.7445454545454546,45.49903125128839,26.479341558441572,11.021404638218927,5.267629833690441,4.064793388429753,2.3984022038567496,12.83001395738673,4.177856666666667E8])
(0.0,[1.152755102040816,10.677142857142858,-0.44785714285714284,33.3093459394067,22.578694845360825,10.383561340206183,4.600770512286545,3.807463556851312,2.24997084548105,12.45003070386903,5.512505E8])
(0.0,[1.3355555555555558,10.394444444444444,-0.49454545454545457,37.270865759637196,24.004857596371885,9.45837402597403,4.701683501683502,3.9654994388327713,2.368282828282828,12.351011031297212,7.100066666666666E8])
(0.0,[1.7559595959595966,10.46212121212121,-0.0998989898989899,36.839199835085566,27.699976066790356,14.112490806019375,4.810864197530865,4.20161003979186,2.6879951025405577,12.504350769641203,3.3615346153846157E8])
(0.0,[2.229081632653062,10.613571428571433,-0.5969387755102039,39.470010488112734,21.157186082474226,11.946765790027355,4.998821324448147,3.6352623906705537,2.472732194918784,12.659529861501753,7.900026E8])
(0.0,[1.7292553191489364,10.540000000000003,-0.7596808510638299,23.973940299702583,18.04175483870967,13.203684843285284,3.6189633318243537,3.2365957446808507,2.4763105477591676,12.143841789308643,7.724915E8])
(0.0,[2.1001010101010094,10.643838383838386,-0.3494949494949495,39.263456112141846,22.454436136878996,11.65398035456607,5.046364656667685,3.77682277318641,2.4633384348535854,12.693193144577599,5.67143E8])
(0.0,[1.9326804123711332,10.581134020618556,-0.5827835051546395,29.640946907216502,19.489680992268035,14.310353629725087,4.221018174088639,3.4147773408438726,2.555217345095123,12.404065926411494,7.724915E8])
(0.0,[1.3278571428571428,9.111428571428572,-2.257142857142857,1.422341208791209,5.834090109890113,2.8822681318681314,0.8210204081632653,1.9483673469387757,1.1748979591836737,9.689642793679171,5.0003E7])
(0.0,[1.974040404040405,10.565656565656566,-0.6762626262626261,23.868575345289642,17.25940237064523,12.688176705833841,3.6338638914396486,3.1527844097541062,2.430390776451382,12.176004165126086,7.724915E8])
(0.0,[-7.968787878787874,6.740606060606061,-0.03343434343434339,20.083590352504647,26.14593228200371,10.87013910533911,3.5744107744107727,4.132782369146005,2.529315375982042,11.633067175491057,0.0])
(0.0,[-8.086391752577324,6.631546391752578,-0.3275257731958765,22.748062886597936,31.830313208762874,13.044812564432988,3.757615049420768,4.616915718992452,2.7348156020831107,11.9930366132357,1.32666E9])
(0.0,[-7.933333333333332,6.5311111111111115,-0.39989898989899003,23.836959183673464,30.018497732426308,14.098327540713269,3.85003367003367,4.466958473625141,2.7924313845525974,11.78038850289532,1.3233336666666667E9])
(0.0,[-8.095102040816327,6.4485714285714275,-0.37428571428571417,23.74288504102673,30.017944329896903,11.83965773195876,3.7988879633486046,4.459941690962099,2.6355976676384842,11.790056573608416,1.31662E9])
(0.0,[-7.930303030303029,6.573030303030302,-0.21868686868686865,23.475600927643775,28.30734582560296,15.241295196866627,3.6894337312519134,4.416014692378329,2.98441995714723,11.817339731146179,0.0])
(0.0,[-8.286767676767676,6.020404040404039,-0.18272727272727268,21.111415976087404,24.77243452896311,8.321862894248609,3.6350658096112647,3.98752780328538,2.12892561983471,11.378204458901573,1.0249785E9])
(0.0,[-8.34541666666666,6.111770833333333,-0.2198958333333334,24.17295350877193,27.39637472587721,8.065925252192987,3.9040104166666647,4.213940972222222,2.0717903645833333,11.65821805961855,2.069885E9])
(0.0,[-8.236767676767677,6.241515151515152,-0.08060606060606064,23.135760874046586,24.892351762523187,11.304777179962894,3.7323620038771543,3.9678359351086625,2.511386593204776,11.640316745750225,1.5550235E9])
(0.0,[-8.1344,6.267399999999999,-0.1285000000000001,19.931095595959594,23.081708323232327,9.661835101010102,3.48968,3.8573839999999993,2.1786600000000003,11.403172962812969,2.100068E9])
(0.0,[-8.157600000000002,6.1099999999999985,-0.07870000000000002,16.889260848484845,24.495303030303038,11.043310414141416,3.1262240000000006,3.887999999999999,2.493838,11.448991267776249,1.5599975E9])
(0.0,[-8.292653061224488,6.128469387755102,-0.07979591836734692,20.716811445402904,23.223507942352214,9.250773153797601,3.4801624323198666,3.861405664306539,2.136984589754269,11.460086222108366,2.050018E9])
(0.0,[-8.282020202020206,6.199292929292931,-0.1006060606060606,18.12479383632241,21.78377194392909,10.33603840445269,3.231056014692379,3.688507295173963,2.4103764921946746,11.482630934052434,2.070007E9])
(0.0,[-8.220306122448985,6.414999999999999,-0.053469387755102106,18.589978255838417,24.10875721649484,8.821798148537766,3.252563515201999,3.9760204081632655,2.0682007496876302,11.547963483804846,2.050018E9])
(0.0,[-8.255252525252526,5.952525252525252,-0.012626262626262694,23.138441517212947,25.30082723149866,8.835766501752216,3.7193918987858385,4.045181103968983,2.1168595041322313,11.319974413989396,1.567612E9])
(0.0,[-8.07244897959183,6.090816326530612,-0.15275510204081635,21.792457858194826,26.29932716179256,9.328389238375765,3.6941274468971255,3.967480216576427,2.078406913785922,11.382496831151048,1.356669E9])
(0.0,[-8.200408163265301,6.154591836734695,-0.1330612244897959,24.148874058489373,24.5654601409636,9.316411150852092,3.8404581424406485,3.9663952519783416,2.1550895460224906,11.517743772110808,1.549988E9])
(0.0,[-8.321899999999994,6.063700000000001,-0.1395,27.525389282828282,30.053342737373736,10.204523989898995,4.125128,4.332639999999997,2.2676299999999996,11.899505331879016,1.0099945E9])
(0.0,[-8.497272727272726,6.345151515151514,0.04787878787878788,21.983558812615946,24.861476252319118,10.484667903525043,3.60872359963269,3.9622895622895618,2.320416284052649,11.927695277306833,0.0])
(0.0,[-8.295612244897956,6.000816326530612,-0.20979591836734696,23.055433126446452,28.368615821586346,7.564719545550176,3.757051228654727,4.3025489379425235,1.9514660558100796,11.536454555846962,1.0E9])
(0.0,[-8.1359,6.042200000000002,-0.11210000000000009,21.439503222222225,25.267148646464637,9.518006656565651,3.5474799999999993,3.9424640000000015,2.1434700000000007,11.387823221278355,1.01749425E9])
(0.0,[-8.274242424242427,5.99010101010101,-0.08727272727272732,23.72096345083487,25.838025499896933,8.484603710575138,3.7765717783899593,4.069207223752679,2.1117355371900834,11.517949282691202,1.3733113333333333E9])
(0.0,[-8.315000000000003,5.98734693877551,-0.20020408163265307,23.10395515463918,28.27627742478434,8.247830885756363,3.7671428571428587,4.287172011661808,2.0222074135776764,11.54221518820992,1.0E9])
(0.0,[-8.295800000000003,6.012399999999999,-0.1462,22.54089935353533,25.56335983838384,8.951482383838387,3.6907600000000014,3.9384399999999995,2.062416,11.498416109424637,1.02999875E9])
(0.0,[-8.264848484848482,6.191414141414142,-0.09707070707070713,19.066049721706868,23.422553081838803,6.869937250051537,3.3183103764921937,3.9102009998979694,1.8921191715131112,11.446389113119317,1.0599975E9])
(0.0,[-8.326632653061223,6.2679591836734705,0.031224489795918325,19.79117926572691,25.633152493162218,10.32868920681675,3.325874635568512,4.081507705122865,2.3199167013744275,11.701998717742486,9.50012E8])
(0.0,[-8.648000000000001,5.2781176470588225,0.6521176470588235,18.66377333333334,20.368798795518206,9.483452605042018,3.284376470588236,3.507094809688582,2.3837176470588224,11.284286397330808,0.0])
(0.0,[-8.61141414141414,5.717979797979798,0.534949494949495,18.722838796124517,22.383375468975466,9.375904844361987,3.272249770431589,3.7294316906438136,2.3315539230690736,11.506104841502601,3.109985E9])
(0.0,[-0.3497979797979798,10.447272727272727,-0.17888888888888888,33.758544856730566,28.61137922077923,9.931252834467116,4.013153759820426,4.396510560146924,2.194433221099887,12.115810924583,4.420013E8])
(0.0,[-1.4370707070707076,10.463232323232324,0.08878787878787883,32.38469031127604,26.597405772005764,8.858465862708716,4.202258953168045,4.276871747780839,2.0583103764921944,12.187864075039721,6.171438571428571E8])
(0.0,[-1.5952040816326531,10.370510204081636,-0.09918367346938768,32.518736555859455,27.32468118030717,11.79047973911214,4.259073302790505,4.454398167430237,2.208346522282383,12.246458712734505,6.166585E8])
(0.0,[-1.8304999999999998,10.533399999999993,-0.1749,30.54424520202022,31.096594383838404,10.385906050505051,4.197329999999999,4.849331999999998,2.204916,12.379911404785965,4.411112222222222E8])
(0.0,[-1.6993814432989693,10.531546391752574,0.008969072164948482,26.438657946735393,30.988536125429558,7.425046842783503,3.8195557444999477,4.857200552662344,1.925692422149006,12.082561674474361,6.314348571428571E8])
(0.0,[-1.6037755102040816,10.396632653061223,-0.17102040816326536,30.03690003155901,29.388987513149605,7.917050494424575,4.168673469387753,4.713502707205332,1.8838109121199502,12.098501129701393,4.420013E8])
(0.0,[-1.6755102040816323,10.713265306122445,0.17051020408163256,34.18982705659584,30.78759335156744,9.76801107721439,4.5836942940441485,4.767825905872553,2.1312057476051645,12.63153294413797,4.766676666666667E8])
(0.0,[-1.6877551020408164,10.420714285714288,-0.1251020408163264,28.52094336208711,29.295021134020615,9.416579886387545,3.9783215326947095,4.663148688046647,2.170799666805499,12.182637386618199,6.69993E8])
(0.0,[-1.7369791666666672,10.477604166666666,-0.11531249999999997,24.616667620614034,32.10121841008772,5.995437796052635,3.7452495659722222,4.930520833333334,1.7311783854166667,11.958618434251898,4.411146666666667E8])
(0.0,[-1.6356565656565656,10.650202020202018,0.2376767676767676,33.91849216656358,29.796057101628538,9.891671078128217,4.58614427099276,4.693121110090806,2.083009896949291,12.547320778208123,4.47781E8])
(0.0,[-1.6065656565656559,10.433434343434344,0.2719191919191919,30.928588084930944,28.81744726860441,10.610405462791178,4.117269666360574,4.5807733904703625,2.1884644424038355,12.175351605377235,5.133327777777778E8])
(0.0,[-1.3696938775510206,10.518775510204081,-0.12000000000000002,32.357790626972424,30.416256217126005,11.953659793814431,4.180783007080382,4.605560183256978,2.2091836734693873,12.330156263099587,5.111355555555556E8])
(0.0,[-1.0341,10.682400000000003,-0.056199999999999944,38.906773929292925,33.18639620202021,9.668751070707074,4.623880000000001,4.899799999999997,1.995608,12.59791314971312,3.280008666666667E8])
(0.0,[-0.8284848484848484,10.550000000000002,-0.12505050505050502,31.066102782931356,27.897142857142857,8.976559946402803,4.272188552188552,4.463636363636363,2.0347842056932963,12.242053713022807,6.783295E8])
(0.0,[-0.6396938775510199,10.368265306122451,-0.11061224489795912,35.20383392594149,29.81992788764991,14.22948621922996,4.400547688463143,4.562994585589339,2.4453727613494385,12.28224216228978,3.7818209090909094E8])
(0.0,[-1.2083505154639174,10.573195876288661,-0.3148453608247423,33.45299516752576,28.545542804982826,8.090429402920963,4.396269529174195,4.557249442023596,2.0058390902327545,12.308609548141597,4.380036E8])
(0.0,[-0.9812244897959184,10.657448979591836,-0.1690816326530613,38.585346938775515,29.54876971386492,12.401579560277712,4.647705122865472,4.603315285297792,2.368785922532279,12.610237483971192,3.558349166666666E8])
(0.0,[1.4141414141414146,10.624545454545453,-0.15545454545454562,35.34773063285921,26.37407402597402,10.646033209647493,4.396973778185897,4.119155188246096,2.0916253443526167,12.366834958263647,3.7454772727272725E8])
(0.0,[1.7670408163265305,10.576020408163266,-0.39602040816326534,37.56970352409005,28.468576783084366,11.010323174836945,4.761576426488962,4.436957517700958,2.3179758433985844,12.548572632285408,3.666661666666667E8])
(0.0,[1.8525999999999998,10.542200000000003,-0.01170000000000002,31.83557498989898,27.11062137373737,6.379727383838384,4.418719999999999,4.2894679999999985,1.8391259999999998,12.146685594140429,4.869995E8])
