(0.0,[-4.629157894736845,8.364631578947362,-2.551684210526316,10.270565240761476,14.849791086226205,15.488333303471444,2.587113573407203,3.2486648199445978,3.002473130193905,11.00263384562937,8.69965E8])
(0.0,[-4.660918367346938,8.388265306122449,-2.3948979591836745,10.015703271617923,14.772505207237527,16.094522154428784,2.544221157850895,3.250439400249896,3.060924614743857,11.023132944548511,8.69965E8])
(2.0,[-0.9689999999999999,9.449899999999996,-0.17310000000000003,0.03594040404040402,0.007996959595959599,0.009480191919191925,0.12651999999999997,0.06350400000000028,0.07619000000000002,9.503374874590646,5.00010505050505E7])
(2.0,[-0.9825510204081632,9.407142857142862,-0.43469387755102035,0.0038893014937933902,0.0020597938144329944,0.004385987797180727,0.047440649729279485,0.03830903790087438,0.05356518117451061,9.468741452444045,5.0383268041237116E7])
(2.0,[-1.0141414141414142,9.402727272727272,-0.4230303030303032,0.006351041022469604,0.00225677179962895,0.006294805194805193,0.06288746046321805,0.0396326905417811,0.06344658708295069,9.467385945436114,4.989811224489796E7])
(2.0,[-1.0502083333333336,9.403958333333332,-0.4697916666666667,0.0020567982456140355,0.0014136403508771766,0.0023810087719298243,0.03670572916666673,0.032456597222221766,0.0359982638888889,9.474313383259252,5.21054E7])
(2.0,[-1.0326262626262621,9.403030303030313,-0.5159595959595958,0.009290991548134385,0.0031233766233765914,0.011142692228406512,0.0758698092031426,0.045687174778083664,0.0709927558412407,9.474706076776478,5.000118367346938E7])
(2.0,[-1.1239999999999997,9.397300000000005,-0.4410999999999999,0.0023333333333333418,0.001476474747474759,0.005529080808080803,0.03147999999999984,0.03321400000000049,0.05883400000000001,9.474969747967195,4.979975757575758E7])
(2.0,[-1.0745360824742263,9.406701030927834,-0.44618556701030926,0.002931292955326475,0.0014223367697593942,0.005003006872852231,0.043141672866404655,0.033023700712083826,0.05596981613348923,9.478804012962874,5.125045833333333E7])
(2.0,[-1.0887755102040824,9.410510204081639,-0.44867346938775515,0.017870650115716407,0.016611077214390868,0.012250799495055757,0.09137442732194907,0.06062057476051497,0.08588504789670968,9.485473890916982,0.0])
(2.0,[-1.0841836734693877,9.404795918367347,-0.4386734693877551,0.0053957184935829955,0.0025777929728592387,0.00893121186618977,0.05561640982923777,0.04245314452311515,0.07161182840483134,9.477996819772542,5.1133608247422695E7])
(2.0,[-1.0825252525252524,9.437878787878786,-0.40848484848484834,0.007539476396619241,0.0017474953617810666,0.005482374768089059,0.06886440159167431,0.033719008264462634,0.060489745944291386,9.50922880352628,5.0203591836734675E7])
(2.0,[-1.130721649484536,9.42072164948454,-0.3904123711340206,0.003915098797250868,0.0019088487972508796,0.0035644115120274916,0.04591348708683168,0.035587203741097896,0.04791582527367412,9.496770922563432,5.124982291666666E7])
(2.0,[-1.0989690721649485,9.424432989690725,-0.39030927835051543,0.003259342783505151,0.0019436855670103123,0.003880111683848795,0.042960994792220195,0.030532468912741178,0.048217663938782,9.496694346539584,5.083942708333332E7])
(1.0,[-6.345306122448981,7.545918367346936,1.046428571428571,58.77125815274564,74.00745533347362,36.276878865979384,6.722294877134528,7.82832153269471,4.81064139941691,14.091480886813457,3.0970860000000006E8])
(1.0,[-8.4719,3.4023000000000025,0.5123999999999999,73.54254685858584,36.11775526262626,44.32936589898991,7.5665000000000004,4.747376000000001,5.257495999999999,13.60548786607138,1.0200703333333334E9])
(1.0,[-9.169591836734698,0.7544897959183671,0.840408163265306,69.63191941931412,21.04758375762676,45.480550347149176,7.355926697209495,3.5175301957517697,5.257380258225739,13.266709773252188,0.0])
(1.0,[-8.794242424242428,0.2492929292929292,0.20878787878787874,71.70843896103896,22.954016841888276,42.560563821892394,7.461371288644015,3.459746964595449,5.255598408325677,13.042895712500739,0.0])
(1.0,[-8.948383838383837,-0.0011111111111111321,-0.05272727272727262,69.90367083075654,23.38680793650794,40.533152690166986,7.42910723395572,3.5643771043771046,5.121928374655645,13.186092191829177,0.0])
(1.0,[-8.6487,-0.2,-0.24919999999999987,73.56089223232325,29.195634343434328,43.66155894949498,7.569925999999999,3.8625999999999996,5.362048,13.356628433363708,0.0])
(1.0,[-9.488000000000007,-0.4191000000000001,-0.1854999999999999,71.9542464646465,29.096072919191915,43.18299469696969,7.484160000000002,4.015664000000001,5.4817899999999975,13.93627022610584,0.0])
(1.0,[-8.751919191919193,-0.2178787878787878,0.3015151515151515,69.89951974850545,24.9035719851577,41.24328033395176,7.2722416079991845,3.7376981940618297,5.158359351086626,13.149161253532899,1.519928E9])
(1.0,[-9.006199999999998,-0.15039999999999998,0.5375000000000002,71.62189652525254,21.08256145454546,32.737812878787885,7.4775240000000025,3.484632000000001,4.662350000000002,12.899355188233015,0.0])
(1.0,[-8.589000000000004,-0.4818999999999998,0.5278999999999999,64.82436666666665,28.766809484848494,48.62164504040404,6.888179999999999,4.065423999999999,5.924931999999999,13.338540306060633,0.0])
(1.0,[-9.009696969696972,-0.3091919191919192,-0.03707070707070715,68.87482745825604,26.302383013811593,47.90201684188827,7.117288031833485,3.7860034690337736,5.724205693296601,13.586215760904263,0.0])
(1.0,[-8.966494845360824,0.09618556701030925,0.7510309278350517,64.48286883591065,26.18012592353953,43.86553017611684,7.078726750983101,3.9542416834945264,5.555125943245828,13.213252659764695,3.76831E9])
(1.0,[-8.866,-0.30199999999999994,0.14409999999999995,67.86353939393943,25.114470707070694,34.50503655555555,6.979840000000003,3.7022399999999998,4.897145999999999,12.98422199389914,0.0])
(1.0,[-9.110101010101014,0.01787878787878787,0.3853535353535352,65.8120703978561,21.20595361781076,41.68435370026799,6.9924191409039915,3.5879277624732184,5.106864605652484,13.12816468526246,0.0])
(1.0,[-9.514999999999997,-0.22759999999999997,0.5394999999999999,70.03776060606062,18.22287094949494,32.70667752525253,7.4287,3.298448000000001,4.64184,13.085321644441354,0.0])
(1.0,[-9.715102040816326,0.061224489795918366,0.8812244897959184,61.79196957710917,15.02880673258994,41.23283972228067,6.879995835068723,3.040358184089963,5.148875468554769,13.257953859425106,1.129929E9])
(1.0,[-8.993030303030304,0.2695959595959594,0.416060606060606,62.46524378478666,25.022603916718204,38.352052690166985,6.873223140495867,3.7565860626466687,5.1151331496786066,12.984127898248682,0.0])
(1.0,[-9.52717171717172,-0.24484848484848487,0.18151515151515157,71.48918579674296,31.570419109461973,42.41818033395176,7.416075910621364,4.017330884603613,5.422258953168046,13.884724387078398,7.6004E8])
(1.0,[-9.406804123711337,0.06731958762886596,0.6421649484536083,69.5304469716495,26.445411490549816,40.371392139175256,7.253727282389205,3.8239451588904236,5.179317674566905,13.579362499324414,2.208526E9])
(1.0,[-8.545000000000003,-0.43420000000000003,-0.17320000000000024,68.03818080808082,28.046161979797986,39.23674117171718,7.188200000000003,3.9426000000000014,5.332144000000001,13.08493547297389,0.0])
(1.0,[-9.111530612244898,0.06295918367346935,0.5174489795918369,72.60936567431096,29.202555070481804,42.70304187881339,7.61190753852561,3.9462619741774247,5.438917117867555,13.70264950471433,0.0])
(1.0,[-9.106161616161613,0.23424242424242425,0.8380808080808083,77.47589736136884,24.510789981447125,34.25840750360751,7.87539230690746,3.752598714416896,4.910229568411387,13.364893656943227,9.3777475E8])
(1.0,[-9.787070707070706,0.10212121212121217,0.2012121212121214,69.15645765821482,25.988937291280145,35.12168831168831,7.2731190694827035,3.850627486991126,4.811423324150599,13.777458524050664,0.0])
(1.0,[-9.190408163265305,0.01520408163265298,0.43867346938775487,69.03325756364399,31.663274700189348,44.30230440774249,7.3520324864639734,4.2083715118700535,5.63264681382757,13.715972702441984,7.55981E8])
(1.0,[-9.288099999999998,-0.4634000000000002,0.06960000000000006,71.64389837373737,30.179030747474748,42.24579377777777,7.456262000000001,4.026195999999999,5.432976000000001,13.77137792560518,7.20612E8])
(1.0,[-8.4398,-0.4159999999999999,-0.09049999999999991,69.06801006060603,32.99495353535351,48.334354292929305,7.102195999999999,4.1223600000000005,5.704860000000001,13.455971365814175,2.210266E9])
(1.0,[-8.523900000000003,-0.5411999999999999,0.0863000000000001,70.01758968686867,30.353249050505056,49.00308011111111,7.314378,3.9812719999999993,5.7103079999999995,13.256167284409578,7.60621E8])
(1.0,[-9.268080808080807,-0.016464646464646508,0.3948484848484847,68.37133607503607,26.240698598227166,43.94064155844157,7.247393123150701,3.8317947148250173,5.454888276706457,13.602813363049206,0.0])
(1.0,[-9.091515151515154,-0.16111111111111115,0.24848484848484845,68.94304768089056,24.516218140589576,42.199155844155854,7.225166819712274,3.6342760942760943,5.37952861952862,13.407479418646094,0.0])
(1.0,[-8.896262626262626,-0.3102020202020202,0.31737373737373736,76.71928078746653,27.00938567305711,46.42398895073181,7.60309356188144,3.970300989694929,5.635114784205694,13.92387382667839,0.0])
(1.0,[-9.152222222222218,-0.2782828282828284,-0.10323232323232318,70.07939297052154,30.526555184498054,44.30672413935269,7.222558922558923,4.187691051933477,5.565023977145191,13.778563667405532,0.0])
(1.0,[-8.640799999999999,-0.4575999999999998,-0.14940000000000014,71.49086602020202,26.12576791919192,49.360502666666655,7.270352000000001,3.8248480000000007,5.754284,13.597920400371182,0.0])
(1.0,[-8.681313131313129,-0.5650505050505049,-0.08202020202020208,71.28083805400951,25.675010966810973,51.309671387342796,7.446025915722885,3.7428772574227116,5.908825630037751,13.604114264197042,0.0])
(1.0,[-9.053838383838388,-0.14787878787878783,0.5573737373737373,69.48497899402184,26.328306679035247,49.589725685425684,7.407964493419037,3.810658096112641,5.769213345576979,13.702847272988214,1.859268E9])
(1.0,[-8.852599999999999,-0.5781000000000002,5.999999999999547E-4,67.40244973737371,20.09364584848486,39.51699155555554,7.175096,3.4750620000000008,5.014860000000001,12.957717125400922,0.0])
(1.0,[-8.721199999999998,-0.08309999999999988,0.7182,66.04197228282827,24.22696504040404,47.85947147474747,6.8668239999999985,3.6281140000000005,5.752855999999999,13.236037788047764,0.0])
(1.0,[-9.322929292929297,-0.3414141414141415,0.47818181818181826,65.19450255617397,28.175716347144906,45.451512987013004,6.9862503826140205,4.0248627691051935,5.505234159779614,13.630788332693147,0.0])
(1.0,[-9.500600000000002,-0.14279999999999987,0.5605000000000002,71.57554509090912,23.734050666666665,39.093475505050506,7.396352000000001,3.686255999999999,5.22855,13.673087246349668,0.0])
(1.0,[-9.075510204081633,0.08693877551020414,0.06612244897959178,68.85291159267831,29.31058022301703,45.42381779928468,7.319500208246565,4.068117451062057,5.547188671386922,13.750819000486196,0.0])
(1.0,[-9.060909090909098,-0.46767676767676764,0.367878787878788,70.85130834879408,20.774262914862927,50.62459239332097,7.304940312213039,3.48245485154576,5.784799510254059,13.61453587461331,0.0])
(1.0,[-8.886,-0.2733000000000001,0.4100000000000001,70.81563636363634,16.20677586868687,37.94987676767677,7.363639999999999,3.2117000000000004,4.924800000000001,13.053600201556812,0.0])
(1.0,[-8.660816326530613,-0.13877551020408155,0.31408163265306127,66.5357168525142,25.839483021249748,41.84508419945296,6.953740108288213,3.781274468971263,5.11746772178259,13.104090657063468,1.479996E9])
(1.0,[-9.251500000000004,-0.24890000000000012,0.1292000000000001,70.82856237373738,28.722450292929285,38.860356929292934,7.593069999999998,3.9547440000000007,5.195119999999999,13.47437678260466,0.0])
(1.0,[-9.17818181818182,-0.30989898989899,0.1596969696969697,72.96354768089054,28.940543867243864,40.96415398886829,7.501267217630855,3.8047505356596254,5.314802571166211,13.629107606031232,7.30011E8])
(1.0,[-8.798181818181817,-0.7485858585858587,-0.14494949494949494,72.85045380333952,28.45241022469594,44.24197015048442,7.5763820018365475,3.752396694214875,5.552580348943985,13.53252208828528,0.0])
(1.0,[-8.490100000000004,-0.3472000000000001,0.046799999999999974,68.80373029292933,28.511775919191923,39.909813898989896,7.3941060000000025,3.841112,5.169608,13.025920584126139,0.0])
(1.0,[-8.753367346938772,-0.27193877551020407,-0.09826530612244891,70.3289112244898,34.0959147590995,40.72393407321691,7.292961266139107,4.129081632653061,5.147119950020826,13.292133041418737,0.0])
(1.0,[-8.948400000000001,-0.20439999999999997,0.4775,72.32398933333333,35.93847337373737,37.260798737373726,7.478864,4.278648,5.212249999999997,13.476390060325022,2.910003E9])
(1.0,[-8.573131313131311,-0.16303030303030305,0.257070707070707,70.16191560502992,31.14868868274584,45.59928214801072,7.181079481685543,3.999504132231406,5.648058361391692,13.372178890065623,7.20002E8])
(1.0,[1.2564000000000006,7.947699999999999,0.7414999999999999,24.139768727272724,82.1522502121212,31.64018257575757,3.7677280000000004,7.9542540000000015,4.4804200000000005,12.203750790870064,2.013072173913044E8])
(1.0,[-1.1272727272727274,8.456969696969695,0.6545454545454547,15.835650649350654,81.51764378478666,34.26100871985158,3.0549862258953184,7.931404958677688,4.797171717171718,12.554745743514324,2.1769159090909094E8])
(1.0,[-0.4942,8.765099999999999,0.9921999999999994,10.896392282828279,83.24842524242425,22.375918343434346,2.4053039999999997,8.218394000000002,3.7672199999999996,12.237804833730856,1.9707745833333337E8])
(1.0,[0.004343434343434316,8.772121212121212,0.5282828282828281,12.633157472686047,81.65088218923934,27.391934776334768,2.663834302622182,7.888595041322315,4.142403836343231,12.50863377563945,2.3399199999999997E8])
(1.0,[-0.1431999999999999,9.031699999999999,0.9772999999999995,12.959068444444446,82.22591324242423,25.298324959595945,2.6746000000000008,8.061296000000002,4.171138000000002,12.617007083805325,2.052214347826087E8])
(1.0,[-0.3613265306122449,9.08,0.8820408163265305,11.766696160319796,79.9596969072165,27.256342183883863,2.6994481466055804,7.844897959183678,4.334614743856726,12.726393857565364,2.034832608695652E8])
(1.0,[-0.7968999999999999,9.173200000000001,0.8419999999999999,11.452696353535353,79.26903208080807,19.748533333333334,2.4722039999999996,7.835071999999997,3.665519999999999,12.396323762859543,1.8616192307692304E8])
(1.0,[0.138888888888889,8.977777777777774,0.5913131313131312,13.35978548752834,78.17158480725621,24.524689074417648,2.660650953984289,7.759797979797979,3.9937822671156007,12.414107136892582,1.8798584000000003E8])
(1.0,[-1.2495999999999998,8.885399999999992,0.6818,14.485737212121215,80.98497054545452,24.09488561616162,2.966752000000001,7.846659999999999,3.9834519999999984,12.56960566609124,2.039104782608696E8])
(1.0,[-0.8855789473684211,8.875263157894743,0.7633684210526315,14.61536960806271,73.19375285554312,21.666028958566624,2.796751246537396,7.338448753462604,3.835900277008311,12.117686916747878,2.0652173913043478E8])
(1.0,[-1.1549494949494952,8.739393939393942,0.7203030303030302,12.282294640280359,81.08787309833025,23.931445825602967,2.6552004897459454,7.79677379859198,4.085619834710741,12.478045862723015,1.9624712499999997E8])
(1.0,[-1.783535353535354,9.238787878787878,0.8290909090909093,15.575072067614922,84.01963320964751,22.84615120593691,3.036857463524131,7.940691766146311,3.9191000918273646,12.993753643997195,1.7630118518518516E8])
(1.0,[-0.8504040404040403,9.338484848484851,0.8894949494949498,11.369850855493707,78.67039461966606,24.70091096681096,2.579228650137741,7.603146617692072,4.07537802265075,12.781701149082137,1.748171111111111E8])
(1.0,[-0.452020202020202,8.520303030303028,0.938989898989899,13.558642815914245,90.40504378478664,25.726064275407122,2.784748495051527,8.22089378634833,4.177908376696254,12.807737422914828,1.8375779166666666E8])
(1.0,[-0.2682828282828283,8.81,0.667777777777778,15.530973551844975,85.76250204081633,28.753929705215416,3.0177920620344865,8.103838383838385,4.386285072951738,12.826684073007069,2.01246875E8])
(1.0,[-0.08819999999999988,9.545,0.5019999999999998,16.787653292929285,83.31284949494952,23.66970303030303,2.9680200000000005,7.860799999999998,3.887479999999999,13.05225871847929,1.6099953333333334E8])
(1.0,[-0.40632653061224483,8.907755102040815,1.0519387755102048,15.372512139701248,86.43242377445819,22.44811682095519,2.8649854227405243,8.058596418159103,3.9169887546855473,12.802841985031488,2.2857519047619048E8])
(1.0,[-1.4395000000000004,8.600600000000007,1.4133999999999995,19.719960353535352,82.90241175757576,22.784606505050505,3.20244,8.059951999999997,3.959276,12.46370284509604,2.065323478260869E8])
(1.0,[-3.5204999999999993,8.440800000000001,1.0696,32.34540681818182,82.94030642424244,29.44882610101009,4.586599999999997,7.916152000000002,4.4093599999999995,13.283237959518305,1.979115833333333E8])
(1.0,[-3.457800000000002,9.163599999999997,1.1958999999999995,31.0014536969697,81.2474677171717,28.799531505050517,4.520559999999998,7.720256000000001,4.243490000000001,13.657007081961048,1.7106628571428573E8])
(1.0,[-4.021122448979591,8.996326530612246,1.444897959183673,32.248816252892894,74.3370523458868,21.167854113191673,4.766997084548107,7.7128571428571435,3.836209912536443,13.074681151238252,2.0826256521739125E8])
(1.0,[-4.582000000000002,8.876300000000002,0.9326000000000001,38.93860808080808,83.8006982929293,26.68412246464647,5.049439999999999,7.923248000000002,4.224616000000001,13.948706164735905,1.9280032000000003E8])
(1.0,[-5.420499999999999,8.265600000000001,1.2034,42.162396717171724,70.6365663030303,23.568935797979805,5.54578,7.212936,3.92214,13.302582499530423,2.363168947368421E8])
(0.0,[-0.13111111111111112,9.31111111111111,0.3381818181818183,3.608642630385488,23.820532426303863,15.761904823747681,1.5732435465768797,4.106801346801347,2.682093663911845,10.302877023676563,1.3333636666666667E9])
(0.0,[-0.6308999999999997,9.470700000000008,0.5923000000000004,3.101232515151515,15.814568191919191,14.004539101010097,1.4689899999999994,3.307272,2.2514819999999998,10.182301990506515,6.932066666666666E8])
(0.0,[-1.0512121212121213,9.390101010101008,0.6515151515151513,4.006643413729126,17.519584683570393,14.409376252319106,1.5925374961738594,3.476249362309969,2.518414447505357,10.261311647921913,9.724885E8])
(0.0,[-1.3812121212121213,9.447878787878784,0.5093939393939395,3.4513556586270857,18.14093933209648,10.549099628942491,1.44962962962963,3.567321701867157,2.1602020202020196,10.234655151315165,1.2266643333333333E9])
(0.0,[-2.1920408163265304,9.445408163265306,0.9356122448979591,3.663632905533347,18.046592099726492,14.005565085209335,1.5381674302374015,3.5904768846314035,2.438594335693461,10.503285273934502,2.0850065E9])
(0.0,[-2.056082474226805,9.354020618556703,1.058865979381443,3.5640969931271482,18.05371804123712,17.603812242268052,1.462818577957276,3.459236900839621,2.951586778616219,10.454350968916554,1.5200195E9])
(0.0,[-2.8503030303030297,9.229595959595963,1.1185858585858581,5.07066827458256,17.99075289631003,18.048310224695935,1.7488582797673706,3.6107111519232733,2.8429343944495447,10.60941129897169,3.010009E9])
(0.0,[-2.667700000000001,9.3764,0.8437999999999997,4.199308797979798,17.64306367676768,17.457284404040408,1.588362,3.436159999999999,2.798864,10.579845951418928,9.99847E8])
(0.0,[-3.174242424242424,9.075252525252523,0.8424242424242424,4.506963450834878,17.341378251906814,12.44769202226345,1.6802693602693604,3.5349923477196192,2.417024793388429,10.363050775543805,0.0])
(0.0,[-3.2009090909090907,9.16636363636364,0.9747474747474754,6.8812124304267135,21.515425417439705,18.139094578437437,2.113131313131312,3.962222222222221,2.836930925415774,10.759309084292791,9.849245E8])
(0.0,[-3.155454545454545,8.96828282828283,0.565353535353535,6.724482189239333,20.477832735518454,13.966867985982278,2.0353719008264464,3.7723783287419654,2.5274992347719634,10.412942938523969,3.050018E9])
(0.0,[-3.5337,9.057200000000002,0.08160000000000003,8.123698292929292,22.464901171717173,10.268462060606064,2.2918920000000003,4.061959999999998,2.386296,10.622027036937574,4.466756666666667E8])
(0.0,[-3.1912121212121205,9.086363636363634,0.4666666666666667,4.8937944341372885,16.93909276437848,13.564569387755109,1.7324334251606974,3.4295684113865934,2.562289562289563,10.46144658178989,1.1100156666666667E9])
(0.0,[-3.489898989898991,9.032727272727273,0.970909090909091,4.8381908060193775,11.57977309833024,11.581314471243045,1.7091929394959702,2.8065013774104677,2.119136822773187,10.342681525475015,2.799988E9])
(0.0,[-3.6596,8.844400000000002,1.1552999999999998,7.083502868686869,17.201085494949492,16.49697667676768,2.0213360000000007,3.465472,2.7720899999999986,10.545514561430245,0.0])
(0.0,[-3.2935,9.216700000000001,0.9581999999999996,8.160748232323234,24.142600111111104,18.91682501010101,2.262259999999999,4.094897999999999,3.088823999999999,10.765331556830215,5.642787142857143E8])
(0.0,[-3.762424242424243,8.968181818181815,1.072323232323232,8.452798144712432,21.36354564007421,16.829415976087407,2.3224364860728492,3.772598714416898,2.9597857361493736,10.679414756564315,6.166736666666666E8])
(0.0,[-3.950404040404041,9.058484848484849,1.0416161616161614,5.955495753452893,18.881802782931363,16.91072389198103,1.8283766962554844,3.5792592592592594,2.8704703601673303,10.788695862271146,3.600315E8])
(0.0,[-3.84438775510204,8.803877551020406,0.7503061224489798,6.719608384178415,20.682347696191876,14.998031864085847,2.11195335276968,3.8980841316118284,2.7193669304456476,10.532909614413326,8.600155E8])
(0.0,[-3.867142857142858,8.792653061224494,0.43428571428571416,5.583468041237113,20.466133094887432,10.83647835051546,1.9370845481049555,3.7318242399000416,2.2209912536443155,10.379241335505215,1.759949E9])
(0.0,[-4.1069696969696965,9.342424242424242,0.9920202020202021,7.856262152133579,24.22548998144712,17.64200199958771,2.2043893480257117,4.025032139577593,2.8961493725130087,11.04148552705362,2.0E9])
(0.0,[-4.202020202020203,8.759494949494945,0.7301010101010101,8.255181591424451,25.91530688517832,15.446223459080604,2.180793796551372,4.298712376288135,2.6635629017447195,10.665324420327343,2.840057E9])
(0.0,[-4.15080808080808,8.869898989898987,0.45252525252525255,7.970054442383011,25.29575815295815,11.990776211090495,2.3761861034588314,4.20072237526783,2.478112437506375,10.759109632206247,7.2996525E8])
(0.0,[-3.9868000000000015,8.632800000000001,0.8946999999999999,5.718872484848488,19.31558804040404,15.474481727272726,1.8170160000000002,3.6938079999999998,2.7055220000000006,10.4550141186704,6.749725E8])
(0.0,[-4.094242424242424,8.941919191919192,0.5808080808080812,5.781183858998145,18.72120342197485,12.255015666872813,1.9257545148454245,3.6410998877665546,2.426685032139578,10.614109336817943,1.319885E9])
(0.0,[-4.116161616161614,8.512121212121212,0.5012121212121211,6.403427973613687,20.631935250463815,12.950108719851576,2.0141189674523003,3.8239057239057233,2.375426997245179,10.224321725730645,3.00079E8])
(0.0,[-4.236200000000001,8.7545,0.5076,6.307627838383836,20.689287626262626,12.916268929292942,2.0512960000000002,3.8416300000000008,2.2985199999999995,10.451183943457687,6.199708E8])
(0.0,[-4.203131313131313,8.744848484848484,0.8536363636363637,5.444862543805401,18.422766048237474,15.342278478664198,1.8874563820018369,3.6045117845117853,2.7008631772268132,10.520495258756872,1.2699483333333333E9])
(0.0,[-4.11448979591837,8.966836734693874,1.0943877551020404,4.965808499894804,19.05441772564696,16.354468177992842,1.8133152852977927,3.651863806747189,2.8292003331945015,10.681048688055611,2.249893E9])
(0.0,[-4.3055555555555545,8.976060606060607,0.6445454545454545,5.938449433106575,20.456085343228203,16.304727087198515,2.0040404040404045,3.8430486685032132,2.8329843893480247,10.864870498654971,8.799895E8])
(0.0,[-4.392828282828283,8.813232323232326,0.5504040404040403,6.968281715110292,23.69506495567924,18.61896105957535,2.172461993674116,4.027174778083866,2.8648056320783595,10.89157860852886,1.5049285E9])
(0.0,[-4.276800000000002,8.702999999999996,0.7647,6.475197737373742,20.928964646464642,16.716606979797984,2.08728,3.7893399999999993,2.6618159999999986,10.588123237368348,1.5599825E9])
(0.0,[-4.4109000000000025,8.6863,0.8849000000000002,6.564497161616162,20.491063949494944,16.87326160606061,2.148208000000001,3.8092479999999993,2.728565999999999,10.567867785860859,0.0])
(0.0,[-4.276868686868687,8.796767676767674,0.893939393939394,5.441809482580912,17.7998465883323,14.770571057513925,1.9045770839710239,3.5793551678400153,2.765901438628711,10.615055436645212,0.0])
(0.0,[-4.3873000000000015,8.704699999999994,0.6101000000000001,9.032361323232324,21.39125950505051,17.50975251515151,2.4086679999999996,3.876993999999999,2.6901379999999997,10.672373844119516,1.01252725E9])
(0.0,[-4.409696969696969,8.555252525252525,0.5655555555555555,8.339117254174399,21.70950274170273,16.049488208616786,2.2192347719620455,3.945805530047952,2.954231200897868,10.614965123922259,1.2251125E9])
(0.0,[-4.598181818181819,8.86868686868687,0.23101010101010105,10.705392578849725,27.544025809111535,18.577088765203047,2.715886134067953,4.394845423936334,3.335667789001122,11.349067264632609,8.2999425E8])
(0.0,[-4.537899999999999,8.694499999999996,0.5845999999999998,10.920283424242424,24.536762373737382,19.75897862626263,2.7061539999999993,4.228410000000002,3.2695800000000004,10.99851766892722,1.03000625E9])
(0.0,[-4.446868686868686,8.571717171717172,0.7759595959595958,9.61289111523397,21.700069470212327,15.717124324881462,2.521646770737679,3.846911539638812,2.7153004795429045,10.728168890411952,0.0])
(0.0,[-4.4808,8.659900000000002,1.0459999999999998,5.4155145050505045,19.134930292929294,17.057690909090905,1.86948,3.5833000000000004,2.9683599999999997,10.6417462188802,9.366656666666666E8])
(0.0,[-4.5821428571428555,9.011428571428572,0.7940816326530611,6.906932474226805,18.63648865979381,13.450659457184933,2.1427696793002915,3.523090379008747,2.567167846730529,10.894474763259264,1.0666603333333333E9])
(0.0,[-4.42888888888889,8.535858585858586,0.8614141414141415,8.852995691609976,20.047389816532682,17.102769408369404,2.3722558922558923,3.737885930007142,2.800673400673401,10.532458241831165,4.120148E9])
(0.0,[-5.123434343434344,8.50303030303031,0.818585858585858,9.07030849309421,17.657329499072357,14.359638796124509,2.4784124068972555,3.4623140495867757,2.4678400163248644,10.733826755464426,1.460068E9])
(0.0,[5.207777777777778,7.678484848484849,0.31111111111111106,13.197272562358275,16.808082374768095,9.951430385487528,2.9224691358024693,3.1553596571778377,2.0993490460157127,10.113970810414576,1.1249235E9])
(0.0,[5.738500000000001,7.632300000000001,0.03620000000000009,13.26008156565657,16.59977142424242,9.26186016161616,3.0186200000000007,3.176224,2.012268,10.323268893528676,1.000031E9])
(0.0,[5.728499999999999,7.356600000000002,0.5295000000000003,16.66314823232322,17.94871357575758,14.88632196969697,3.3893,3.405468000000001,2.6999299999999993,10.37861351323389,1.2999575E9])
(0.0,[5.574795918367344,7.344387755102042,0.6743877551020409,13.464711813591416,16.596420755312433,14.772643435724802,3.003456892961265,3.153277800916286,2.400464389837568,10.13434339369213,1.809296E9])
(0.0,[5.872222222222219,7.266969696969695,0.7442424242424243,11.839201133786853,13.650541743970317,13.551455287569572,2.9229629629629637,2.9271196816651353,2.7507131925313733,10.276341238594707,7.59842E8])
(0.0,[6.044242424242425,7.0233333333333325,0.08898989898989901,14.175938961038959,15.93205714285714,13.693029581529586,3.174937251300886,3.2030976430976437,2.4377655341291726,10.116071097059175,0.0])
(0.0,[6.131562500000003,7.140000000000003,0.5150000000000001,15.94967648026317,16.010589473684206,15.769751578947364,3.3116080729166657,3.091875000000001,2.676354166666668,10.366646752741595,0.0])
(0.0,[6.119696969696972,7.005555555555558,0.047575757575757556,13.401207050092765,16.030708616780046,12.53359814471243,3.030425466789103,3.218563411896745,2.513321089684726,10.248999869618414,0.0])
(0.0,[6.305555555555554,7.177878787878788,0.20727272727272722,17.247012698412703,20.155853617810763,18.770650649350646,3.541032547699213,3.58803183348638,3.1724150596877876,10.823454631215409,0.0])
(0.0,[6.3839999999999995,6.9293000000000005,0.26839999999999997,15.23326666666667,16.670305565656573,15.87803983838384,3.20676,3.1128299999999993,2.46048,10.294253949397774,1.9247895E9])
(0.0,[6.53989898989899,6.902525252525254,0.31303030303030305,13.450425499896925,13.029523149866007,14.576013172541744,3.092835424956636,2.8521987552290584,2.7407040097949182,10.431236334859765,6.03353E8])
(0.0,[6.5214000000000025,6.748399999999998,0.6652000000000006,16.37715559595959,16.536656000000004,15.619071676767682,3.3014560000000004,3.1961680000000006,2.6797360000000006,10.330674129814259,1.3499653333333333E9])
(0.0,[6.6409090909090915,7.0121212121212135,0.8906060606060604,16.221220593692014,15.337986270871983,16.81019350649351,3.348154269972452,3.0409305172941554,2.8837649219467396,10.655880523994977,7.849885E8])
(0.0,[6.652121212121215,6.815252525252525,0.5442424242424246,18.2005719851577,21.48601702741703,16.821655287569577,3.6401224364860747,3.596735027038056,2.744419957147231,10.594040152328597,9.60083E8])
(0.0,[6.723299999999999,6.582700000000003,0.7662000000000001,18.59730112121212,14.74325021212121,17.55672682828283,3.570768000000001,3.0056239999999996,2.676308,10.252830722904946,1.4755095E9])
(0.0,[6.67868686868687,6.683333333333338,0.6292929292929293,16.11757478870336,16.09155102040816,14.197916841888272,3.386227935924906,3.0969696969696963,2.525666768697072,10.264346478763708,0.0])
(0.0,[6.493636363636362,6.808484848484849,0.4990909090909092,17.296082560296835,15.130023191094617,16.017853246753244,3.5495500459136813,2.9625283134374034,2.6249035812672172,10.342249010148677,8.99933E8])
(0.0,[6.420303030303027,6.725454545454544,0.5012121212121212,18.22627643784786,15.416533209647492,12.93749647495362,3.6269543924089382,3.1455096418732778,2.5461646770737683,10.27040467574583,0.0])
(0.0,[6.734747474747475,7.005757575757575,0.5221212121212121,18.142888455988448,16.816865491651207,13.152837291280145,3.4711947760432613,3.19655341291705,2.4783409856137126,10.649902341908346,2.0550845E9])
(0.0,[6.570208333333333,6.602812499999997,0.09406250000000005,18.105562061403507,14.971294111842107,7.875921217105263,3.4310243055555554,2.983763020833334,2.1027343750000003,10.189754837655599,1.0575335E9])
(0.0,[6.837878787878789,6.98040404040404,0.4707070707070708,18.920359740259727,16.581226365697802,15.493100515357657,3.4977410468319547,3.1972655851443714,2.407913478216509,10.648918401318127,6.850178333333334E8])
(0.0,[6.919400000000001,7.0313,0.6427,20.681353171717173,18.64825384848485,15.846720919191922,3.7906599999999973,3.3558219999999994,2.7549860000000006,11.045397925123712,9.60174E8])
(0.0,[6.87673469387755,6.568469387755101,0.0920408163265306,18.590300568062275,15.196153303176947,16.54785970965706,3.575568513119533,3.094027488546439,2.8495168679716794,10.533374366048145,1.310074E9])
(0.0,[6.765000000000002,6.696938775510203,0.5720408163265303,17.376487113402064,15.060066820955186,16.938338060172523,3.468367346938776,3.061382757184508,2.8213577675968344,10.527879613523508,1.445038E9])
(0.0,[6.846082474226804,6.54360824742268,0.6663917525773194,17.34166157646048,14.373648303264607,17.0012045532646,3.4408651291316814,2.8625571261558087,2.9367329152938675,10.510643225757006,1.9049835E9])
(0.0,[6.766907216494847,6.720103092783508,0.4981443298969073,20.71359241838488,20.21982811426117,19.479971520618555,3.9079944733765544,3.463418004038687,3.064584971835476,10.752630059061188,4.82521E8])
(0.0,[6.796060606060608,6.692424242424242,0.5807070707070708,17.40288534322821,15.317649165120596,16.7127494949495,3.4715273951637577,3.0427425772880308,2.840077543107846,10.605684637324126,1.09993E9])
(0.0,[7.138300000000002,6.796200000000002,0.6633999999999998,18.982272838383842,16.536902585858588,16.315160040404045,3.692333999999998,3.1682200000000003,2.7424799999999996,10.974208332517202,8.850325E8])
(0.0,[6.7453,6.4821,0.34109999999999985,19.28668980808081,16.64854201010101,12.263486656565656,3.609476000000001,3.20151,2.4481640000000002,10.426594062853852,2.314911E9])
(0.0,[7.090909090909091,6.474747474747476,0.3513131313131314,21.478530797773658,17.821614986600697,13.740607441764585,3.8186960514233235,3.323552698704214,2.3828568513417,10.541688323398803,7.159668E8])
(0.0,[7.181414141414141,6.5691919191919155,0.2722222222222222,18.522742877757167,14.53330954442383,13.32752562358277,3.5560330578512405,2.9805325987144164,2.3875196408529735,10.615889866311834,0.0])
(0.0,[7.0875757575757605,6.662727272727273,0.5692929292929294,20.44267161410019,16.061762894248613,15.533053576582148,3.831937557392102,3.185344352617079,2.7390858075706537,10.752974806712205,8.260376E8])
(0.0,[7.132727272727274,6.4628282828282835,0.5971717171717172,19.63574452690167,13.98997559266131,15.304522531436819,3.639247015610652,2.9536781961024383,2.572417100295888,10.603290992089251,0.0])
(0.0,[7.293535353535355,6.358383838383838,0.40888888888888897,18.497716965574106,12.57181981034838,13.300681405895691,3.520836649321497,2.7954412815018888,2.47297418630752,10.529359779580222,2.120025E9])
(0.0,[7.079999999999999,6.29,0.5378787878787877,21.777963265306123,16.224159183673468,15.267076066790352,3.88040404040404,3.136969696969697,2.559234771962044,10.494891049378955,2.939789E9])
(0.0,[7.333700000000003,6.2408,0.3942000000000001,20.501011424242428,14.994003393939387,19.764792282828278,3.7274039999999995,3.036864000000001,3.139071999999999,10.98684988139112,9.60083E8])
(0.0,[7.508500000000001,6.170799999999999,-0.0036999999999998874,22.401503787878784,15.344750868686864,14.285181121212121,3.8731900000000015,3.2510960000000004,2.6419599999999996,10.828416580373455,7.333376666666666E8])
(0.0,[7.332222222222221,6.187070707070709,0.347070707070707,22.15828480725624,15.871867862296439,19.564490311276018,3.9709539842873176,3.2939516375880027,3.120440771349862,10.88291515365792,1.0533753333333334E9])
(0.0,[7.357800000000001,6.334,0.6670999999999999,21.090896121212133,16.414563636363642,17.911279383838384,3.8089760000000017,3.180920000000001,2.9544619999999995,10.869585893674117,0.0])
(0.0,[7.461530612244899,5.385918367346939,0.1377551020408163,21.15891206606354,14.493655333473601,14.971856764148962,3.7934777176176606,2.9870970428987915,2.8355060391503546,10.401469123973955,1.680024E9])
(0.0,[7.7951999999999995,5.866100000000004,0.5278999999999999,18.87383935353536,12.132335141414138,12.992339989898987,3.5790960000000003,2.8371980000000003,2.613048,10.712485673522908,8.050155E8])
(3.0,[1.4899999999999995,0.18260416666666662,9.670625,0.002926315789473686,0.003657357456140352,0.001094342105263137,0.04333333333333342,0.041165364583333364,0.027565104166666368,9.786786645959651,0.0])
(3.0,[1.3891578947368413,0.05136842105263154,9.667157894736835,0.012854602463605822,0.015718320268756993,0.0016971556550951503,0.08960443213296393,0.09815844875346258,0.030364542936286314,9.768061142197649,0.0])
(3.0,[1.3913402061855669,-0.023917525773195888,9.677525773195878,0.0014117268041237095,7.219931271477669E-4,6.604810996563484E-4,0.03046870018067805,0.023841003294717823,0.02337761717504498,9.777170108539302,0.0])
(1.0,[5.414948453608248,5.804948453608247,-2.9585567010309286,71.87046484106531,84.27167942439864,38.41703747852234,7.262206398129453,7.831588904240619,4.53880539908598,13.441397331718312,2.42634E8])
(1.0,[5.632448979591839,5.528775510204079,-2.2888775510204082,77.25526198190619,92.06985827898168,48.26886986114032,7.314431486880468,8.485335276967929,5.489125364431485,14.39125402315923,2.64377625E8])
(1.0,[5.955353535353533,5.423737373737375,-1.2052525252525252,89.5420353329211,99.93934201195631,32.981514986600715,8.245032139577596,8.523826140189778,4.2408407305377,14.883956912228815,3.066670666666667E8])
(1.0,[7.519393939393939,3.863939393939394,-1.8421212121212125,85.4301751391466,85.15231391465677,39.394618923933194,8.305625956535055,7.652659932659933,4.748895010713195,14.79898301160307,2.475000833333333E8])
(1.0,[5.941639344262295,5.488360655737706,-0.6734426229508197,80.6771139344262,98.90308393442623,34.899299617486335,7.696312819134641,8.549373824240794,4.712238645525397,14.947454931273986,1.7727936363636363E8])
(1.0,[7.519393939393939,3.863939393939394,-1.8421212121212125,85.4301751391466,85.15231391465677,39.394618923933194,8.305625956535055,7.652659932659933,4.748895010713195,14.79898301160307,2.475000833333333E8])
(1.0,[6.098166666666667,5.350499999999999,-0.7818333333333335,80.52464234463277,99.40041838983045,34.762005056497166,7.664166666666666,8.540216666666673,4.679499999999998,14.94095956255414,1.7727936363636363E8])
(0.0,[2.041326530612244,9.575816326530612,-0.33959183673469395,15.900308531453817,14.242789532926567,13.85164931622133,3.30679716784673,2.6377717617659306,2.8359100374843824,11.292940049632339,1.974243E9])
(0.0,[2.3564948453608254,9.78896907216495,-0.9816494845360823,23.273535502577314,20.38598225945017,18.049107667525778,3.8559230523966432,3.3951620788606642,3.1302285046232314,12.041747479482005,7.54191E8])
(0.0,[2.3977551020408163,10.332653061224496,-1.2229591836734692,23.4768196507469,15.190665053650322,16.19795300862613,3.882948771345273,3.1248979591836736,2.9368450645564357,12.361229815241154,7.383423333333334E8])
(0.0,[2.266938775510204,10.131938775510203,-0.824081632653061,17.512021460130438,14.409314759099516,20.7308347149169,3.3915701790920445,2.9286276551436905,3.327367763431904,12.118895291026506,1.100037E9])
(0.0,[2.1138383838383845,10.103535353535358,-1.1719191919191918,24.47819736136879,17.150992475778185,18.717664646464645,3.916108560350985,3.2680155086215694,3.0600591776349355,12.34667782963961,1.4533083333333333E9])
(0.0,[2.3116326530612237,10.123061224489794,-0.9260204081632655,21.95745916263413,15.890336924047972,19.832015958342097,3.5157184506455645,3.086905456059975,3.281607663473553,12.301921860375494,8.274995E8])
(0.0,[2.370618556701031,10.259793814432992,-0.9386597938144333,29.183274613402066,18.45115204037801,21.009955476804134,4.413550855563823,3.396698905303433,3.3680773727282403,12.740195553878108,8.600156666666666E8])
(0.0,[2.348200000000001,10.188699999999997,-1.0813000000000001,23.180402787878787,16.143518494949497,20.981892232323222,3.8181080000000014,3.1778220000000004,3.421162000000001,12.466589139252381,1.08666E9])
(0.0,[2.361530612244898,10.279693877551013,-1.0980612244897956,27.721998664001692,16.655240111508526,18.38971063538818,4.25603706788838,3.1949875052061634,3.1248229904206584,12.610318885474022,1.100006E9])
(0.0,[2.092448979591837,10.117448979591833,-0.9625510204081632,23.514198064380384,18.00374703345255,24.01241713654535,3.8599500208246558,3.376424406497292,3.737640566430653,12.485702028420343,1.002495E9])
(0.0,[2.3202020202020197,10.249494949494949,-1.306363636363636,23.857895877138734,19.107808925994625,21.86511521335807,4.177957351290684,3.4057626772778296,3.3654545454545457,12.653037836902477,2.1650085E9])
