(0.0,[2.263030303030303,10.264545454545456,-1.0945454545454547,24.516096846011138,18.899716883116877,22.029992393320963,4.26734006734007,3.4022956841138665,3.4084848484848487,12.64162412394458,1.6450195E9])
(0.0,[2.3054081632653056,10.224285714285713,-1.1272448979591838,24.30754467704609,16.73342886597939,18.89792532084999,3.8976030820491467,3.1859766763848385,3.2276593086214085,12.434728759484784,8.37494E8])
(0.0,[2.1905050505050503,10.180101010101007,-1.0128282828282829,20.439127293341578,16.344415295815292,19.44428579674295,3.6630751964085295,3.172029384756658,3.148464442403837,12.27787410463655,1.1049805E9])
(0.0,[2.0960824742268036,10.172371134020613,-0.8636082474226805,26.4202824097938,20.63464119415808,23.935406636597932,4.09450100967159,3.6280114783717723,3.6305303432883402,12.678520400401295,5.4499825E8])
(0.0,[1.7066666666666668,10.114242424242422,-0.9552525252525256,27.875067346938767,20.387836920222632,23.660641517212945,4.393602693602692,3.601689623507805,3.505946332006939,12.625698674413785,1.10500325E9])
(0.0,[2.2383505154639174,10.456082474226806,-1.1554639175257737,26.320097250859103,20.250749076460487,23.00514379295532,4.03317674566904,3.5786417260070142,3.33635242852588,12.83231346603482,8.0500025E8])
(0.0,[1.916734693877551,9.997857142857148,-1.0560204081632654,32.36057479486638,22.25526649484536,26.202154102671987,4.505439400249897,3.6069533527696778,3.7504643898375667,12.795732180678922,1.0673316666666666E9])
(0.0,[2.3051,10.2102,-1.2422000000000004,24.748655545454543,18.606203999999995,20.269789050505057,4.042084000000002,3.4034200000000006,3.34696,12.567410395075488,1.4733276666666667E9])
(0.0,[2.4674747474747467,10.130101010101013,-1.017878787878788,26.192441517212945,20.82717243867244,22.07270463821893,4.011543720028569,3.4558657279869394,3.358010407101316,12.673950121606822,7.700012E8])
(0.0,[1.9253608247422678,10.00185567010309,-0.7858762886597938,22.232329295532647,19.300638187285227,23.020580734536082,3.718295249229461,3.393818684238494,3.565320437878627,12.279351663837337,9.9500275E8])
(0.0,[2.13020202020202,10.077575757575758,-1.1190909090909094,28.66892240775098,19.676449165120594,17.191549165120588,4.090070400979491,3.4334129170492798,2.9340679522497695,12.474681168923963,8.3998875E8])
(0.0,[2.0878787878787888,10.302626262626253,-0.9556565656565655,23.398947495361785,17.802054256854255,20.933306452277883,4.148576675849404,3.3675012753800644,3.2623487399244984,12.485734228307605,1.10499575E9])
(0.0,[1.909183673469388,10.185102040816325,-1.0627551020408168,22.609535409215237,16.275812876078273,19.514494393014925,3.8504748021657638,3.133377759266972,3.2345855893377755,12.296204054966358,1.669983E9])
(0.0,[2.396399999999998,10.295499999999997,-0.8496000000000001,28.48004145454546,21.12801287878788,18.148595797979794,4.210799999999999,3.43085,3.0054879999999993,12.66844547780373,1.15756225E9])
(0.0,[1.8880808080808085,10.005050505050503,-0.6827272727272725,22.242495258709546,17.254717089259945,19.970805751391456,3.9042301805938164,3.276720742781349,3.2971349862258954,12.081539548429303,1.3035073333333333E9])
(0.0,[2.091224489795919,10.143469387755104,-1.2128571428571422,21.218002608878596,16.972618767094463,19.29317731958763,3.7886005830903784,3.1917117867555187,3.1271137026239058,12.231026684608748,1.705002E9])
(0.0,[2.096899999999999,10.280000000000001,-0.9259000000000001,26.94173877777779,18.806581818181826,20.380961808080816,4.1931340000000015,3.4025999999999996,3.3218479999999997,12.570486980229683,1.13002025E9])
(0.0,[2.2125252525252534,10.227878787878785,-0.8211111111111108,28.049325190682335,20.2941025974026,20.99151814058957,4.171233547597186,3.4862565044383222,3.382042648709315,12.726304548531647,9.8000325E8])
(0.0,[1.9841836734693878,10.250612244897958,-1.2595918367346939,24.072263759730696,17.822527456343366,18.16231735745845,4.224283631820073,3.3500249895876717,2.986376509787588,12.376514361092543,1.1324845E9])
(0.0,[1.9523232323232316,10.146868686868688,-1.084949494949495,22.317285363842515,18.206466625438058,20.331806885178302,3.86863789409244,3.319008264462811,3.277334965819814,12.31403246657426,1.359833E9])
(0.0,[2.1144897959183684,10.349489795918371,-1.1461224489795918,26.528420871028825,18.06555746896696,17.99826934567641,4.152532278217409,3.3141732611411916,3.102911286963766,12.564042870157792,1.13002025E9])
(0.0,[2.0359595959595955,10.154848484848488,-0.7983838383838383,22.193175345289635,16.629047680890533,21.394483075654506,3.6923252729313347,3.1900336700336704,3.4413855729007237,12.256728971796912,1.1200256666666667E9])
(0.0,[2.260000000000001,10.370000000000005,-0.9521212121212121,21.66802448979591,15.713844897959182,16.70343933209648,3.871919191919192,3.0533333333333337,3.058481787572697,12.325794419891558,8.549955E8])
(0.0,[2.22131313131313,10.34474747474747,-0.953232323232323,21.498852339723772,15.704017027417027,16.706587404658844,3.836749311294766,3.04842158963371,3.0593796551372305,12.28885062431951,8.549955E8])
(0.0,[2.1887500000000006,10.259375000000006,-0.5147916666666668,22.613684736842103,18.673944868421053,21.468054692982456,3.6505468749999994,3.3897656250000003,3.4538107638888884,12.389559962213742,8.75E8])
(0.0,[2.116666666666666,10.245151515151512,-0.8871717171717173,19.791222448979596,14.481808905380332,17.05674498041641,3.5724579124579114,2.922093663911846,3.056932966023874,12.113870568186627,2.00502E9])
(0.0,[2.1526804123711334,10.07432989690722,-0.9085567010309277,21.683623990549822,16.224491473367696,20.72093122852234,3.5975385269422877,3.01327452439154,3.3159825698799024,12.198356284781623,5.499776666666666E8])
(0.0,[1.7947959183673472,10.273979591836731,-0.8912244897959188,20.962472638333686,21.38456028823902,21.872295392383755,3.544110787172012,3.572548937942522,3.541920033319449,12.447652473983961,8.4490975E8])
(0.0,[2.05010101010101,10.450101010101015,-0.9208080808080809,19.42384386724386,13.833729581529585,15.977195258709543,3.336055504540353,2.9065707580859095,2.9313110907050297,12.199567555314415,9.180664E8])
(0.0,[2.0765306122448988,10.133265306122448,-0.6847959183673469,19.760373406269725,14.003380980433413,16.243489133179043,3.392057476051645,2.824552269887547,2.947498958767181,11.941278899306363,8.420104E8])
(0.0,[2.0427272727272725,10.216969696969695,-0.8205050505050502,16.814834322820033,12.516392764378484,15.072396681096683,3.11052341597796,2.71677379859198,2.7926803387409436,11.856119362678912,1.3599953333333335E9])
(0.0,[1.9647959183673465,10.085816326530614,-0.5360204081632651,20.195583978539872,14.867511182411109,17.28770461813592,3.493392336526447,2.9134152436484806,3.095972511453562,11.925584505973895,8.27507E8])
(0.0,[2.0968041237113413,10.45474226804123,-0.7352577319587627,18.532599054982818,13.206579359965643,14.049437693298964,3.338833032203212,2.8918779891593136,2.6725518120948046,12.022456022460245,9.2746725E8])
(0.0,[1.8812121212121213,10.153232323232327,-0.6605050505050506,22.061867903525055,18.0519465883323,19.965325252525265,3.721028466483012,3.321036628915418,3.342438526680951,12.218826101566247,1.7099915E9])
(0.0,[2.3387878787878775,9.97949494949495,-0.21818181818181817,15.695969944341371,14.770568109668112,16.193294619666048,2.9892990511172335,2.9331558004285263,3.0567125803489446,11.742650642018747,1.04249575E9])
(0.0,[2.23469387755102,10.049795918367348,-0.6002040816326532,19.284866400168323,15.104896865137809,14.879723669261523,3.200649729279466,2.91222407330279,2.767080383173678,11.877883948140408,5.5249025E8])
(0.0,[4.617500000000001,11.604999999999999,-0.46750000000000025,21.92719285714286,24.256685714285705,14.263507142857142,4.34,4.07125,3.0893750000000004,13.417936960808904,0.0])
(0.0,[2.444040404040403,10.295050505050497,-0.5566666666666668,20.837299835085545,16.478678313749743,15.69277142857143,3.3866217732884394,3.0933884297520655,2.9522558922558915,12.217845261191657,0.0])
(3.0,[-7.17469387755102,-0.9092857142857147,-6.73530612244898,0.012169492951819925,0.012808762886597934,0.006289080580685879,0.08711786755518519,0.0794314868804664,0.0644523115368596,9.884014348177779,5.833435714285716E7])
(3.0,[-7.2731249999999985,-0.7570833333333331,-6.686562500000001,0.03192697368421049,0.03473035087719297,0.021759638157894688,0.12305989583333285,0.15120659722222216,0.11143229166666666,9.91281173593344,5.8117670588235304E7])
(3.0,[-6.757142857142855,-0.5386734693877553,-7.270204081632652,0.4217649484536075,0.05127554176309698,0.5544906795707975,0.5672594752186592,0.1926718034152436,0.6265805914202416,9.98589835101415,0.0])
(3.0,[-7.178888888888889,-3.1309090909090918,-5.575050505050508,1.7711814058956916,2.986728756957328,1.2534170892599465,0.829158249158249,1.3804958677685943,0.8559269462299777,9.897914160867636,0.0])
(2.0,[-1.6095918367346937,9.73642857142857,0.9314650098979591,0.015434883231643146,0.004006701030927836,0.022581564425163604,0.09617242815493542,0.051501457725947275,0.11807327479175343,9.914329885629547,5.061827835051547E7])
(2.0,[-1.665816326530612,9.728775510204084,0.9341056956122453,0.07342458447296439,0.038821165579633964,0.05670192791946569,0.20562682215743439,0.1367388588088302,0.1803575732673886,9.920586653539294,3.2144171428571427E8])
(2.0,[-1.2423958333333334,9.687708333333333,1.513135502083334,0.07173209429824558,0.00944521929824565,0.041668675174219315,0.1966796874999999,0.0724348958333334,0.16003022105034725,9.889232122244191,5.1990715789473675E7])
(2.0,[-1.2403061224489798,9.65173469387755,1.4643263580612247,0.5913576372817166,0.1465938670313483,1.0594113332984516,0.5223344439816745,0.2700312369845898,0.7168636780154103,9.92475322839108,3.191706666666666E8])
(2.0,[-1.1383838383838385,9.803232323232324,0.8231367796969699,0.7917871572871571,0.24775271078128233,0.3199628282869951,0.5069237832874196,0.1571513110907052,0.44684079895316803,9.963224830281256,0.0])
(2.0,[-1.1077894736842109,9.813894736842109,0.8831720268421052,0.06832591265397533,0.011102754759238536,0.02804936857053318,0.21299501385041564,0.07882548476454344,0.13504141892520777,9.92037684591311,8.820006E8])
(2.0,[-0.9766037735849056,9.846981132075472,0.8567969737358493,0.09016901306240929,0.08082148040638602,0.11604794705261562,0.21326450694197227,0.1649270202919188,0.2592472477550729,9.942754357113724,1.9831333333333334E8])
(2.0,[-1.0838541666666666,9.8346875,0.8397795681666662,0.09377762061403515,0.0523135855263158,0.07463058522425524,0.24329427083333333,0.14158854166666668,0.21524761289583344,9.93829929331899,4.0455209090909094E8])
(1.0,[1.7104040404040401,8.032727272727271,1.7092848261616171,22.904846773861053,66.15781799628942,21.252379344569395,3.7862911947760436,7.010596877869606,3.8221549852606875,11.717019954441927,2.6500157142857143E8])
(1.0,[2.258469387755102,8.254183673469388,1.7596655550612241,22.084060519671777,64.11919571849359,23.89816375299959,3.6785485214493967,6.8949666805497705,3.8976744018750518,12.003893932990852,3.327303636363636E8])
(1.0,[2.2591836734693875,8.230612244897957,1.7746757405714284,20.117349842204916,66.50237281716812,23.260105372604134,3.364014993752604,7.137180341524365,3.8207855390204077,11.83299924896133,3.400080769230769E8])
(1.0,[2.9924242424242418,7.610000000000003,1.63788119969697,20.863785899814474,65.6514224489796,26.39406331671054,3.6266360575451477,6.902828282828282,4.199230620489744,11.803419108358748,3.8453809090909094E8])
(1.0,[3.852040816326532,7.9368367346938795,1.952018167816327,25.34863084367768,56.705757931832544,22.654439340552717,4.228571428571426,6.370435235318615,3.917517730142855,12.07365096905292,5.312385E8])
(1.0,[3.943298969072164,7.910206185567012,1.9047424281443297,24.72709108676976,57.70489579037806,25.381615079899493,4.089586566053777,6.375457540652567,4.055936585998513,12.167870278444497,4.744364444444444E8])
(1.0,[4.146326530612242,8.08826530612245,1.9125469790816325,23.94067502629918,58.63059180517567,29.434705152776136,3.9243606830487288,6.534050395668471,4.629066036391089,12.329980609763837,3.3285521428571427E8])
(1.0,[4.268469387755101,7.387142857142859,1.473638222346939,31.31940897328004,60.74476082474232,26.04080291770213,4.5400562265722595,6.587346938775509,4.162128106224488,12.13539307799964,4.299896E8])
(1.0,[4.092604166666667,7.462500000000001,1.9475678753749996,28.531909989035093,59.65698315789474,25.421569627955776,4.496833767361109,6.417395833333334,4.211652147059897,11.996792574810515,3.89998E8])
(1.0,[4.456326530612246,7.530816326530609,1.737845160510204,27.918988428361043,62.70656427519459,26.89951842617509,4.3247480216576415,6.7293710953769255,4.3453333917451085,12.287017088162578,3.616561666666667E8])
(1.0,[4.1909090909090905,7.777676767676768,1.7495955727272732,28.540461410018548,59.073862914862914,25.622506555581836,4.344646464646463,6.484817875726963,4.207124026078973,12.170620605441746,3.5768946153846157E8])
(1.0,[4.279072164948454,7.775567010309282,1.8848033705154639,28.65066892182132,56.34670410223367,25.38993253867083,4.295950685513872,6.340858752258478,4.161520709354872,12.174689857223813,4.289978E8])
(1.0,[4.190808080808079,7.707777777777778,1.962293120606061,29.204103421974846,55.71477460317462,23.12093524533229,4.44956841138659,6.366576879910213,4.020686058745024,11.987860492649464,4.369965E8])
(1.0,[4.276391752577321,7.767835051546392,1.6077626921649475,28.984942053264618,59.257371305841936,28.818624907381594,4.265220533531723,6.4434243809118925,4.364414521156338,12.466074171025845,4.319946E8])
(1.0,[4.380714285714287,7.5685714285714285,1.5812111892244907,30.69772422680412,60.48522886597939,27.41887763626453,4.548615160349853,6.610349854227405,4.321124784244897,12.479506331409583,5.33748625E8])
(1.0,[4.259896907216493,7.462371134020617,1.5657783082474224,30.206321864261167,58.1406870274914,28.867376674882166,4.454322457221808,6.417799978743758,4.449529764523329,12.066282751679154,3.516693333333333E8])
(1.0,[4.153265306122449,7.6912244897959186,1.7618892781224489,28.007527372185997,58.73888714496106,25.09800063361237,4.2845564348188265,6.668467305289463,4.0781822790204085,11.899637902612728,5.33756375E8])
(1.0,[4.242371134020622,7.63896907216495,1.7724706079381438,27.07737452749141,58.40808642611682,35.126942353764406,4.4705452226591555,6.475147199489851,4.988651778038049,12.457400794487445,3.191579166666667E8])
(1.0,[4.385757575757572,7.924242424242424,2.2576758418585854,24.976612430426723,58.26864304267158,28.51222179576745,4.104860728497093,6.604744413835322,4.577095548134274,12.18735468127878,3.541666666666666E8])
(1.0,[4.426632653061226,7.948469387755102,2.027625038693877,30.627628750263007,58.96711206606358,26.21437146867154,4.440102040816327,6.689804248229905,4.222687904952937,12.406806368161867,4.777662222222222E8])
(1.0,[4.345979381443298,7.722061855670105,1.8145954292371131,27.533626374570446,58.43552070446734,34.027837784189174,4.272596450207249,6.592847273886703,4.928849059121265,12.477798336569982,4.50004625E8])
(1.0,[4.300309278350516,8.16876288659794,1.7144788553608248,28.298655111683857,63.02188803694157,34.43921437709381,4.432658093314911,6.880476139866086,4.94848705356786,12.8391826508881,3.8231015384615386E8])
(1.0,[4.170408163265306,7.440612244897959,1.9478486937142858,30.335915295602778,56.52679755943614,32.30302706323395,4.539650145772593,6.454656393169512,4.879286744804663,12.29373359058112,6.057172857142857E8])
(1.0,[4.220505050505052,7.431111111111112,1.7087345217777778,30.244823211708926,55.89948548752836,27.71311918087263,4.4981369248035925,6.386958473625138,4.3694175389180705,12.102639090749628,6.114241428571429E8])
(1.0,[4.179278350515462,7.1076288659793825,1.6135197310309282,39.166596348797256,53.01042661082473,25.033222518902303,5.02851950260389,6.255444786906151,4.076501000999044,11.904250410545208,6.228507142857143E8])
(1.0,[4.065151515151515,7.354444444444445,1.4934229752525252,41.87645992578851,60.108020861678,31.966543571785607,5.26309152127334,6.681234567901233,4.624064251239669,12.501355204433468,3.8546472727272725E8])
(1.0,[4.219897959183674,7.531632653061225,1.8712690260204077,31.55482988638756,57.417916894592885,27.441168584222254,4.492132444814661,6.436768013327781,4.355391248511039,12.094701076114852,4.13638E8])
(1.0,[4.058469387755101,7.68295918367347,1.8853062823061224,28.745452272249114,54.185239606564274,32.51603742616484,4.5117513536026665,6.281817992503126,4.8087939581491055,12.196629714608395,4.36245E8])
(1.0,[4.225918367346939,7.538571428571429,1.72255702632653,29.663886261308654,64.29070721649481,29.09737327706691,4.4533402748854645,6.765160349854226,4.56543162834652,12.502945358844919,3.7917075E8])
(1.0,[3.922857142857143,7.017142857142859,1.6646010434693888,37.34249278350516,54.23898969072167,24.61875860409808,4.90991253644315,6.376618075801751,4.083404041357767,11.743001045702073,5.2142757142857146E8])
(1.0,[3.979381443298969,7.249381443298968,1.5916148575257734,42.032362113402066,58.14488086340206,32.50074297739484,5.283254330959721,6.5411797215432035,4.59374995156977,12.422576474954301,3.9000354545454544E8])
(1.0,[4.336288659793814,7.6332989690721655,1.791707620103093,32.17206316580755,58.3036619201031,26.642563124050596,4.562389201828039,6.4937782973748535,4.295975498044426,12.153125795794125,3.9181245454545456E8])
(1.0,[4.178888888888888,7.381818181818184,1.4877822298989904,39.55226712018141,61.187239517625244,30.98190605484321,5.0664197530864215,6.652047750229567,4.5382509223344565,12.481459443208859,3.3154061538461536E8])
(1.0,[4.144848484848482,7.462424242424245,1.8564946884848483,29.791559925788473,55.28336345083487,29.946884997547066,4.424077134986228,6.32260177532905,4.566105871772268,12.022520004547085,4.43756125E8])
(1.0,[3.833673469387755,7.202857142857143,1.9449300954693878,30.924322448979584,51.25860206185565,27.750771824183115,4.585218658892126,6.0185131195335275,4.344720775681799,11.767286112286248,6.099984285714287E8])
(1.0,[4.213711340206186,7.548453608247423,1.9906770030927843,27.969554832474227,55.89623195876288,33.173769086500755,4.3224062068232545,6.4944414921883284,4.867951902285046,12.165464182580667,5.3372575000000006E8])
(1.0,[4.250202020202023,7.70646464646465,1.865987647878787,34.175618326118325,61.13571492475779,27.781057986427946,4.689505152535454,6.666791143760842,4.445461355849406,12.427395040920636,4.880035E8])
(1.0,[4.02969696969697,7.357979797979796,1.966558105656566,32.571178478664194,59.39584485673058,22.609914633258516,4.615433119069484,6.4797367615549435,3.8063848143740415,12.178978448668003,5.3126525E8])
(1.0,[4.137755102040815,7.564591836734692,1.4358348363265308,32.57792274353039,57.32343333683988,33.36911430237881,4.640608079966681,6.569004581424409,4.928041492986253,12.356193091939494,4.7111011111111116E8])
(1.0,[3.961562499999999,7.400416666666666,1.3059927281874997,35.848996480263146,58.96482719298244,26.955722900192445,4.893535156249999,6.357699652777776,4.003705319141926,12.23659363216634,4.989013333333334E8])
(1.0,[4.20814432989691,7.63061855670103,1.717287138659793,34.75693818728522,57.96221003006872,30.502587345743255,4.822752683600808,6.375908173025827,4.627840644212989,12.57925790236364,5.31253875E8])
(1.0,[4.380927835051547,7.639072164948456,1.497536149979381,35.80398767182131,61.31563558848799,29.038356107381603,4.9446678711871614,6.545698799022216,4.489512094865766,12.68128486839088,4.666646666666667E8])
(1.0,[4.058469387755102,7.326428571428569,1.7357604395918367,33.107598664001664,57.53103350515468,28.433367314213694,4.678548521449396,6.344169096209914,4.350867209387756,12.133284696119084,4.5000309999999994E8])
(1.0,[4.044343434343433,7.635959595959595,1.5187375565656562,29.072649309420722,61.13760391671818,27.620322026133714,4.19561269258239,6.674380165289253,4.276719744883176,12.141238655306209,4.660065E8])
(1.0,[4.079578947368422,7.698631578947367,1.9991803153684216,29.792231735722293,55.548875767077256,25.625789187119622,4.531592243767312,6.205498060941827,4.196515882770085,12.333964744760928,5.155367777777778E8])
(1.0,[4.036363636363634,7.446666666666668,1.94881035610101,28.63915194805195,52.91251428571427,24.00141620578871,4.37766758494031,6.073939393939394,3.9856603251504943,12.036495294447056,6.014404285714285E8])
(1.0,[4.177346938775512,7.638775510204083,1.77495368944898,35.29240319798024,53.154320134651805,27.45787996065025,4.824939608496461,6.159133694294044,4.372372706900042,11.99327212584668,5.28759E8])
(1.0,[4.257777777777776,7.916565656565654,1.825401755393939,31.922921541950124,54.98030645227789,28.86344450640165,4.698922558922559,6.375388225691255,4.472440801949188,12.258727422463817,7.13333E8])
(1.0,[4.248080808080807,7.627070707070707,2.1470620839393937,32.00416464646464,56.68876582148013,27.867032712004526,4.527315580042851,6.600332619120499,4.439908183575144,12.139650027266212,4.309997E8])
(1.0,[4.515858585858588,7.716969696969696,2.165497714060607,28.869449000206156,53.275476437847864,16.19833897941661,4.125868788899091,6.052837465564741,3.3223976429311297,11.93477646659229,4.077826666666667E8])
(0.0,[0.7152525252525249,9.743636363636359,1.1672225443636361,4.415231313131315,14.424570315398881,7.464694001912139,1.6378104275073966,3.110156106519742,1.7829940130615245,10.345401120931466,4.359955E8])
(0.0,[0.8184693877551017,9.8545918367347,1.215268583510204,4.211975983589314,14.667018903850195,6.824372845105579,1.5912473969179508,3.1552040816326525,1.690477466207414,10.43445556500443,9.05014E8])
(0.0,[0.8275510204081636,9.83591836734694,1.144526144244898,3.9874764148958546,14.850131622133391,6.791239835041316,1.6294377342773845,3.1666513952519795,1.7347676847230318,10.439690843013283,5.37774E8])
(0.0,[0.9892929292929296,9.657676767676763,1.2969597817171712,4.695214801071944,17.774638425066993,6.803397769401086,1.7294867870625448,3.5093092541577393,1.8058960781165183,10.311827911960913,8.3250425E8])
(0.0,[0.8941666666666671,9.897083333333335,0.9112863793541667,4.932184561403509,18.110132456140356,6.3792597623495,1.8352777777777773,3.4613368055555553,1.7340405081388892,10.516193074712138,2.885785714285714E8])
(0.0,[0.955959595959596,9.890808080808084,1.1445219308686863,3.744675345289632,15.340797299525871,6.540187008318741,1.5435180083664928,3.2424160799918376,1.707083559218855,10.47304815150927,1.724991E9])
(0.0,[0.8584693877551021,9.781020408163265,1.0662786564285713,4.925559488743951,18.059194824321477,6.167441232319152,1.8483902540608077,3.52073302790504,1.6783207019241981,10.385407908947696,6.166586666666666E8])
(0.0,[0.9196938775510205,9.994591836734699,1.0433464403061226,4.85427928676625,17.35680859457185,6.17302484180657,1.8156434818825495,3.4206538942107443,1.7408290838817155,10.602634194834426,1.07999425E9])
(0.0,[1.1925252525252532,9.805656565656564,1.0705043051919192,5.048929272314986,17.311035023706452,7.168460293816944,1.870782573206815,3.340373431282522,1.8535652162163048,10.500877625594834,1.0700073333333333E9])
(0.0,[1.1830526315789471,9.571473684210524,1.0017407471578943,4.39960228443449,18.614399932810752,8.056965415623353,1.7673772853185592,3.5358360110803324,1.954532738996123,10.287004100885662,0.0])
(0.0,[1.844123711340206,9.655670103092783,1.126978459958763,5.161372401202748,20.64671230670103,7.147309455768169,1.876331172281858,3.6870825805080236,1.869503822710171,10.511014129869858,4.599948888888889E8])
(0.0,[2.345555555555555,9.602525252525258,1.3272272174747473,6.744865759637186,18.888635394763966,8.531995941667569,2.192076318742985,3.6763391490664223,2.036509499010306,10.654322673548192,4.278137E9])
(0.0,[2.2914141414141413,9.573535353535357,1.3093419085050508,4.828136755308183,17.58152716965574,8.998867622803521,1.9305193347617589,3.483428221610039,2.1693526944809713,10.566124438892901,7.999955E8])
(0.0,[2.139999999999999,9.388842105263157,1.207192935305264,5.631431914893616,17.656667793952973,9.977291809026077,2.0656842105263156,3.5251457063711915,2.2647355968944027,10.427686928116199,5.783233333333334E8])
(0.0,[2.402525252525253,9.357171717171722,1.2091841947272728,5.541717027417027,16.924471511028656,8.820974635472036,2.076237118661361,3.3978369554127132,2.2028275395078056,10.396943917449681,8.359862E8])
(0.0,[2.5593684210526315,9.473789473684212,1.5264825449684216,4.8823953415453545,20.33157272116461,9.253910414160174,1.8526116343490309,3.8174049861495845,2.157381572757453,10.591655111073457,6.057128571428572E8])
(0.0,[2.9515306122448983,9.269183673469387,1.4992111152244896,4.994619282558384,18.29115190406059,9.075943571701742,1.9298667221990837,3.614710537276136,2.2070720933835903,10.497239901867722,4.820465E8])
(0.0,[3.0409375,9.43052083333334,1.614153066020833,5.566008585526316,17.481607094298248,10.409030732749144,2.088626302083334,3.4998741319444453,2.476370141523872,10.766871779261777,4.933302222222222E8])
(0.0,[3.1433673469387764,9.355612244897959,1.4486212633673465,5.876049368819692,17.200960961498005,10.384294761939742,2.0816659725114546,3.4597834235735103,2.3532823760953776,10.745641364592498,7.2248075E8])
(0.0,[3.21040404040404,9.203434343434344,1.4366027272727273,5.917001875901875,17.57692073799216,11.241456600429885,2.1535557596163666,3.469333741454954,2.5884469515151505,10.621340807744726,5.2624900000000006E8])
(0.0,[3.505714285714285,9.249183673469382,1.5753738710816325,6.184455670103089,19.94192716179256,10.390964253625345,2.0366472303206993,3.6606122448979597,2.359780532310704,10.749020611867364,5.2000425E8])
(0.0,[3.4427551020408167,9.150612244897966,1.563143354755102,6.010071712602566,20.4756965285083,10.406520096556697,2.0070408163265308,3.714298209079551,2.3683322506851305,10.632005722126507,5.2000425E8])
(0.0,[3.242577319587629,9.437525773195878,1.6692648682680409,6.106998496563574,19.02426464776632,12.216351047349463,2.195440535657349,3.7089956424699766,2.640743522423636,10.966770816323963,6.99997E8])
(0.0,[3.2268,9.1536,1.6723062961999993,5.920735111111111,19.09406973737374,8.847949601779431,2.089935999999999,3.5742719999999997,2.1634941788120003,10.520943593444057,9.4992E8])
(0.0,[3.40060606060606,9.008080808080807,1.4205059713939399,5.796705751391465,22.201797299525868,9.845828142763164,2.081763085399449,3.921456994184267,2.264048952695439,10.480894099895195,7.819886E8])
(0.0,[3.7732291666666673,8.99739583333333,1.6320297796458327,6.724011567982455,22.87964051535088,10.771060200662475,2.223370225694443,3.978537326388888,2.389026115302517,10.606045812582309,6.933288333333334E8])
(0.0,[3.4696969696969693,9.083636363636366,1.7424414570303026,5.258233580705008,20.280164192949904,9.924815189730367,1.918304254667891,3.74277318640955,2.414430030966636,10.587784144813162,8.16671E8])
(0.0,[3.434545454545456,9.362323232323233,1.5765208452727275,5.539437291280146,20.619054751597616,10.411891466505288,1.9900459136822777,3.768111417202326,2.44164847471809,10.83113147745248,6.400043333333333E8])
(0.0,[3.407448979591837,9.291020408163263,1.592051867204081,5.065043940669051,21.75241338102251,10.561583368520132,1.8818867138692204,3.860633069554351,2.443459745139525,10.738338392572052,8.299926E8])
(0.0,[3.442604166666667,9.067812500000002,1.6266384068125004,5.022613146929824,19.350387796052637,9.717543825525937,1.9254665798611108,3.629778645833333,2.322771777940105,10.497985753785272,4.816895E8])
(0.0,[3.5008080808080804,9.357070707070708,1.7033689648888892,5.545813626056485,22.63231684188828,10.033256171789734,1.973106825834098,4.048152229364349,2.3318852673580253,10.889026055564434,9.71991E8])
(0.0,[3.587755102040817,9.020408163265305,1.6013637336122448,6.264349547654114,18.931480244056388,10.965319304776719,2.116034985422739,3.650603915035403,2.4732645303902543,10.647171964145818,3.890014E9])
(0.0,[3.905463917525773,8.787731958762885,1.7417195049484535,6.226762542955327,17.27736980240549,9.994158882153451,2.132830268891487,3.4864810288022103,2.375403693234137,10.480686786809082,0.0])
(0.0,[4.0540404040404034,8.992424242424242,1.8450756073737367,6.566146773861056,18.42565120593692,10.161557765701204,2.1632302826242227,3.6051239669421467,2.367136127821651,10.693808902907064,7.083078333333334E8])
(0.0,[3.6781632653061225,8.970204081632652,1.793994369918367,5.370231643172731,18.472657689880073,10.283137331581806,2.0130237401082876,3.674693877551021,2.409411721702625,10.548844038544656,2.540039E9])
(0.0,[3.6064210526315787,9.005894736842103,1.7813981063157893,5.50912109742441,14.907815946248602,9.080303550716385,1.9449706371191133,3.209325207756232,2.202874292188367,10.485066040028423,3.09997E8])
(0.0,[3.6587878787878783,8.991515151515154,1.7318478694949495,5.915810760667903,17.00148441558442,9.803667643939589,2.0790266299357225,3.4368839914294456,2.3007506545087235,10.567963324712526,0.0])
(0.0,[3.7287628865979388,8.976082474226807,1.8155783007422677,5.3256005369415815,18.71400324312715,9.692474248187333,1.8927197364225739,3.515298118822405,2.3226304510107343,10.565183982836508,5.4334E8])
(0.0,[3.76295918367347,8.93816326530612,1.9706419402244895,5.620928266358089,18.146509993688195,10.616111991564338,1.9272823823406913,3.454285714285715,2.491709587594753,10.606048613888415,5.4334E8])
(0.0,[4.01469387755102,8.928469387755108,1.9264452904897962,6.611454029034293,16.583349179465593,9.84716051991099,2.161607663473553,3.4347959183673464,2.336173259466056,10.628209840792664,7.69995E8])
(0.0,[3.7803030303030294,8.897878787878787,1.8435622101212121,6.590560111317253,15.434463821892402,10.528750048437116,2.1806978879706156,3.342822161003978,2.2590460395127034,10.544777099757816,1.10016E8])
(0.0,[3.6124742268041237,8.899072164948453,1.904180773051546,5.9039000644329915,14.399018921821309,10.335169486820286,2.0032734615793393,3.095557444999468,2.1697276089773614,10.443363273174638,1.049988E9])
(0.0,[3.861919191919192,8.912525252525253,2.150639183777777,6.236797299525874,16.603198660070095,11.226461333464053,1.981254973982248,3.3156310580553003,2.6108793653333326,10.666121675256,3.16681E8])
(0.0,[3.7936363636363644,8.770505050505053,1.6806683328686864,4.571643784786639,14.738966068851777,10.53284434844977,1.7696235078053262,3.1382981328435853,2.276720089890827,10.36783758294935,9.50013E8])
(0.0,[3.68265306122449,8.906326530612242,1.6361095065918367,5.198885672207027,16.38974925310329,11.07504884184243,1.9199583506872135,3.312503123698458,2.35947419692878,10.477402355519184,1.319916E9])
(0.0,[3.711752577319587,8.750721649484534,1.9151332281443305,4.457975021477664,15.60370051546392,8.668420094965962,1.6779870336911467,3.2444255500053147,2.0722876285939003,10.307263903880507,2.379944E9])
(0.0,[3.48010101010101,8.913737373737378,1.8939162444040398,3.9308561121418286,7.697703236446092,3.9304081686744192,1.5833282318130806,2.2097092133455765,1.44893763819447,10.160223124837566,0.0])
(0.0,[3.4540404040404042,8.731414141414136,1.8750678860202028,3.6202671820243233,6.330522469593898,3.8622663722021033,1.507433935312723,1.987229874502601,1.4421059229727577,9.956836879192373,0.0])
(0.0,[2.1,9.519489795918371,0.8265327375714283,13.746251546391756,35.233468809173154,8.386985003256932,2.9655102040816326,4.8417242815493555,2.3450625248775507,11.290849631290037,4.9285885714285713E8])
(0.0,[2.790306122448979,9.417551020408157,1.111726147244898,5.197314338312647,18.330538270565963,8.697508186595202,1.933373594335693,3.538213244481467,2.0613525590545607,10.526979411461717,5.916645E8])
(0.0,[2.5732323232323226,9.421515151515148,1.4804905264040402,4.993795567924139,13.941519109461971,8.686548828250345,1.891221303948577,3.0588246097336986,2.065448399625753,10.472414061912731,1.386678E9])
(0.0,[2.571515151515153,9.500909090909094,1.4072983497979803,5.7587293135436015,16.310071614100185,8.531127297824433,2.0305601469237837,3.3207162534435266,2.1589939597428818,10.553888914677966,1.150482E9])
(0.0,[2.845454545454546,9.36010101010101,1.415002798787879,4.815129128014843,17.581068357039783,9.176575982852377,1.864003673094583,3.4613141516171817,2.2663586171655954,10.523342890813371,0.0])
(0.0,[3.167395833333334,9.168437500000001,1.5294515440624998,5.001385778508771,17.279750164473683,9.612543421902615,2.0032834201388883,3.3789973958333333,2.2705663532877622,10.472357249537177,0.0])
(0.0,[3.1835416666666667,9.326770833333331,1.3047158265624998,4.750461008771931,18.47617788377193,9.73415876590699,1.858467881944444,3.4987196180555546,2.288182967154948,10.626218881888084,5.859986E8])
(0.0,[3.2887628865979375,9.445567010309276,1.443476023752576,6.00015678694158,18.46377285223368,10.514199647440268,2.0937506642576262,3.5549941545328942,2.3881222050496342,10.860318680479509,0.0])
(0.0,[3.2850000000000006,9.313100000000002,1.4140645025,5.607427272727272,16.450266050505046,10.422354400898538,2.014900000000001,3.2941,2.347189074200001,10.684122848780968,8.16681E8])
(0.0,[3.2590816326530607,9.348163265306122,1.3650923990204078,5.991950694298335,18.101000715337683,10.648368291275716,2.086168263223656,3.521391087047065,2.4301741007396918,10.765566184192297,0.0])
(0.0,[3.34939393939394,9.29868686868687,1.4551759428282827,5.350703710575139,16.86532784992785,10.2689527146631,1.9600306091215187,3.3885725946332004,2.3930037951147836,10.67304792131893,7.183226666666666E8])
(0.0,[3.386161616161617,9.207373737373738,1.5843628745454548,6.449315728715731,16.341670583384868,12.303427032248122,2.2062075298438937,3.26502397714519,2.6880432347107432,10.776304319091816,9.6726975E8])
(0.0,[3.8074747474747483,9.07969696969697,1.612291444121212,5.654204782519068,17.242639703153976,9.642539930616229,2.052147740026529,3.4558616467707353,2.3122405726648307,10.654793428677475,7.920044E8])
(0.0,[4.005670103092782,8.793814432989688,1.5521579924123705,6.861816473367699,19.285917590206186,10.006826950184426,2.200167924327772,3.6495483048145387,2.3732004947611856,10.518287402682281,6.6500875E8])
(0.0,[3.7643157894736827,8.970526315789474,1.7249095402526315,5.872839686450166,17.78869014557671,10.0695785871093,2.0929307479224373,3.4660166204986163,2.505169085692631,10.562446322770896,8.05786E8])
(0.0,[3.9788888888888896,8.958080808080805,1.6074762048484845,6.804058956916099,20.211842197485062,9.899364909916565,2.177194163860831,3.7007264564840323,2.3774337316314664,10.660649903416966,8.02002E8])
(0.0,[3.7262244897959182,8.978775510204082,1.5607806703673464,7.632999000631181,18.198600547022924,9.290694703834049,2.3846688879633477,3.51829237817576,2.340073305596001,10.594082955637525,6.49994E8])
(0.0,[3.678958333333334,9.028958333333332,1.6761540157291663,6.932306271929823,18.68622837719298,11.17127323535172,2.333003472222222,3.678311631944444,2.5803109945703118,10.66714734055866,1.6653745E9])
(0.0,[3.681458333333334,9.09385416666667,1.6835317318124996,5.992919956140353,20.018426041666665,10.585774996917504,2.133003472222223,3.6754253472222227,2.436067774815104,10.670748720269554,1.00037E8])
(0.0,[3.6392857142857147,9.111224489795918,1.6921197137142854,6.320155154639175,19.50734281506417,10.553848804661147,2.2005539358600577,3.6006872136609744,2.456753895766764,10.6760974422187,1.97995E9])
(0.0,[3.8107142857142864,9.040102040816324,1.718109591326531,6.153538659793815,17.164042257521558,10.934998641780595,2.119912536443148,3.4505039566847144,2.4842640785089554,10.69374824386084,3.570008E9])
(0.0,[3.736938775510205,9.008265306122452,1.7428485856734692,5.912138985903638,20.536746444350932,10.525502265595215,2.1029987505206167,3.7555143690129125,2.418993053382759,10.645861888144902,5.800048E8])
(0.0,[3.585102040816326,8.744285714285716,1.6729400732244901,8.190181948243218,22.676208247422682,12.554596251307622,2.395006247396918,3.887900874635567,2.680593377907538,10.560357822664349,9.752045E8])
(0.0,[3.6286458333333336,9.100937499999993,1.6974358138541668,6.965506567982456,23.791063322368423,11.054370123614543,2.2377842881944447,4.013190104166667,2.3917188526866315,10.764707724210012,9.620178E8])
(0.0,[3.733469387755102,9.045,1.4864246869795918,6.574284746475912,19.917460309278354,13.034034939118957,2.2174802165764276,3.7291836734693877,2.89363748338609,10.800224584428262,4.354580909090909E8])
(0.0,[3.704747474747474,9.124040404040402,1.6239857118181824,7.677663966192534,22.16546105957535,11.454981256697208,2.356002448729721,3.940604019997959,2.6437065765472916,10.832250151994726,8.838318E8])
(0.0,[3.7657142857142865,9.02714285714286,1.7820418341224489,7.280682474226803,21.434459793814433,12.643798283049334,2.2474927113702625,3.81326530612245,2.8275297510887123,10.809083295805507,9.50012E8])
(0.0,[3.792727272727273,9.012828282828277,1.6278379404646466,7.024432282003709,17.850161306947026,10.770740038639355,2.288448117539026,3.518298132843587,2.4793035261267216,10.662322218077039,4.8999025E8])
(0.0,[3.904479166666667,8.999166666666666,1.8394563459791662,6.436496567982459,18.72017614035088,10.146317552472416,2.1604774305555563,3.5866493055555573,2.3322510477235254,10.742191858073866,0.0])
(0.0,[3.864329896907217,9.076185567010306,2.019743105154639,5.9967435567010305,16.40579050687285,10.91895199702243,2.037481135083431,3.38390264640238,2.495724241640983,10.765646516036393,6.1615375E8])
(0.0,[3.7614285714285716,8.953979591836738,1.7926045676734697,6.860694845360821,17.709483999579216,11.384579752329177,2.318250728862972,3.4833673469387754,2.5127414556817986,10.678867701843828,7.919982E8])
(0.0,[3.711530612244899,8.957959183673468,1.8274893002448982,7.124227529981068,15.913538060172526,10.528206928481383,2.234875052061641,3.281266139108704,2.3716366630953756,10.587080543622816,7.183226666666666E8])
(0.0,[3.720204081632654,8.989081632653061,1.8338825560612242,7.009682432148118,18.153447601514824,11.206687823058447,2.2334693877551013,3.486409829237817,2.5099362755406065,10.69444727268022,0.0])
(0.0,[3.744489795918367,8.985306122448979,1.837913043632653,7.349948706080372,16.30974475068377,11.446308631557473,2.3205206164098295,3.2831695127030396,2.469458111431071,10.697003984908765,1.0100405E9])
(0.0,[3.6700000000000004,9.000909090909095,1.820448920242424,6.9745,17.47955936920222,11.268416493708068,2.2307070707070706,3.428007346189164,2.473414047086623,10.688502628043228,0.0])
(0.0,[3.6902020202020203,8.982121212121212,1.762940760262626,6.6469673057101595,15.939961781076068,10.81658004560164,2.2470727476788075,3.3361983471074392,2.3979510887031927,10.586529941693968,1.008606E9])
(0.0,[3.7334343434343427,8.894040404040403,1.7958222315353534,5.995000329828901,15.915328406514119,10.074105350251138,1.9933619018467506,3.258261401897766,2.308263325068053,10.52561905657487,7.5251775E8])
(0.0,[3.6586868686868668,9.001313131313132,1.8216871066262617,5.99007682951969,17.12919315605029,11.413715595514924,2.0863238445056624,3.4386205489235797,2.593530433832466,10.636204247440023,4.666646666666667E8])
(0.0,[3.8990909090909085,8.707878787878792,1.9417937981818183,6.396096103896105,16.73539239332096,8.980980612517532,2.0829568411386594,3.35850627486991,2.229078762975208,10.355170674274964,1.2999725E9])
(0.0,[3.386868686868687,8.861616161616165,2.073319585555556,4.575670707070705,11.378915728715732,8.643960100820953,1.7900316294255691,2.747993061932457,2.1153576895847372,10.33105020280485,5.0079E7])
(0.0,[4.1325,10.317499999999999,-0.5958901925,0.39735833333333365,1.7644916666666697,0.35957224415778616,0.4525,0.8925000000000001,0.39328753125,11.17875618752267,0.0])
(3.0,[4.217142857142859,3.0225510204081636,8.122452546938776,0.00970309278350522,0.009301672627814018,0.00536694247246649,0.07714285714285753,0.051443148688046746,0.05341513802582253,9.639200734152546,7.146901470588236E7])
(3.0,[4.307171717171719,3.044949494949495,8.017569334343433,0.022222531436817187,0.01407831374974231,0.00568016670505797,0.11258034894398534,0.08267931843689418,0.054909318967452686,9.598533542751458,0.0])
(3.0,[4.224591836734694,3.033469387755103,8.064079439795922,0.006029213128550413,0.005544540290342938,0.0027800947424463803,0.059754269054560785,0.05457725947521878,0.037803519387755224,9.596359833821303,0.0])
