(0.0,[0.4824193548387103,10.591451612903226,0.4241935483870969,22.647543231094655,27.5287994976203,10.995155896351134,3.491607700312175,4.304214360041622,2.2486368366285125,11.954507734717449,3.64994E8])
(0.0,[1.0536363636363641,10.526969696969699,0.2205050505050506,28.113753988868268,27.869133580705014,8.841255864770151,3.975169880624425,4.3406795224977035,1.9870870319355172,12.020474475905791,3.3615346153846157E8])
(1.0,[7.629595959595959,0.8138383838383839,1.5333333333333337,49.03239575345288,15.816995320552465,36.87179387755102,6.101522293643505,3.2238138965411696,4.815016835016835,10.347732313984965,0.0])
(1.0,[6.952395833333333,0.6165625,1.5451041666666667,54.25144156798246,13.560045953947371,41.785768410087705,6.451903211805558,2.904752604166668,4.820219184027776,10.118626191121724,0.0])
(1.0,[7.087676767676767,0.5437373737373742,1.3337373737373739,54.11654454751597,14.95373588950732,30.347176705833853,6.392180389756147,2.9467033976124886,4.039910213243547,9.899623195068527,2.470002E9])
(1.0,[7.354897959183673,0.6618367346938775,1.7622448979591834,52.061612876078286,12.624188344203667,39.322021712602584,6.220991253644312,2.670408163265306,4.674310703873386,10.252488659151416,0.0])
(1.0,[7.170204081632657,0.7356122448979591,1.8037755102040824,52.79972779297286,12.032160961498,28.899825804754904,6.305960016659726,2.733825489379426,4.018750520616409,9.902548595869634,1.25E9])
(1.0,[7.084242424242426,0.6795959595959596,1.9144444444444453,52.083463450834884,11.8092957534529,27.427186167800453,6.195041322314052,2.6910662177328852,4.011335578002245,9.726180451307568,1.25E9])
(1.0,[7.178080808080805,0.6680808080808083,1.6392929292929292,53.97312383013813,12.24543199340342,38.34695561739847,6.42628303234364,2.7608897051321293,4.647915518824612,10.176861062986617,0.0])
(1.0,[7.05122448979592,0.8440816326530615,1.9545918367346942,50.70597168104354,11.870434714916891,33.45094880075742,6.254968763015409,2.7826988754685553,4.308921282798835,9.74924519770956,0.0])
(1.0,[7.562142857142858,0.6263265306122452,2.041020408163265,51.114827319587654,11.05387502629918,35.40477626762044,6.262288629737608,2.5591836734693874,4.498429820907954,10.306146194236877,0.0])
(1.0,[7.528181818181817,0.573333333333333,2.0975757575757568,49.930517068645656,11.446965306122449,31.10786549165121,6.19965105601469,2.6160269360269357,4.266544230180594,10.123810645615755,0.0])
(1.0,[7.584899999999999,0.33119999999999994,2.289499999999999,57.55140706060606,16.26333995959596,35.24347348484847,6.746394,3.0341520000000006,4.445859999999999,10.571698079391037,3.200012E9])
(1.0,[6.9121428571428565,0.4737755102040814,1.6664285714285716,55.00648917525775,17.573644361455926,37.51389536082476,6.494912536443146,3.2151999167013745,4.523542274052478,10.097596996722665,0.0])
(1.0,[7.6389000000000005,0.5442,2.0426,45.43124423232325,12.585755919191916,29.99860933333332,5.934279999999998,2.8073999999999995,4.3076599999999985,10.058419322986982,1.0899963333333333E9])
(1.0,[7.517979797979798,0.4260606060606061,1.724646464646464,48.50774485673056,12.797209833024118,33.532325128839425,6.101673298642995,2.756828895010714,4.395263748597081,10.01346758727192,0.0])
(1.0,[7.636262626262625,0.3758585858585861,1.7646464646464644,51.810005277262434,13.990589816532676,29.309782271696562,6.354535251504947,2.9014386287113543,4.130119375573921,10.07448555919965,0.0])
(1.0,[7.056597938144329,0.7203092783505156,2.1708247422680422,55.870264347079036,14.362255111683844,41.26400139604811,6.596137740461263,2.9941332766500155,4.882533744287383,10.470253540056804,0.0])
(1.0,[7.36204081632653,0.6114285714285713,2.2459183673469396,53.94057929728595,16.967587628865974,30.42538523038081,6.423273635985005,3.0906705539358597,4.311382757184509,10.13015010662609,0.0])
(1.0,[7.060505050505051,0.5364646464646465,1.6102020202020204,52.39333749742322,17.41775165945166,33.034487713873425,6.353976124885215,3.2364166921742674,4.357804305683096,10.081342551085829,6.99997E8])
(1.0,[7.315773195876288,0.7115463917525774,1.921958762886599,53.42526840635742,15.023892375429545,30.51469508161512,6.520187054947389,3.1008800085024966,4.158675735997449,10.11942054560438,0.0])
(1.0,[6.867835051546394,0.5199999999999998,1.7327835051546387,51.30689213917528,16.760808333333333,34.14992029639175,6.155438410032951,3.032371134020618,4.391610160484641,10.13896355655226,0.0])
(1.0,[6.965656565656567,0.6933333333333334,2.0484848484848492,56.837951350237056,16.718673469387753,30.88911094619666,6.647813488419549,3.1816835016835023,4.259791857973676,10.018644641085697,5.1000975E8])
(1.0,[6.881224489795918,0.6190816326530612,1.8244897959183668,54.44424796970334,16.258845539659166,30.422614685461816,6.417980008329861,3.1090628904623077,4.255560183256977,10.076985873524432,2.639953E9])
(1.0,[7.807628865979383,0.3692783505154639,1.9778350515463912,49.19509744415809,16.31265884879725,29.795137972508574,6.121689871399723,3.0743522159634393,4.22474439366564,10.409073755567078,0.0])
(1.0,[7.47659793814433,0.6102061855670102,2.0283505154639174,55.033045597079045,17.729014540378007,35.04245141752577,6.480265703050272,3.3593835689233718,4.322631523009885,10.752004845392259,0.0])
(1.0,[7.259200000000002,0.4246000000000001,1.8935000000000002,49.06626804040407,20.485427111111115,38.778053282828274,6.210287999999999,3.5088759999999994,4.732850000000003,10.432595470462735,0.0])
(1.0,[6.928877551020412,0.6665306122448977,1.9104081632653056,55.08870491268673,14.434018767094468,35.893548285293505,6.485768429820907,3.0297959183673475,4.373969179508537,9.980131959991777,0.0])
(1.0,[7.16463157894737,0.7135789473684213,1.776,51.5593315117581,16.269974288913776,33.841596595744676,6.325023822714683,3.178504155124654,4.361642105263156,10.150794954594023,0.0])
(1.0,[7.641212121212122,0.3489898989898989,1.7265656565656566,47.5094638218924,12.626113254998971,25.375432982890118,6.032806856443219,2.8158085909601063,3.8155718804203644,9.771319525748732,0.0])
(1.0,[7.970102040816325,0.21051020408163285,1.0580612244897958,49.22619071112982,13.218009015358728,21.905166305491274,6.143175760099955,2.900091628488131,3.3725968346522297,10.121043880987285,1.339966E9])
(1.0,[7.634742268041237,-0.0687628865979381,1.7299999999999995,51.05638560996562,16.557665120274915,23.160081250000015,6.2396046338611955,3.2554001487937083,3.642680412371134,10.176270589330395,0.0])
(1.0,[7.6620833333333325,-0.04874999999999996,1.781979166666667,51.520547192982455,16.69269736842105,23.139034989035093,6.280677083333332,3.2680468750000005,3.6351432291666677,10.216650226777519,0.0])
(1.0,[7.594489795918367,0.6430612244897961,1.5882653061224494,50.803493035977255,12.654677130233539,28.633492836103507,6.293161182840483,2.811207830070804,3.8681591003748435,10.230146785528843,0.0])
(1.0,[7.452755102040814,0.1628571428571428,1.9079591836734688,52.110504702293305,13.343214432989695,33.89232775089417,6.215526863806748,2.840903790087462,4.278363182007498,10.369693311581146,0.0])
(1.0,[7.649191919191918,0.26505050505050504,2.055454545454545,51.44995036075034,12.46884974232117,29.653151576994425,6.275990205081115,2.692472196714621,3.9712029384756664,10.333453550382124,0.0])
(1.0,[7.573131313131311,-0.05707070707070702,1.3335353535353531,46.059499278499274,13.776639290867864,22.763598598227166,5.809401081522293,2.822495663707784,3.504664830119375,9.846226820730983,0.0])
(1.0,[6.824374999999998,-0.15208333333333332,1.6017708333333331,54.73911328947367,18.428816666666677,30.46434946271929,6.557304687500001,3.2017534722222227,4.141121961805554,10.028204930600415,0.0])
(1.0,[5.906326530612241,0.15183673469387762,1.656428571428572,58.65876780980434,21.66649762255417,29.849926288659802,6.539325281132862,3.5233944189920856,4.042201166180759,9.776210008648002,0.0])
(1.0,[6.022040816326531,-0.046326530612244864,1.7869387755102046,58.05591331790449,20.115677088154847,30.41880290342941,6.465027072053312,3.3585714285714285,4.142732194918784,9.771078729934738,0.0])
(1.0,[6.20908163265306,0.17714285714285705,1.9457142857142866,64.1784414159478,23.03410927835051,29.703624742268026,7.072178259058724,3.8587755102040826,4.090029154518953,10.177743410723012,0.0])
(1.0,[8.049393939393939,0.0864646464646465,1.768585858585859,48.022775139146546,14.292849618635335,29.868159204287775,5.928227731864094,2.8012182430364247,4.1674339353127205,10.522304355963248,0.0])
(1.0,[-7.86828282828283,1.8017171717171714,-0.35141414141414157,46.64178783755924,28.28985110286539,34.79027961245105,5.699840832568106,3.8672074278134874,4.397794102642585,11.086976072082718,0.0])
(1.0,[-8.574591836734685,1.8228571428571425,-0.5340816326530615,39.94367457395328,26.9232824742268,37.105003787081834,5.299439816743024,3.7668221574344023,4.4507996668055,11.418746482966238,1.199982E9])
(1.0,[-8.256767676767675,1.3339393939393933,0.5339393939393942,38.32007515976085,24.274422077922083,25.90299758812618,5.189415365779003,3.6966574839302107,3.6631160085705536,10.561135644213499,0.0])
(1.0,[-7.91313131313131,1.965454545454546,-0.5977777777777776,40.72069315605032,28.51251076066789,39.55183990929705,5.37961636567697,3.879871441689624,4.541795735129069,10.864112878589538,0.0])
(1.0,[-8.063737373737373,1.054747474747475,0.3557575757575757,39.054833848691004,21.84895988455989,32.57082671614099,5.2055157636975835,3.2623956739108255,4.254539332721152,10.545019729938705,0.0])
(1.0,[-8.307099999999998,0.6853999999999998,1.0145000000000006,40.6200834242424,15.37415034343434,23.710356313131324,5.427035999999998,2.858108,3.626160000000001,10.241768312751773,1.4166666666666667E9])
(1.0,[-8.797600000000003,0.3337999999999999,1.0949000000000002,40.64519014141415,13.917120767676767,19.539144434343438,5.451472000000002,2.8647320000000005,3.236582,10.559192869794508,0.0])
(1.0,[-8.654646464646463,1.4878787878787878,0.3363636363636366,37.436590434961865,21.63842912801483,28.040713172541746,5.10210386695235,3.52435261707989,4.157796143250689,11.159552343243925,1.125E9])
(1.0,[-8.683600000000002,1.6591999999999998,-0.30180000000000007,36.75932024242424,18.877381171717165,39.24764925252525,5.082264000000002,3.304672000000001,4.72502,11.385932255156872,2.99987E8])
(1.0,[-8.922929292929295,0.8032323232323234,0.32646464646464657,38.075431127602556,16.49446087404659,29.805686353329207,5.230478522599734,3.0110009182736452,3.960112233445568,11.021744197319226,0.0])
(1.0,[-9.023131313131312,1.7595959595959594,-0.22060606060606067,35.74275438054009,21.059807998350852,30.91985269016697,5.059236812570146,3.501175390266299,4.20946434037343,11.454222788896356,7.00013E8])
(1.0,[-8.648989898989898,0.5274747474747474,0.2543434343434344,36.22151937744794,13.853029272314984,23.50324114615543,4.96746250382614,2.648607284970922,3.5871706968676675,10.519491385427528,1.450012E9])
(1.0,[-8.788265306122453,0.8052040816326529,-0.5918367346938777,39.84666397012414,17.913765421838836,26.950235766884077,5.443527696793003,3.1284943773427742,3.875601832569763,11.124078133362227,4.129974E9])
(1.0,[-8.621599999999997,0.9560999999999998,0.3665999999999998,38.975187313131315,20.17057352525254,27.582073171717173,5.285488000000001,3.3971980000000004,3.8151280000000005,10.869632859529869,1.899994E9])
(1.0,[-9.08777777777778,0.1544444444444444,0.8481818181818183,32.89932154195011,12.693978004535145,20.263182374768085,4.807991021324354,2.6241750841750844,3.4462809917355366,10.797416664455632,2.720001E9])
(1.0,[-8.300299999999998,1.3622000000000003,0.5001000000000002,38.66027970707068,21.36671632323233,25.33658483838383,5.158147999999999,3.392816,3.629928,10.488310490983427,0.0])
(1.0,[-8.891010101010107,0.3845454545454544,-0.1982828282828283,37.906735703978576,19.42286790352505,25.871763347763352,5.217565554535252,3.401744719926538,3.8595531068258353,11.309571220278322,0.0])
(1.0,[-8.99919191919192,1.7975757575757572,-0.22020202020202026,36.08791158524016,20.802855287569578,30.919828530199958,5.080516273849606,3.467407407407407,4.209080706050401,11.415548214256134,7.00013E8])
(1.0,[-8.753775510204077,0.5199999999999996,0.22530612244897966,35.53147735114665,14.084863917525778,23.97429732800337,4.934750104123278,2.6820408163265306,3.6463890045814247,10.647121766854085,1.450012E9])
(1.0,[-8.956020408163267,0.8712244897959182,-0.5820408163265307,40.10694379339364,17.630524258363135,26.87654218388386,5.482186588921282,3.092573927530196,3.8664056643065385,11.242777750845972,4.129974E9])
(1.0,[-8.467100000000004,0.9470000000000001,0.4075999999999999,38.47871170707069,20.160582828282838,27.402576000000003,5.2264360000000005,3.38646,3.777408,10.712321204509756,1.899994E9])
(1.0,[-9.157400000000003,0.12790000000000004,0.9787999999999998,32.117977010101,12.772109686868685,21.169554101010096,4.712436000000002,2.6508160000000016,3.5543840000000007,10.91339712529975,2.720001E9])
(1.0,[-8.301818181818184,1.3381818181818181,0.4033333333333334,39.07239257884972,21.73302523191094,24.483538775510205,5.212029384756657,3.4229017447199266,3.5414814814814815,10.465154789998907,0.0])
(1.0,[-8.942020202020197,0.475757575757576,-0.28191919191919185,38.310579550608104,19.217361410018555,25.837950360750366,5.26850525456586,3.382901744719927,3.8451402918069593,11.35118191809809,0.0])
(1.0,[-9.0488,1.1872000000000005,-0.5283999999999998,33.333309656565646,17.542703191919188,33.511264080808076,4.829783999999998,3.2288319999999993,4.189864,11.416330205434859,0.0])
(1.0,[-8.807244897959187,0.9966326530612246,-0.6920408163265306,34.69582016621081,25.43191947191247,36.17999785398694,5.024402332361514,3.8365618492294886,4.439750104123282,11.773860926898205,0.0])
(1.0,[-9.05030303030303,0.3431313131313132,-0.04676767676767672,32.76048256029684,15.054676829519684,25.21165066996496,4.850456075910622,2.9560677481889606,3.7301214161820218,11.04384246148318,0.0])
(1.0,[-8.989797979797979,1.6056565656565662,-0.5005050505050505,31.685648938363208,22.273108493094206,42.10858035456607,4.723391490664215,3.600742781348842,4.9087521681461075,11.973881197478448,3.420014E9])
(1.0,[-8.801938775510202,0.7837755102040815,-0.6724489795918369,34.526962181779915,20.668681474857983,28.309132084998964,4.928054977092878,3.397526030820491,3.8137317784256566,11.19461766843235,0.0])
(1.0,[-8.523367346938771,0.9664285714285719,-0.833469387755102,34.63384524510833,16.8373943298969,28.322220828950144,5.04745730945439,3.1968950437317782,3.8561765930862135,10.876624344785222,0.0])
(1.0,[-8.75724489795919,1.833877551020408,-0.9494897959183675,37.05120985693246,19.464679654954764,38.22983375762677,5.288075801749273,3.3214618908788003,4.608542274052477,11.849032895228778,0.0])
(1.0,[-9.1253,1.5257000000000003,-0.45909999999999995,26.934556474747474,18.71819445454545,29.681854737373733,4.440653999999999,3.2197279999999995,4.14879,11.372193859866822,0.0])
(1.0,[-8.971212121212119,1.1760606060606065,-1.8036363636363637,25.92494545454545,15.228066975881257,29.763519294990726,4.184150596877868,3.0532721150902966,4.032782369146005,11.404035185987622,0.0])
(1.0,[-8.872121212121211,0.6804040404040405,-0.7454545454545455,34.78647810760668,20.269910039167193,28.28515157699442,4.9548393021120285,3.3480848892970103,3.8374655647382916,11.243064690609595,0.0])
(1.0,[-8.253333333333332,1.273030303030303,-0.8178787878787876,40.14321632653063,17.92690705009277,34.51438627087198,5.435286195286196,3.3819895928986847,4.338402203856747,11.205594245402427,6.59988E8])
(1.0,[-8.03181818181818,2.1163636363636376,-0.7152525252525255,36.8129987012987,18.42282745825603,42.20864763966192,4.984389348025711,3.2227731864095497,4.767507397204366,10.898577880369094,0.0])
(1.0,[-8.149896907216492,2.373195876288659,-0.28422680412371115,42.75842603092784,23.54114697164948,37.52737257302407,5.478650228504622,3.7141226485280057,4.401859921351896,11.103250535455429,0.0])
(1.0,[-8.417474747474749,1.5325252525252524,-0.3721212121212122,36.602859884559884,15.818621109049685,29.733435250463824,5.1252219161310055,3.1696235078053263,3.7640342822161004,10.663349293433079,0.0])
(1.0,[-8.384949494949495,2.2612121212121212,-2.5302020202020197,40.12034361987219,15.423639332096478,51.9971632240775,5.414794408733803,2.991827364554638,5.384050607080911,11.811683419082902,0.0])
(1.0,[-8.237010309278343,3.6249484536082464,-2.0884536082474234,35.13684201030927,15.594504424398623,66.57242570876285,4.935784886810498,3.0060282708045483,6.105018599213516,12.5133494414505,0.0])
(1.0,[-7.658099999999998,3.282500000000002,-2.5198999999999994,41.243161,18.354119949494947,70.10809796969698,5.461881999999999,3.2949499999999987,6.4142839999999985,12.151319341576643,3.00019E8])
(1.0,[-8.334999999999997,2.5096000000000003,-2.2773000000000017,25.98890808080809,10.199230141414139,41.53250071717172,4.066099999999998,2.4180159999999997,4.386284000000001,11.186017697013412,0.0])
(1.0,[-8.64131313131313,3.0001010101010097,-2.05030303030303,20.333344176458464,9.714035703978562,57.9173499072356,3.6438832772166108,2.4980961126415657,5.445570860116311,11.966555375372026,0.0])
(1.0,[-8.819599999999998,2.5862,-1.9859,26.69971296969697,9.947320767676768,42.961165848484846,4.248912,2.526772000000002,4.690771999999999,11.459855558160333,0.0])
(1.0,[-8.000909090909092,3.4129292929292934,-2.001010101010102,31.542689981447136,12.153273984745411,64.8535765203051,4.449256198347108,2.840938679726558,6.129545964697478,11.944909085858937,0.0])
(1.0,[-8.426632653061223,2.8901020408163265,-0.945204081632653,36.90823287397433,17.415970092573104,46.96989325689039,4.700306122448978,2.934802165764265,4.70255935027072,12.003975823611253,0.0])
(1.0,[-8.094949494949496,3.3911111111111105,-0.7648484848484846,33.53892729334159,15.065554875283445,61.72768441558441,4.808323640444857,3.0842199775533103,5.6959840832568105,11.846038545056475,2.50031E8])
(1.0,[-8.616326530612247,2.747959183673471,-1.2519387755102038,25.430701830422898,6.803498884914788,38.6344611508521,4.049271137026239,2.094698042482298,4.3972844648063285,10.957528065600815,3.819977E9])
(1.0,[-8.792828282828282,2.907070707070707,-1.3487878787878793,26.29886947021232,8.364202556173982,41.776069944341366,4.223889399040915,2.327629833690438,4.417410468319559,11.433002673723504,0.0])
(1.0,[-8.437857142857144,3.1170408163265306,-0.9662244897959181,28.93159020618557,13.44480249316221,47.647646423311606,4.395014577259476,2.759187838400668,4.803036234902125,11.566501581049398,0.0])
(1.0,[-8.9679797979798,2.8825252525252525,-0.9954545454545451,22.263567305710154,8.122953762110901,43.052196474953625,3.796216712580348,2.1316906438118557,4.463930211202937,11.426338678464829,0.0])
(1.0,[-9.25952380952381,2.9346031746031747,-1.3547619047619046,21.274391705069128,7.152883307731695,23.60561566820277,3.7864852607709767,2.1016981607457796,3.569750566893424,11.06149415104608,0.0])
(1.0,[-9.009898989898987,2.935858585858587,-1.302121212121212,22.36141325499897,8.579244918573492,40.07553729128015,3.8378594021018255,2.3979553106825824,4.348637894092439,11.58125349332001,0.0])
(1.0,[-8.490102040816325,3.3129591836734686,-1.0340816326530615,32.568724731748375,13.408612802440565,50.81886358089625,4.787269887546857,2.758483965014576,4.921790920449812,11.779930924311762,0.0])
(1.0,[-9.126363636363637,3.178383838383838,-1.0374747474747477,19.091356029684604,6.088287157287159,34.803114986600704,3.5719742883379237,1.909947964493419,4.092196714620956,11.33914640661839,0.0])
(0.0,[-1.5986868686868683,10.04070707070707,-0.15030303030303024,5.6535156050298925,13.152941331684184,7.900060111317258,1.8544311804917868,3.100108152229364,2.2722681359045,10.816676342409664,6.50004E8])
(0.0,[-1.6583673469387754,9.850612244897961,-0.4807142857142858,5.595240605933095,11.980966631601099,6.185113917525773,1.8693211162015824,2.969412744689713,1.9871865889212825,10.565219311973342,7.249985E8])
(0.0,[-0.7188999999999998,9.9362,-0.05490000000000005,6.305714939393937,11.837745010101017,7.015598979797982,1.920122,2.939848,2.1590799999999994,10.617883803930937,9.49982E8])
(0.0,[0.7307070707070707,9.930909090909093,-0.3788888888888888,5.9536739847454125,11.979579777365492,6.399744671201816,1.9180879502091626,2.8861340679522507,2.0915600448933787,10.598768930207914,1.549957E9])
(0.0,[2.4505102040816342,9.145102040816326,-0.3403061224489794,17.810677056595846,10.512132463707133,6.969077224910584,3.503163265306123,2.6620408163265306,2.130152019991669,10.710871231822411,9.25003E8])
(0.0,[-0.11320000000000027,10.103500000000002,-0.4922,7.734690666666663,11.755699747474749,7.765259757575759,2.170719999999999,3.0211000000000006,2.350020000000001,10.8566461898116,0.0])
(0.0,[-5.033131313131314,8.490808080808089,0.5808080808080807,8.084187033601319,8.253774850546282,6.612309544423822,2.3533027242118147,2.2442016120804005,2.105599428629731,10.52743411089056,0.0])
(0.0,[-5.030206185567012,8.47329896907216,0.45278350515463917,7.2278020403780046,9.947878586769757,7.425445296391754,2.2130003188436596,2.7901371027739397,2.1770730151982143,10.509488405937828,9.5499425E8])
(0.0,[-5.151414141414143,8.651515151515156,0.1542424242424242,9.322612265512264,13.566951762523193,7.766363450834877,2.5315294357718594,3.2159534741352926,2.2921946740128565,10.820918651723796,9.500125E8])
(0.0,[-4.128484848484849,8.9589898989899,0.46929292929292926,7.310398701298702,10.926927540713253,9.75237398474541,2.291086623813897,2.8577471686562603,2.447395163758799,10.68110201340692,6.500043333333333E8])
(0.0,[-4.32428571428571,9.142040816326528,0.32163265306122446,9.740975257731959,13.63469888491479,9.508129265726913,2.6633527696792996,3.18734693877551,2.4539816743023737,10.972460808706362,0.0])
(0.0,[-4.132200000000003,8.9082,0.14749999999999996,8.438997131313133,11.162574505050504,9.475443181818184,2.452176,2.9267999999999996,2.5121500000000005,10.659474676272744,6.1750025E8])
(0.0,[-4.404040404040406,9.054848484848486,0.2672727272727272,9.404097794269221,13.373006864564008,9.967779220779216,2.651719212325274,3.2170125497398234,2.5944719926538102,10.944834404799483,6.000266666666666E8])
(0.0,[-4.390808080808082,9.044949494949497,0.3204040404040404,9.366419748505464,12.894284436198722,8.931052896310042,2.6475155596367714,3.1538842975206607,2.4236486072849726,10.865152524312597,4.750215E8])
(0.0,[-4.225257731958762,9.007525773195873,0.47814432989690725,7.965698109965635,12.305527147766327,9.287317353951893,2.355013285152514,3.054611542140504,2.481294505260921,10.800049922404474,5.514264285714287E8])
(0.0,[-4.15151515151515,9.045151515151524,0.47262626262626284,8.05057625231911,9.413380333951762,12.039139971139967,2.366844199571472,2.714398530762168,2.7972941536577904,10.904883463442149,1.476654E9])
(0.0,[-4.679090909090907,8.997676767676769,0.2024242424242425,9.777538961038958,13.569848629148623,10.320677736549163,2.659834710743802,3.126232017141107,2.605332108968473,11.01743272402098,0.0])
(0.0,[-4.119583333333332,9.024166666666668,0.30125,8.672713508771926,13.416795087719299,9.251451052631582,2.494565972222222,3.16782986111111,2.5137760416666675,10.728717100862106,0.0])
(0.0,[-4.015353535353535,9.14787878787879,0.48080808080808096,9.254339414553698,13.490725046382188,11.114493217893218,2.493127231915112,3.226440159167431,2.7154657687991013,10.950832154755382,1.235001E9])
(0.0,[-3.973469387755103,9.166020408163263,0.2033673469387755,9.695185777403747,14.3358159583421,10.287459678098042,2.530220741357767,3.2497750937109537,2.645951686797167,10.89766009641284,5.0003E8])
(0.0,[-3.6522,9.2797,0.41700000000000004,9.732221373737374,13.243623141414142,10.792796969696965,2.44162,3.1487179999999992,2.6646199999999998,10.916132819208984,9.49982E8])
(0.0,[-3.732424242424241,9.388383838383836,0.5083838383838383,8.791263450834878,11.131827973613685,9.108948381776953,2.509213345576982,2.9041873278236907,2.525066829915315,10.905749170206697,6.314305714285715E8])
(0.0,[-3.749687500000001,9.296250000000004,0.47260416666666677,8.12329990131579,9.93609526315789,8.383659462719296,2.372148437500001,2.7483854166666655,2.3906119791666662,10.801148585342808,3.453862307692308E8])
(0.0,[-3.8922222222222222,9.187878787878788,0.5864646464646466,8.801350113378685,8.147643413729126,10.593590434961866,2.4049382716049386,2.4981756963575146,2.588895010713193,10.866915377269212,3.799947777777778E8])
(0.0,[-4.031111111111113,9.127676767676768,0.6997979797979798,9.346226303854877,7.56878128220985,10.88055097917955,2.543367003367003,2.4262932353841458,2.679185797367616,10.933376476204119,6.457171428571428E8])
(0.0,[-3.9551020408163273,9.125204081632656,0.8114285714285714,8.097938649274138,8.050033463075952,10.058890721649487,2.309904206580591,2.423163265306124,2.459475218658892,10.860837831566718,1.999985E9])
(0.0,[-3.8224242424242423,9.212727272727271,0.8694949494949498,8.138851205936922,8.637395547309834,12.215047701504842,2.4081542699724516,2.5223140495867784,2.8298132843587394,10.881631002723882,7.839904E8])
(0.0,[-4.077244897959183,9.148163265306124,0.6804081632653065,8.859362434252052,9.745852261729436,8.560187460551228,2.4750354019158682,2.681336942940441,2.400603915035402,10.834975433058261,0.0])
(0.0,[-4.049800000000002,9.260400000000004,0.5211000000000005,7.451896929292932,8.976117010101007,9.533022010101016,2.2423960000000003,2.5781840000000003,2.496634,10.90026265734241,8.199971666666666E8])
(0.0,[-4.356262626262627,9.069898989898986,0.7980808080808081,9.212319562976706,10.50679692846836,11.357813626056485,2.4669829609223544,2.6580736659524535,2.6418610345883082,11.038556009405331,2.449982E9])
(0.0,[-3.8915306122448974,9.30122448979592,0.7869387755102041,8.893881138228489,10.901254155270355,13.248592594151058,2.4480133277800924,2.8275510204081638,2.9564056643065393,11.10710937687713,6.533355E8])
(0.0,[-3.9956565656565646,9.200202020202024,0.7875757575757578,6.271818697175838,8.329693836322411,10.40213692022263,2.044562799714314,2.5183899602081423,2.6059381695745327,10.85275571815088,1.5099945E9])
(0.0,[-3.980918367346939,9.243061224489795,0.6249999999999997,7.681377498422048,7.134462697243844,10.075687113402056,2.261066222407331,2.2532944606413983,2.470510204081632,10.932444131310444,4.1454245454545456E8])
(0.0,[-4.002121212121212,9.202727272727273,0.7628282828282831,6.698249536178106,8.442481261595548,10.317571511028651,2.1066176920722386,2.533976124885216,2.598153249668401,10.880470396393795,9.70001E8])
(0.0,[-4.128673469387756,9.199387755102045,0.4457142857142855,6.989242552072376,7.167407868714495,8.97096288659794,2.1203061224489783,2.250345689296127,2.3450728862973764,10.839781929539727,9.30011E8])
(0.0,[-3.934949494949493,9.195151515151517,0.33232323232323224,6.049515048443618,10.245068089053804,9.760852710781283,2.073074176104478,2.7478236914600545,2.4152433425160704,10.738208860571026,1.11251075E9])
(0.0,[-4.231326530612246,9.055,0.5071428571428571,6.351166263412583,10.309590206185568,9.50643092783505,2.1508225739275297,2.8056122448979592,2.448454810495627,10.795175617008388,2.0E9])
(0.0,[-3.9974999999999996,9.293099999999997,0.5739000000000002,6.277321969696971,9.92914685858586,10.100304838383835,2.0675999999999997,2.709776,2.5245440000000006,10.910915331192436,8.6750025E8])
(0.0,[-4.0757142857142865,9.240510204081641,0.3785714285714285,7.962002061855672,8.918576025667996,10.720350515463918,2.366384839650146,2.656449396084966,2.5848979591836727,10.95248321347937,1.005005E9])
(0.0,[-4.1234693877551045,9.129081632653063,0.4259183673469389,6.64451155059962,10.32403523038081,11.062374921102453,2.1229987505206163,2.779804248229904,2.607838400666389,10.889091386127808,6.214294285714287E8])
(0.0,[-4.3768041237113415,8.974432989690719,0.2777319587628866,10.112730304982819,9.707406185567013,13.840151052405497,2.522017217557657,2.552543309597194,2.9283366989053037,10.966769624527682,7.400055E8])
(0.0,[-4.156464646464645,9.088484848484851,0.3856565656565657,6.228988394145539,9.614927272727272,10.958994207379918,2.0701418222630337,2.6994796449341907,2.6140842771145802,10.821974870494692,4.900055E8])
(0.0,[-4.055252525252524,9.094545454545456,0.3503030303030303,8.964178251906823,12.27713116883117,11.610696846011132,2.439871441689623,3.0499357208448123,2.705772880318335,10.874997587142698,2.869995E9])
(0.0,[-4.186938775510207,9.09010204081633,0.16377551020408157,8.487757542604669,11.150932979171051,10.942821681043554,2.413423573511038,2.8913244481466065,2.6475531028738026,10.915646045725362,2.910004E9])
(0.0,[-4.083469387755102,9.135,0.3921428571428572,7.5276414475068405,9.433423195876287,9.926740721649482,2.228375676801332,2.639183673469388,2.5483819241982504,10.848599453984836,1.5033366666666665E9])
(0.0,[-4.100707070707071,9.171313131313127,0.22939393939393937,7.547947454133169,9.302184992784989,10.882701669758815,2.2830078563411886,2.6181736557494117,2.6676584022038563,10.914458916456406,0.0])
(0.0,[-4.535151515151514,8.836767676767677,-0.1592929292929293,7.3462027829313525,9.321679241393529,6.781906637806639,2.093180287725744,2.430811141720231,1.9383756759514348,10.59624328391305,6.599985E8])
(0.0,[-5.184646464646464,8.367272727272727,-0.15212121212121216,9.731247577819003,8.988152690166975,8.520418923933208,2.501503928170595,2.4763636363636374,2.338934802571167,10.727466769459529,1.016683E9])
(0.0,[-5.220918367346939,8.38173469387755,-0.016836734693877572,9.8182084262571,10.22007221754681,10.050784735956238,2.6253894210745523,2.5373698458975427,2.416761765930862,10.883212829538614,0.0])
(0.0,[-5.048700000000001,8.419599999999996,0.06270000000000002,9.60809021212121,8.480076606060607,8.862199707070706,2.5276999999999985,2.3822,2.3903220000000007,10.69476172395725,9.99939E8])
(0.0,[-4.961414141414141,8.445353535353535,-0.7559595959595965,8.4431224695939,12.008984312512881,9.629314120799831,2.529566370778492,2.9134231200897878,2.539147025813694,10.671600583781181,9.9250025E8])
(0.0,[-4.789696969696971,8.35949494949495,-1.651111111111111,9.051115213358068,17.381006885178316,12.190799773242635,2.506176920722374,3.58023671053974,2.950190796857464,10.748275365647146,0.0])
(0.0,[-5.037346938775512,8.232755102040816,-2.0277551020408158,9.255879486640016,14.849840784767515,11.134669135282973,2.518421491045398,3.3253165347771763,2.71390254060808,10.7551640236504,0.0])
(0.0,[-4.961326530612246,8.036122448979592,-1.812959183673469,10.040471418051755,17.645640479697033,14.107375689038498,2.725354019158684,3.551145356101624,3.0012661391087048,10.782063548563508,1.880005E9])
(0.0,[-5.163100000000003,8.3544,-1.7693000000000005,9.246165040404042,14.425523878787876,13.337034858585861,2.5671139999999992,3.2828879999999994,2.907044,10.96671758280137,5.0E8])
(0.0,[-5.221111111111112,8.05919191919192,-1.1601010101010099,8.890281405895692,13.164515666872802,12.6598928468357,2.496251402918069,3.1300601979389846,2.8997020712172215,10.702220381388914,1.0E9])
(0.0,[-5.144699999999999,8.258300000000002,-1.5280999999999998,9.108289808080805,15.559998090909087,11.856126656565655,2.4368060000000002,3.282832000000001,2.725024000000001,10.921488203239646,0.0])
(0.0,[-4.951010101010103,8.421414141414143,-1.4847474747474751,9.04945815295815,11.870671449185737,11.177761925376215,2.4488378736863594,2.922091623303745,2.592153861850832,10.902205115638731,0.0])
(0.0,[-5.123737373737375,8.267676767676774,-1.0275757575757574,7.041715481344048,11.07067515976088,11.962265491651202,2.1089276604428124,2.8798755229058264,2.7374533210896845,10.77937389465375,5.000075E8])
(0.0,[-4.88989898989899,8.152424242424246,-2.02959595959596,9.073390806019376,15.609020593692028,11.079291671820245,2.5081869197020716,3.350119375573922,2.685507601265176,10.629550485534581,2.869964E9])
(0.0,[-5.027878787878788,8.33030303030303,-1.4498989898989898,7.3996719851576955,11.490633580705005,13.67775203050917,2.278634833180288,2.8900030609121514,2.895455565758597,10.847360384723586,0.0])
(0.0,[-4.896494845360823,8.595979381443302,-1.1349484536082477,7.884935502577317,11.234574291237111,10.664650257731957,2.3456137740461265,2.9551960888510997,2.5549006270591987,10.86949198177785,4.009948E8])
(0.0,[-4.747,8.4074,-1.4019000000000004,6.437558585858585,12.118191151515152,11.773922616161615,2.1517800000000014,3.052948,2.688824,10.667830983108457,5.266723333333333E8])
(0.0,[-4.833030303030304,8.37343434343434,-1.4508080808080805,7.2981478664192965,11.840286044114613,12.820431993403426,2.2913804713804713,2.9378124681154985,2.8440159167431878,10.805106070221736,9.799955E8])
(0.0,[-4.731919191919189,8.446565656565658,-1.6143434343434342,8.11774627911771,13.196710533910535,11.233677880849312,2.330680542801755,3.138955208652179,2.6105009692888483,10.734990777274872,5.89984E8])
(0.0,[-4.9611111111111095,8.365757575757582,-1.877575757575758,8.714105895691615,14.08183079777365,10.80889406307978,2.400852974186307,3.2717906336088154,2.6037159473523115,10.777075309551446,1.067505E9])
(0.0,[-4.840505050505051,8.4859595959596,-1.6558585858585855,8.27348647701505,12.212648814677385,13.079608183879614,2.307823691460055,2.9290929496990095,2.8853117028874595,10.93088241914152,1.3266703333333335E9])
(0.0,[-5.054444444444446,8.317878787878787,-1.608181818181818,8.49660657596372,13.313625046382187,13.511574211502785,2.384377104377105,2.953976124885215,2.9296418732782366,10.924924920624727,0.0])
(0.0,[-4.712424242424243,8.389999999999997,-1.3911111111111116,9.316808348794059,13.729942857142866,14.685003854875278,2.5723415977961444,3.173535353535354,3.0963187429854093,10.873445397306613,9.50002E8])
(0.0,[-4.633131313131313,8.555757575757575,-1.622020202020202,8.136138054009482,11.755477736549162,11.952261183261182,2.386395265789205,2.87458830731558,2.7561003979185794,10.88323135415087,3.53003E9])
(0.0,[-4.970408163265306,8.281938775510204,-1.7314285714285715,7.187436945087312,11.338125068377865,12.291711340206193,2.1967180341524366,2.8892065805914204,2.7447813411078728,10.74054621755188,1.559967E9])
(0.0,[-4.800699999999997,8.4277,-1.5754000000000006,6.5707035454545455,12.184476474747475,10.14394832323232,2.1261,2.9954380000000005,2.547584000000001,10.6612819952007,6.759948E8])
(0.0,[-4.7811111111111115,8.53515151515152,-1.5013131313131316,7.120967120181406,12.323764007421154,12.586003360131933,2.273355780022446,3.0469176614631155,2.695818794000612,10.809060479993777,1.2599945E9])
(0.0,[-4.770800000000002,8.5241,-1.6091000000000006,9.102702383838382,11.490355747474748,13.970131505050512,2.539952000000001,2.871254000000001,2.929899999999999,10.92475860150206,1.950013E9])
(0.0,[-4.727777777777775,8.450202020202024,-1.452929292929293,8.493023582766442,12.73106322407751,12.6925270459699,2.350437710437711,3.1317069686766654,2.824919906132027,10.797965933347191,6.00006E8])
(0.0,[-4.818888888888889,8.485151515151513,-1.4582828282828284,7.68569977324263,10.456290538033402,11.61999191919192,2.30662177328844,2.705313743495562,2.7084705642281395,10.729069959028578,1.3200073333333333E9])
(0.0,[-4.8225,8.348600000000006,-1.6826999999999999,9.050291666666666,12.034650545454554,12.404890616161621,2.4314999999999998,2.9567439999999996,2.7795160000000005,10.744149833667144,6.719972E8])
(0.0,[-4.825757575757575,8.538484848484849,-1.8582828282828274,8.461649165120594,15.402621150278296,14.366602123273559,2.3619161310070393,3.3020446893174173,3.012845627997144,11.076004596283052,9.49997E8])
(0.0,[-4.660909090909089,8.281111111111109,-2.002424242424243,5.979853246753246,13.878101814058954,10.798900185528755,1.9824426078971538,3.1612121212121216,2.6893725130088773,10.566538593805905,1.869904E9])
(0.0,[-4.942222222222223,8.173939393939394,-1.8696969696969692,8.15416439909297,12.195826159554725,11.882262152133581,2.2977553310886636,3.0171104989286808,2.6690174471992654,10.719793306089485,0.0])
(0.0,[-4.785154639175259,8.476391752577323,-1.6753608247422687,7.852352319587628,11.838681636597938,11.830210545532642,2.389544053565736,2.9237602295674363,2.698943564672122,10.775223328382662,0.0])
(0.0,[-4.7281818181818185,8.43868686868687,-1.6807070707070713,7.334906864564012,11.168487033601325,10.813467862296434,2.181634527089073,2.8375410672380386,2.584683195592286,10.740726802029874,9.659974E8])
(0.0,[-4.885252525252525,8.381010101010101,-1.329090909090909,6.708825190682334,11.081531622345905,10.301622634508348,2.034663809815325,2.795000510152025,2.550266299357208,10.646287067585824,0.0])
(0.0,[-4.855757575757572,8.344949494949496,-1.67,7.421334879406308,10.122939538239542,10.905836734693876,2.1499724517906356,2.731870217324762,2.614343434343434,10.724050853797507,2.630005E9])
(0.0,[-4.900202020202021,8.297070707070702,-1.8145454545454542,5.138097917955062,10.498329086786226,10.884490352504644,1.7765676971737567,2.8275461687582903,2.5798898071625347,10.63743750864512,2.009979E9])
(0.0,[-5.074848484848483,8.2540404040404,-1.6535353535353536,5.939184415584418,9.338259018759018,12.471302679859823,1.9729782675237222,2.5049709213345572,2.80934598510356,10.778973623382898,2.01503E9])
(0.0,[-4.6359375,8.388854166666665,-2.5574999999999988,10.166866480263158,14.749803936403515,15.328545263157892,2.5672265625,3.2400564236111107,2.9767708333333323,11.01637509411859,8.69965E8])
(0.0,[-4.939494949494952,8.246767676767675,-1.8434343434343434,8.161855864770153,12.17149556792414,12.0476309420738,2.3005203550658093,3.013770023466994,2.6976675849403122,10.786852628213309,0.0])
(0.0,[-4.765876288659793,8.45113402061855,-1.7014432989690724,7.7884807345360825,11.697743492268037,11.82370622852234,2.369271973642256,2.897068763949409,2.6980125411839726,10.747266664655717,0.0])
(0.0,[-4.661599999999999,8.507699999999994,-1.5934000000000004,7.439266101010099,11.41373304040404,10.973491353535353,2.210032,2.8740380000000005,2.6283959999999995,10.7754910898764,8.216605E8])
(0.0,[-4.907777777777778,8.363939393939399,-1.380909090909091,6.653233786848073,10.923481261595544,10.207398144712425,2.0091806958473613,2.7770676461585557,2.5289439853076208,10.637957128270724,0.0])
(0.0,[-4.86969696969697,8.317373737373737,-1.6672727272727275,7.438719294990726,9.98845425685426,10.899134322820037,2.162920110192838,2.7051300887664524,2.6115886134067936,10.705775472672048,2.630005E9])
(0.0,[-4.932626262626264,8.30444444444444,-1.8053535353535357,5.14717670583385,10.527890249433106,10.8669394145537,1.7793674114886233,2.8349943883277207,2.571533516988062,10.655492226374603,2.009979E9])
(0.0,[-5.0808080808080796,8.268787878787878,-1.6636363636363642,5.961787095444239,9.431180148423003,12.494596846011135,1.9789980614223044,2.520165289256198,2.818732782369145,10.796399616126667,2.01503E9])
