(2.0,[-3.3340206185567007,8.437731958762887,-1.2423711340206185,0.017832624570446754,0.007855219072164911,0.029195360824742268,0.10273780422999268,0.07136358805399094,0.1396769050908705,9.159821663237084,5.072784375000001E7])
(2.0,[-3.3248979591836725,8.416734693877546,-1.2407142857142857,0.008208752366926152,0.006166547443719792,0.009872680412371135,0.07449396084964612,0.06360266555601841,0.0799854227405248,9.13534847013461,5.041252577319588E7])
(2.0,[-3.2647474747474754,8.492020202020205,-0.9567676767676767,0.022719068233353977,0.010953019995877234,0.024156792413935278,0.1240832568105296,0.08199979593918962,0.1250953984287317,9.150977743057114,4.999963265306123E7])
(2.0,[-3.2190000000000007,8.4691,-1.1685999999999994,0.015114141414141411,0.005382010101010088,0.015816202020202026,0.0890400000000001,0.05577000000000025,0.10062799999999998,9.136992654891966,4.989223232323231E7])
(2.0,[-3.2155555555555555,8.454949494949497,-1.2292929292929298,0.041496371882086165,0.012741579055864828,0.03623520923520923,0.1487093153759821,0.08560963167023751,0.15618202224262823,9.13344419735033,5.000086734693877E7])
(2.0,[-3.248686868686868,8.463333333333333,-1.0876767676767676,0.016960502989074398,0.007122448979591804,0.01816495567924139,0.10461177430874398,0.06484848484848495,0.1081583511886542,9.132415942495474,5.0023602040816315E7])
(2.0,[-3.2407142857142857,8.459591836734699,-1.1805102040816324,0.015338659793814432,0.004694677046076106,0.017978087523669254,0.10093294460641396,0.05251561849229412,0.10300083298625569,9.137451881696048,5.0515721649484515E7])
(2.0,[-3.2057,8.48180000000001,-1.1075,0.016180313131313143,0.006394707070706964,0.02059065656565656,0.09598599999999996,0.06347200000000015,0.1174,9.136703789546045,5.0100919191919185E7])
(2.0,[-3.1601010101010094,8.532525252525252,-0.795757575757576,0.0486091733663162,0.01945376211090501,0.08229406307977741,0.17222324252627275,0.10416488113457782,0.23187633914906644,9.141339071751888,5.030932989690723E7])
(2.0,[-3.1548484848484852,8.530909090909086,-0.8596969696969695,0.02073543599257877,0.007824675324675217,0.019709090909090923,0.10197734925007651,0.07074380165289264,0.11751453933272116,9.138424524865972,4.999993877551019E7])
(1.0,[-1.513131313131313,8.615151515151517,1.5369696969696973,7.7471605029890735,73.81738237476806,30.32452949907235,2.163491480461179,7.6899357208448125,3.779583715947352,11.922747501216078,2.6352288235294124E8])
(1.0,[-2.0012371134020612,8.808969072164945,1.7269072164948451,9.053317203608248,75.34557392611688,32.90671325171821,2.40040174301201,7.746857264321395,3.831195663726219,12.45119953026465,2.7059035294117653E8])
(1.0,[-1.7163636363636365,8.263737373737376,1.592222222222222,8.894770315398889,83.49690323644607,28.389646031746043,2.3929109274563816,8.245544332210997,3.804444444444445,12.263402762027537,2.5165983333333337E8])
(1.0,[-1.6401010101010098,8.752424242424244,1.7615151515151517,8.299533663162235,75.90383079777364,25.890680333951746,2.2316233037445166,7.7586654423018055,3.7406427915518825,12.278279787219365,2.0246504166666666E8])
(1.0,[-1.585454545454545,8.979494949494946,2.112121212121213,10.990182189239334,71.16375790558645,29.58072300556587,2.6168044077134986,7.189035812672174,4.065068870523416,12.52825168349472,1.8417483333333334E8])
(1.0,[-1.38,9.277676767676766,1.5129292929292932,12.640538775510203,77.29877515976088,32.10600867862296,2.687676767676768,7.696488113457809,4.251976328946025,12.983442368915323,1.9481076000000003E8])
(1.0,[-1.6837,8.819200000000002,2.1243,11.01390637373738,78.65328016161614,33.24960455555556,2.72933,7.841880000000001,4.27516,12.95390690959287,2.1766522727272725E8])
(1.0,[-1.7249494949494946,8.355353535353535,1.5463636363636366,14.881133415790554,82.3303210472068,29.929378478664205,3.0883358840934587,8.145285174982142,4.148080808080808,12.528378490565517,1.9008073913043478E8])
(1.0,[-1.5784848484848482,8.950404040404042,1.8727272727272717,9.57512115027829,76.48829983508556,29.626077179962888,2.324064891337618,7.9100806040199965,4.132635445362717,12.545907003625915,2.533433888888889E8])
(1.0,[-1.5322999999999998,8.417599999999998,1.6143999999999994,18.179169404040405,84.71961438383839,33.861043070707076,3.375392,8.314296000000006,4.520951999999999,12.96163899135734,2.008310833333333E8])
(1.0,[-1.6116326530612244,8.856020408163259,2.0496938775510207,17.040172564695975,79.19727987586785,33.34597619398275,2.974523115368598,7.981447313619326,4.508234069137861,13.128160584827066,2.189987E8])
(1.0,[-1.4677,8.8654,2.226700000000001,18.329060313131308,77.62498468686867,35.1565496060606,3.447608000000001,7.775599999999996,4.756239999999999,13.282976479353474,1.8467830769230765E8])
(1.0,[-1.5982999999999998,8.903799999999995,2.001500000000001,20.88743849494949,78.11281975757578,40.34185934343435,3.635734000000001,7.675620000000002,4.854489999999999,13.52861829825799,2.150240454545455E8])
(1.0,[-1.3639,9.177399999999999,1.3499,18.800995747474744,83.2626355959596,34.10640706060605,3.1475679999999993,7.973408000000001,4.421480000000002,13.3490929233613,1.7703248148148152E8])
(1.0,[-1.5237000000000003,9.307199999999996,1.9559000000000002,20.194051828282824,82.05171127272729,37.25514564646464,3.323700000000001,8.125936,5.266525999999999,13.921767364785381,1.917154347826087E8])
(1.0,[-1.3313000000000004,8.901300000000006,2.0091999999999994,17.44112657575758,71.58278718181816,34.123924606060605,3.2125779999999993,7.351221999999996,4.764392000000001,12.909002178050724,2.5636461111111116E8])
(1.0,[-1.5810999999999995,8.753099999999998,1.2603000000000004,13.336989686868687,90.45894079797979,38.238008999999984,2.819678,8.230328000000004,5.114578000000002,13.628184387222428,1.8291474999999997E8])
(1.0,[-1.8602040816326528,9.13163265306122,1.4011224489795915,15.918791710498631,93.16967359562379,37.412787386913536,3.0697917534360672,8.690004164931283,4.87216784673053,13.815838758089475,1.5901728571428573E8])
(1.0,[-1.7937755102040818,8.66030612244898,1.7727551020408165,23.624860856301282,98.09732052387962,37.821624289922156,3.6984964598084127,9.088042482299047,5.339531445231154,14.03703318904586,1.8844369230769232E8])
(1.0,[-1.7786734693877555,8.850714285714284,1.6113265306122448,19.090918840732165,90.96275309278352,38.294611624237334,3.338796334860475,8.487142857142858,5.117719700124947,13.876245483660382,1.9261234782608697E8])
(1.0,[-1.3686999999999996,9.083799999999998,2.2289999999999988,24.63781546464646,74.84405410101012,35.07953434343436,3.7344300000000015,7.387115999999999,4.9166599999999985,13.760435782959252,2.794081764705882E8])
(1.0,[-1.1438383838383834,9.135757575757575,1.5473737373737375,14.41207287157288,82.40003283859,35.28156446093589,3.030294867870625,7.707713498622588,5.033084379144986,13.733247120667587,2.3094828571428573E8])
(1.0,[-1.2605,9.121399999999996,2.2727,21.711285606060603,75.3357232727273,35.53107445454545,3.435080000000001,7.266716000000001,4.941640000000001,13.653845559212245,1.7282836E8])
(1.0,[-1.082121212121213,8.880404040404047,1.4963636363636368,16.285767903525038,87.48694677386104,39.35580909090908,3.2274257728803186,8.046225895316802,5.21230486685032,13.611069551229587,1.8142819230769235E8])
(1.0,[-1.8496999999999992,8.772099999999998,1.6267000000000003,24.64845748484849,85.05153392929293,32.44994758585859,3.7536700000000005,8.37609,4.773506000000002,13.660489536929852,2.419891E8])
(1.0,[-1.7303030303030302,8.660707070707076,1.956363636363637,26.194545825602955,81.75132908678626,42.94078868274582,3.8954453627180903,7.980483624119988,5.212929292929293,13.797904757100989,2.3473321052631578E8])
(1.0,[-1.3962244897959184,9.596632653061222,1.5456122448979586,30.666151577950764,75.10803287397432,51.033490858405195,4.326555601832571,7.608679716784673,5.797817576009998,14.570622975306765,2.326371052631579E8])
(1.0,[-1.4,9.552886597938144,1.9706185567010308,18.855472916666677,73.55253324742274,37.75019336340206,3.323092783505155,7.474018492932298,4.963188436603253,13.562637999513258,2.065230434782609E8])
(1.0,[-1.8932653061224487,8.841836734693874,1.5548979591836727,17.875552114454024,75.2745780349253,33.31784792762466,3.4556434818825497,7.40738442315702,4.818038317367763,13.417695610961287,2.310437368421053E8])
(1.0,[-1.9102000000000003,8.970100000000002,1.3102,20.356006020202024,81.52205352525252,36.872658545454534,3.576383999999999,7.894690000000001,4.880631999999997,13.749246614596043,1.9863195454545456E8])
(1.0,[-1.6190909090909091,8.801919191919197,1.9228282828282828,21.264294063079777,82.82391770768913,33.10010416408987,3.616510560146923,7.950229568411385,4.751109070503012,13.603106160217829,2.0174639130434778E8])
(1.0,[-1.4724489795918365,9.215816326530616,1.990408163265307,18.512470229328848,72.70767200715338,32.50446168735536,3.2815326947105365,7.411582673885881,4.385697625989171,13.367747772317154,2.3422557894736844E8])
(1.0,[-1.4963636363636363,8.91050505050505,1.9280808080808074,14.660588682745832,81.18909464028035,34.62309117707688,3.030560146923783,8.062267115600449,4.79319049076625,13.224772495519293,2.022663181818182E8])
(1.0,[-2.1090909090909102,8.884242424242423,2.054848484848485,17.851489981447127,84.9426430426716,34.897582374768085,3.206244260789716,8.246917661463124,4.826378940924393,13.59086177860395,2.1743636363636363E8])
(1.0,[-1.416938775510204,9.096938775510205,2.7088775510204095,16.72337197559436,70.15685238796553,33.89413996423311,3.0873302790503967,7.233327780091627,4.987696793002915,13.269789597104316,2.642212352941177E8])
(1.0,[-1.7468686868686862,9.157676767676772,1.7006060606060611,17.501236013193157,75.75503842506701,28.9405690166976,3.2173043566982957,7.505160697887971,4.3637159473523095,13.209925097425414,1.9668454166666666E8])
(1.0,[-1.4489898989898997,9.025454545454547,1.5219191919191923,20.80826019377448,80.12412912801489,33.41442995258711,3.5386572798694007,7.85103764921947,4.771300887664525,13.444244370478298,2.1045059090909094E8])
(1.0,[-1.8056999999999999,8.7217,1.4868999999999999,24.19271364646464,79.45710314141415,36.935223626262626,3.7810420000000002,7.837129999999999,5.00388,13.507877371728071,2.0429047619047618E8])
(1.0,[-0.6436363636363638,8.52030303030303,1.3543434343434346,18.990045825602976,82.05186827458256,37.83938604411463,3.334894398530762,8.106960514233238,4.992502805836139,13.116687397875614,2.1090836363636363E8])
(1.0,[-0.7824000000000002,8.687999999999997,2.2279999999999998,24.981961858585876,81.61736767676766,29.881757575757582,3.807295999999999,8.265759999999998,4.238719999999998,13.21621285896857,2.2589257142857143E8])
(1.0,[-0.3672164948453609,8.861443298969073,1.7675257731958771,22.198151546391745,76.12331039518895,28.35175006443299,3.6481730258263374,7.6879073227760655,4.436728664045064,13.096598475187804,2.2849275E8])
(1.0,[0.049000000000000016,8.516799999999995,0.7544000000000001,21.43136262626262,84.78840783838383,45.67371175757576,3.56434,8.267000000000005,5.2427280000000005,13.455679817492499,2.1858723809523812E8])
(1.0,[-0.33595959595959607,8.29787878787879,2.016868686868687,16.541916161616165,87.93680871985157,37.96301356421357,3.131276400367309,8.509745944291403,4.6468870523416,12.895178227093893,1.90868375E8])
(1.0,[-0.7609090909090912,8.24505050505051,2.221212121212121,20.281392022263457,92.97746810966812,39.21338423005565,3.4723783287419656,8.944289358228753,5.219455157636974,13.493436857140264,1.9799196E8])
(1.0,[-0.5476288659793818,8.466804123711341,1.8894845360824746,24.745012027491402,84.07133030498284,37.08102160652921,3.797496014454246,8.258824529705599,4.872653842066109,13.48121363361069,2.0811600000000003E8])
(1.0,[-0.06690721649484543,8.33463917525773,2.2484536082474222,24.59440491838487,83.07027304553262,39.03297779209621,3.822015091933257,8.365003719842704,5.215121691997024,13.268817815716025,2.594781052631579E8])
(1.0,[1.2146938775510205,8.47775510204082,2.3906122448979583,20.75621485377656,80.10583202188097,32.83520993057016,3.486601416076637,8.030024989587675,4.465393586005831,13.019781001105711,2.4136183333333334E8])
(1.0,[1.4358000000000006,8.2707,2.213399999999999,20.882469050505048,73.4430772828283,35.8500368080808,3.6577800000000007,7.563714,4.628347999999994,12.73425131622753,3.0249787499999994E8])
(1.0,[-0.013232323232323123,8.96787878787879,1.655656565656565,23.393095567924142,76.04205361781077,26.799875840032975,3.6618508315478,7.696614631160086,4.218863381287624,13.037155942392152,2.3218845E8])
(1.0,[0.4487878787878785,8.465757575757575,1.6613131313131315,15.607090352504638,74.64943283859,40.76979111523398,3.09233547597184,7.470431588613405,5.009539842873177,12.945964012757956,2.2713361904761907E8])
(1.0,[-0.4326,8.141600000000004,1.7441,28.81469418181819,98.12282165656569,36.40413150505049,3.9413479999999996,9.204871999999998,4.715382,13.863418667835264,1.8841188E8])
(1.0,[-0.6783838383838381,8.207070707070711,2.0680808080808077,32.156142259327964,92.3117045969903,35.87463607503608,4.500922354861747,9.018085909601059,4.778559330680543,13.84124271413499,2.0565134782608694E8])
(1.0,[-0.97,8.400800000000002,2.0359,28.65813131313131,85.06150238383839,31.20884867676769,4.187799999999999,8.314536000000002,4.350480000000001,13.373591582246934,2.2476776190476188E8])
(1.0,[-0.3867676767676769,8.459090909090909,1.5137373737373734,28.745001690373112,91.35300018552874,42.76416854256855,4.2695275992245705,8.777337006427917,5.286323844505662,13.984284391975937,1.559977333333333E8])
(1.0,[-0.8871717171717173,8.224343434343435,1.6602020202020205,34.792671511028665,98.62583094207378,43.51581628530202,4.550735639220488,9.22412406897255,5.245081114172024,14.184968603467018,1.6925157142857143E8])
(1.0,[-0.44030927835051564,8.010618556701026,1.7919587628865983,27.007515528350506,81.93323294673542,42.52758258161511,4.147129344244873,8.316720161547458,5.358263364863431,13.373498542574625,2.130066E8])
(1.0,[-0.3448484848484847,8.544343434343437,1.3881818181818182,37.1639150278293,85.19734522778806,32.861917068645646,4.936400367309455,8.514602591572288,4.830670339761251,13.799056918783306,1.7629440740740743E8])
(1.0,[-1.1172727272727279,8.341111111111113,2.1884848484848476,29.977950649350653,91.60986099773235,34.66931298701299,4.3021854912764015,8.823120089786755,4.740942760942761,13.669658859885935,1.7405077777777776E8])
(1.0,[-0.2681818181818183,8.682121212121213,2.092424242424242,38.354431354359924,87.21043116883112,45.49140018552875,4.9237649219467405,8.639920416284056,5.557936945209673,14.344581115041306,2.029152083333333E8])
(1.0,[-0.4186868686868691,9.007878787878788,1.2365656565656562,33.997001319315615,92.0294332096475,39.80354726860441,4.73544128150189,8.85996326905418,5.086682991531476,14.3806934162214,1.4312836363636363E8])
(1.0,[-0.4493939393939391,8.537777777777778,1.0681818181818183,33.192889424860866,98.08284603174602,39.67926808905381,4.622595653504745,9.149001122334454,5.018824609733701,14.356150854983165,1.6300913793103445E8])
(1.0,[-0.5481632653061225,8.289183673469383,1.8704081632653053,30.340831643172734,82.53030654323585,45.04582251209764,4.394248229904208,8.233894210745524,5.360058309037902,13.799844460315734,1.9457375E8])
(1.0,[-0.8118181818181817,8.200606060606054,1.589191919191919,30.133239517625228,89.9780220779221,44.50424015666874,4.418622589531678,8.716155494337313,5.649607182940516,14.180802058809052,1.9250233333333334E8])
(1.0,[-0.8928571428571427,8.164999999999997,1.9497959183673466,33.30335257731957,93.02039226804122,40.17762263833368,4.7113994169096225,8.928877551020408,5.110374843815078,13.962152304072573,2.247692380952381E8])
(1.0,[-0.8215999999999998,8.419899999999998,1.2892000000000003,28.105754989898987,90.95350605050503,33.593334707070696,4.338968,8.793103999999998,4.588120000000002,13.508602173762027,1.826958461538461E8])
(1.0,[-0.673838383838384,8.597171717171717,1.9262626262626266,24.716144300144293,93.67508783755923,42.46379711399708,4.084513825119886,9.08282624222018,5.437590041832467,13.93900220428063,1.6714475E8])
(1.0,[-0.9915000000000004,8.099800000000002,1.5814999999999997,35.440192676767666,91.24970298989895,38.65597247474748,4.799220000000001,8.781004000000001,4.993759999999999,13.841697933771743,1.7965825000000003E8])
(1.0,[-0.7357575757575757,8.315252525252529,1.4946464646464646,29.543055287569583,97.47924968047829,39.231004720676154,4.345350474441384,9.194684215896332,5.075047444138353,13.872937849629466,1.685703928571429E8])
(1.0,[-0.6247,7.769500000000003,1.7941999999999998,26.52256253535354,84.29600883838386,38.965345818181845,4.1641,8.513299999999992,4.934007999999997,13.136818272689547,2.542545294117647E8])
(0.0,[1.941515151515151,8.955757575757573,1.3341414141414143,10.368015027829317,19.564043042671614,21.943077571634714,2.5852157943067033,3.5481848790939696,3.3521395775941225,10.710182253229648,5.297513333333333E8])
(0.0,[-1.4093939393939385,9.290101010101013,1.0154545454545456,12.974311873840449,17.108064275407127,22.685855658627087,2.8923783287419655,3.445560657075809,3.409990817263545,10.919814897736883,6.459656E8])
(0.0,[-6.07020202020202,7.287474747474746,1.1680808080808085,9.643542815914245,14.107417027417032,14.95998505462791,2.5454892357922665,3.137749209264362,2.854596469747985,10.657978919173484,1.1049195E9])
(0.0,[-6.104343434343435,7.579797979797983,0.38484848484848483,16.61406767676768,16.297155060812194,20.598531354359935,3.4663013978165496,3.3050158147127866,3.7020569329660233,11.335991577546416,0.0])
(0.0,[-6.768265306122447,6.9627551020408145,0.40142857142857147,17.11485778455712,12.809290269303593,19.831329896907224,3.4128800499791754,2.8805664306538943,3.429620991253644,11.14179069694141,2.140717E9])
(0.0,[-7.405876288659793,6.477010309278351,0.7362886597938143,17.92977031786942,13.568254510309286,19.68128191580755,3.4657540652566685,3.083207567222871,3.386200446381124,11.254286476709355,1.074997E9])
(0.0,[-7.443333333333333,6.41868686868687,0.561717171717172,21.43651428571428,14.856772747887037,19.3424837559266,3.7445791245791242,3.224601571268238,3.302242628303234,11.308837229193763,0.0])
(0.0,[-7.81747474747475,6.083737373737374,0.6913131313131309,18.769525190682334,12.225807318078745,20.668760502989066,3.6509294969901034,2.8126885011733487,3.4305499438832774,11.407413420067702,7.09971E8])
(0.0,[-8.29515151515152,5.6985858585858615,1.0775757575757572,17.04271910946197,12.301224510410224,25.127387940630797,3.4083562901744737,2.91112743597592,3.959528619528619,11.642331933609503,1.120056E9])
(0.0,[-7.992828282828283,5.744848484848482,0.6987878787878788,19.87626742939601,13.33847012987013,21.220737291280148,3.7581491684521984,3.0819528619528618,3.5595102540557093,11.411558874658944,1.4365946666666667E9])
(0.0,[-8.287900000000006,5.574,0.34779999999999994,19.96145514141414,13.966171717171719,24.01589612121212,3.514322000000002,3.10716,3.8952,11.67907406312001,0.0])
(0.0,[-8.9467,4.689400000000001,0.5473,20.83533142424242,13.233581454545456,27.850312838383847,3.8179039999999995,2.9125519999999994,4.120738,11.858087453250423,1.070137E9])
(0.0,[-9.493300000000001,3.5053999999999994,0.7820999999999998,22.025192030303028,14.656019030303023,31.09531372727274,3.898693999999999,3.128032,4.562994000000001,12.046701635410713,1.070068E9])
(0.0,[-10.243979591836737,1.8130612244897957,0.3015306122448979,23.327104618135913,16.42598228487271,28.125173921733634,3.9609975010412337,3.172715535193668,4.087055393586007,12.145069380522527,4.007E7])
(0.0,[-10.475200000000008,-0.5756999999999998,0.7511999999999999,21.84587773737374,22.494677282828288,27.141600565656567,3.737512000000001,3.741469999999999,4.080591999999999,12.343369454234274,0.0])
(0.0,[-10.616868686868687,-0.8324242424242422,0.8982828282828281,19.273184992784998,20.291047124304264,30.54510416408986,3.472606876849302,3.685466789103153,4.399130700948883,12.564675962592597,0.0])
(0.0,[-10.66262626262626,-0.7547474747474746,0.8360606060606056,19.8838501752216,19.387821109049685,26.573940445269017,3.704577083971023,3.551017243138455,3.947505356596264,12.457070760464312,0.0])
(0.0,[-10.815199999999997,-1.0694999999999995,1.1188999999999998,16.194980767676775,18.689657323232332,33.93156342424243,3.2482160000000007,3.4934499999999997,4.652080000000001,12.790997515199669,4.29007E9])
(0.0,[-10.243030303030302,-1.012121212121212,0.6404040404040405,19.086509090909093,17.035106679035252,29.360628406514117,3.5966207529843888,3.303495561677379,4.1754310784613855,12.021735235743357,5.64102E8])
(0.0,[-10.476000000000003,-0.6693,0.5937999999999998,18.93855353535353,15.129705565656563,25.758403595959585,3.52784,3.0525599999999993,3.8659319999999995,12.016618450455319,0.0])
(0.0,[-10.726262626262626,-0.5743434343434348,0.6118181818181816,18.310495073180785,16.37823706452278,26.780384415584408,3.536375880012244,3.0886032037547184,4.161450872359962,12.471479948948524,0.0])
(0.0,[-10.372755102040815,-0.7161224489795917,1.146326530612245,16.954510887860295,16.202941510624875,28.755409046917727,3.296561849229487,3.123402748854644,4.3510953769262795,12.250457957513893,1.079071E9])
(0.0,[-10.65717171717172,-0.9495959595959595,0.7054545454545454,21.464044980416418,20.021822284065134,41.86592708719849,3.7745474951535543,3.472649729619427,5.149880624426078,12.98936200326184,2.169372E9])
(0.0,[-10.877979797979798,-0.9081818181818183,0.668888888888889,20.613530571016295,20.147084415584416,33.16492426303854,3.7426446280991734,3.318659320477502,4.5209876543209875,12.857511486835392,0.0])
(0.0,[-10.65191919191919,-0.6042424242424245,0.8264646464646465,17.031440156668722,16.487936920222634,25.67042921047206,3.242381389654116,3.197961432506886,4.080920314253648,12.350181959077775,0.0])
(0.0,[-10.402551020408158,-0.9154081632653058,0.7893877551020403,18.95517383757627,20.376396223437823,27.29623467283821,3.4584214910453976,3.602507288629738,3.995818408996252,12.217244794520369,0.0])
(0.0,[-10.474699999999995,-0.8574,0.7816999999999998,18.311544353535357,15.004247717171722,29.129034454545444,3.3674759999999995,3.1242880000000013,4.294205999999999,12.265489679060007,0.0])
(0.0,[-10.48313131313131,-1.1659595959595959,1.0683838383838382,18.635056421356424,18.160963100391672,32.546087157287154,3.512229364350576,3.2801999795939194,4.506793184368941,12.425386407059035,0.0])
(0.0,[-10.71868686868687,-0.7060606060606065,0.8410101010101014,17.543878870336016,16.050764935064933,25.00247856112141,3.3638465462707896,3.2102907866544235,3.8455463728191,12.328213517941494,0.0])
(0.0,[-10.782400000000004,-0.9773000000000001,1.2200000000000002,18.03640428282828,18.574943141414142,28.11156161616162,3.5420879999999992,3.205614,4.164200000000003,12.491443790190424,1.850769E9])
(0.0,[-10.508888888888885,-0.9720202020202022,1.2215151515151514,17.821246712018134,16.43539995877139,28.579680333951753,3.4676992143658807,3.0894786246301402,4.1590572390572405,12.32048696889536,0.0])
(0.0,[-10.6966,-0.6982,0.7788,16.806723676767668,15.853265414141411,22.124493494949505,3.3827279999999993,3.163256,3.6218319999999995,12.181368439045583,0.0])
(0.0,[-10.479700000000003,-0.9895999999999999,1.0202999999999998,18.313964555555554,15.443533171717178,24.6898393030303,3.592094000000001,2.8041920000000005,3.7561599999999986,12.023340789877398,0.0])
(0.0,[-10.42717171717172,-0.3771717171717172,0.5547474747474744,18.84030824572253,17.10164702123273,19.841453762110902,3.632729313335375,3.211341699826548,3.3907193143556786,11.930486092439983,0.0])
(0.0,[-10.819393939393942,-0.7487878787878788,1.0066666666666664,18.822599628942488,19.80251280148423,24.895169387755097,3.4771533516988087,3.398775635139271,3.7590572390572388,12.438539730548923,0.0])
(0.0,[-10.651099999999998,-0.7631,1.1719000000000002,15.690100797979799,14.52142160606061,25.857787262626264,3.1561879999999993,2.9716719999999994,3.8875279999999988,12.186664685917894,0.0])
(0.0,[-10.831919191919194,-0.5586868686868689,0.9369696969696967,15.169615666872808,15.159993156050298,27.919235621521324,3.128162432404857,2.959859198041016,4.004468931741658,12.423781505930908,3.9337E7])
(0.0,[-10.341600000000003,-1.3241,1.3707000000000005,12.083957010101011,10.361274939393939,19.84530556565657,2.823791999999999,2.328592,3.506155999999999,11.726548125275977,3.56109E8])
(0.0,[-1.683535353535354,9.228484848484852,0.3459595959595961,14.52141288394145,15.440706864564012,17.26811003916718,3.1169166411590647,3.1613468013468022,3.3105887154372,10.891406053414393,5.72792E8])
(0.0,[-1.7083838383838383,9.141010101010098,0.6606060606060605,16.075109606266743,14.080421418264269,17.667556771799624,3.053825119885725,3.0027180899908172,3.146458524640343,10.79582869719637,8.754983333333334E8])
(0.0,[-2.007373737373736,9.102222222222224,0.5402020202020201,20.628964460935887,16.50526848072562,17.8107775097918,3.3030466278951134,3.1973288439955114,3.365064789307213,10.953219300286309,1.109955E9])
(0.0,[-1.89060606060606,8.979191919191923,0.1556565656565656,24.652260853432285,20.90833199340342,23.024151350237055,3.772439546985001,3.7542536475869808,3.8353759820426485,11.161323753048716,1.054443E9])
(0.0,[-1.8103030303030312,9.213434343434344,0.6046464646464644,22.848602968460103,21.087547268604414,21.752600639043496,3.6835690235690235,3.5649525558616473,3.8667931843689423,11.292667738849419,5.86965E8])
(0.0,[-1.7184,8.863199999999996,0.19149999999999984,20.63341963636363,23.660587636363644,21.663532070707063,3.4687680000000003,3.983583999999999,3.8213400000000015,10.961004176821667,1.1808573333333333E9])
(0.0,[-1.1488,9.449900000000005,-0.18340000000000012,23.072152080808074,22.0624515050505,20.811984282828284,3.585832,3.7482920000000006,3.8898639999999993,11.483164306852293,8.460084E8])
(0.0,[-1.147575757575758,9.138989898989893,-0.05525252525252522,24.316943042671625,22.07363774479489,20.343517027417025,3.644426078971534,3.8571207019691873,3.766507499234772,11.228310456798907,1.0474855E9])
(0.0,[-1.377835051546392,9.096082474226806,0.04257731958762874,24.724490055841922,25.535436576460484,20.54283599656357,3.80430438941439,4.109739611010734,3.7861685620150927,11.30698177468651,8.4151E8])
(0.0,[-1.6364646464646464,9.29333333333333,0.06181818181818182,27.638796557410853,24.40536326530612,21.91080890538033,4.129607182940518,4.053063973063973,4.0143067033976125,11.743274451234889,7.8000625E8])
(0.0,[-1.552323232323233,8.93949494949495,0.2067676767676766,28.468005772005775,23.273145660688517,22.59704862914864,4.010817263544538,3.8598530762167136,4.022860932557903,11.431300014350162,1.9499515E9])
(0.0,[-1.4312121212121216,8.824949494949497,0.24717171717171724,19.241941372912798,20.88215586477016,20.65420620490621,3.378849097030915,3.5870217324762783,3.8310866238138965,10.973890554897347,1.067586E9])
(0.0,[-1.7083000000000008,9.282399999999999,0.304,28.721315262626263,23.974980040404045,21.005070707070708,3.9502280000000014,4.023343999999998,3.863559999999999,11.55493497317271,6.235292E8])
(0.0,[-0.9810204081632657,8.95887755102041,0.14408163265306131,17.34064637071323,19.562927593099097,18.71986564275194,3.0621241149521032,3.515724698042483,3.640491461890879,10.750766615411912,1.0799563333333333E9])
(0.0,[-1.1138000000000008,9.309199999999997,-0.0805,20.82089450505051,21.00667814141414,19.401974494949492,3.3195600000000014,3.8579360000000005,3.66506,11.139588145248645,5.499878333333334E8])
(0.0,[-1.4879591836734694,9.126224489795915,0.33122448979591834,22.671276204502423,20.81780106248685,20.766804670734277,3.6200791336942957,3.640660141607662,3.7420116618075783,11.141473044717392,5.3331E8])
(0.0,[-1.3535353535353536,9.44838383838384,0.2964646464646465,18.228110843125123,18.3147606266749,19.056233292104718,3.0263769003162944,3.3860116314661783,3.635204570962146,11.172614156816293,1.065033E9])
(0.0,[-1.02,9.222899999999994,-0.2763,22.765488888888893,23.66456827272727,16.699522535353537,3.5666,3.977274000000001,3.2351959999999997,11.062974097365558,1.0301413333333333E9])
(0.0,[-1.3816326530612248,9.27010204081633,0.39316326530612244,24.625607616242373,25.59874535030507,23.98940947822428,3.5857434402332373,4.107877967513533,3.9217888379841734,11.35579824397036,8.360228E8])
(0.0,[-1.1780000000000002,9.354299999999999,0.0694000000000001,22.937004040404034,23.15954394949496,24.32047236363636,3.600400000000001,3.951643999999999,4.008951999999999,11.52172215220426,7.924345E8])
(0.0,[-1.6075510204081636,9.127959183673468,-0.05204081632653058,28.511851672627824,24.616721565327154,22.977117441615825,4.030466472303207,4.061424406497293,4.020608079966679,11.434868247672306,6.833345E8])
(0.0,[-1.2906060606060605,9.392828282828283,-0.17929292929292923,30.318728200371055,23.140951102865404,21.07840051535765,4.155837159473521,3.881038669523518,3.744985205591265,11.606117483779277,5.0E8])
(0.0,[-1.3033,9.301299999999996,-0.054000000000000055,30.113317282828287,23.402991222222223,19.30159797979799,4.159362000000001,4.022474,3.5008399999999993,11.536186586056274,1.044342E9])
(0.0,[-1.6131000000000002,9.1772,0.3292999999999999,26.46277716161616,24.990781979797983,22.895461121212115,3.884596000000001,4.089575999999999,3.960030000000001,11.481793439039329,8.39984E8])
(0.0,[-1.793535353535353,9.432727272727275,0.2823232323232324,22.989347577819004,23.235775139146565,21.233938425066984,3.7048076726864605,4.026262626262625,3.809511274359759,11.524143317987724,1.848694E9])
(0.0,[-1.7858999999999996,9.1707,0.23599999999999993,26.01213756565656,23.350756070707078,20.213876767676762,3.961325999999999,3.9937700000000014,3.83436,11.499133710176375,9.259826E8])
(0.0,[-1.7861616161616163,8.998181818181816,-0.137979797979798,24.889134096062662,25.660478293135426,18.413912203669348,3.9092235486174887,4.180348943985308,3.4527497194163854,11.159512153782225,1.062477E9])
(0.0,[-1.885102040816327,9.15224489795918,0.06418367346938783,28.91102937092364,23.220665011571636,20.093546233957504,4.063894210745522,4.047101207830068,3.6880466472303204,11.39918418113166,8.524705E8])
(0.0,[-1.775816326530612,9.16234693877551,0.021428571428571512,22.757993656637918,20.667304744371975,17.950024742268038,3.6368513119533534,3.8127426072469803,3.372857142857142,11.098977374164788,5.35024E8])
(0.0,[-1.712727272727273,9.03383838383838,0.38131313131313105,21.66238738404453,20.79568919810349,19.057770707070702,3.4366207529843895,3.7329680644832157,3.6279502091623317,10.916516187388643,3.239868E9])
(0.0,[-1.796899999999999,8.912200000000007,0.2632999999999998,21.544706454545455,20.554637535353546,19.191301121212124,3.5543280000000004,3.743776000000001,3.5872319999999998,10.939809712375483,1.6000675E9])
(0.0,[-1.684795918367346,8.94734693877551,0.5519387755102036,24.44588294761203,19.58355165158848,19.984419913738698,3.5724031653477706,3.514981257809246,3.7987921699291958,11.027085840388773,1.619995E9])
(0.0,[-1.8988999999999996,8.806299999999998,0.5336000000000002,22.45556140404041,21.009536676767677,20.23048993939394,3.4833019999999997,3.590181999999999,3.705688,10.847400386685187,5.671255714285715E8])
(3.0,[8.059591836734693,-2.19357142857143,4.197653061224489,6.307595203029454E-4,9.695876288659842E-4,0.0015397959183673714,0.019908371511869558,0.026195335276968112,0.031001665972511624,9.348358070607977,0.0])
(3.0,[8.060416666666665,-2.2129166666666675,4.186979166666665,4.7140350877193036E-4,0.0010103508771929746,6.044627192982437E-4,0.01798611111111051,0.02566840277777753,0.019411892361110985,9.348785960786952,0.0])
