(1.0,[7.228762886597939,8.318144329896908,-0.8858762886597943,67.73624012027489,63.47150693728523,47.16691406786939,6.514779466468275,6.707839302795197,5.148472738867043,15.900491742899149,3.2001164285714287E8])
(1.0,[7.426875,8.204583333333334,-0.5925000000000001,69.07905960526317,58.806385087719306,45.789608421052655,6.540312500000001,6.249522569444445,5.109531250000002,16.063834324743322,3.200051428571429E8])
(1.0,[7.568979591836734,8.178061224489793,-0.826326530612245,64.48238451504314,60.87427352198608,44.30993688196928,6.143206997084549,6.481030820491464,4.913348604748021,15.926965341391192,2.9499814285714287E8])
(1.0,[7.604747474747474,8.67060606060606,-0.9191919191919196,63.939988455988505,58.53318330241187,47.817787095444245,6.3906948270584625,6.272029384756657,5.097812468115497,16.199067003517982,2.824993125E8])
(1.0,[7.854479166666665,8.21354166666667,-0.9284375,60.94818288377194,62.077614692982486,44.290299638157904,6.270147569444446,6.608723958333333,4.750253906249999,16.140986033042438,4.069946E8])
(1.0,[7.432061855670101,8.447835051546392,-0.9464948453608247,74.12072695446734,61.53251713917525,45.019016752577336,6.742240408119887,6.594781592092678,5.016975236475716,16.272013526010614,3.723097692307692E8])
(1.0,[7.658673469387753,8.506224489795919,-1.1118367346938778,68.75200337681463,61.65574333052806,42.29009762255417,6.5267950853810905,6.739798000832988,4.778400666389007,16.302206109421526,4.1181254545454544E8])
(1.0,[6.667373737373737,8.734242424242426,-1.036161616161616,73.97046242011959,62.148220593691995,42.584921851164715,6.72270584634221,6.533786348331802,4.859975512702785,15.947328010825212,2.5111222222222227E8])
(1.0,[6.562526315789475,8.152526315789476,-0.7283157894736841,71.61267652855543,59.73049780515117,50.593443941769294,6.622603878116345,6.587550138504155,5.262688088642661,15.520892473704865,3.013346666666666E8])
(1.0,[6.738979591836737,8.822448979591833,-1.019387755102041,70.64065255628026,60.886569198401,49.27449240479698,6.850491461890878,6.606484798000833,5.404027488546438,16.178242779768787,3.4230869230769235E8])
(1.0,[6.898282828282829,8.171010101010102,-0.9598989898989897,63.10275722531438,70.47023774479489,52.123596928468366,6.630490766248344,7.08356494235282,5.266393225181106,15.962280127750013,2.83126875E8])
(1.0,[6.4314583333333335,8.616145833333333,-0.7550000000000002,72.43905469298247,68.08057762061404,55.802277894736804,7.185030381944447,7.076002604166666,5.425416666666667,16.181266266755767,2.4555288888888887E8])
(1.0,[6.880000000000001,8.901855670103096,-0.7504123711340205,67.29771041666667,61.35520068728524,54.42417066151202,6.828865979381443,6.733886704219363,5.406276968859603,16.16619735706895,3.0312918749999994E8])
(1.0,[6.89510416666667,8.754895833333336,-0.6922916666666666,62.57047367324561,62.24303367324561,52.88205785087721,6.204780815972223,6.500223524305556,5.122695312500001,15.990419552896292,2.6390077777777776E8])
(1.0,[6.466363636363634,8.699393939393943,-0.6081818181818182,61.632456029684576,58.853664935064955,46.37317829313543,6.136418732782366,6.382895622895623,5.17190082644628,15.601685889446923,2.6705935294117644E8])
(1.0,[6.8224489795918375,9.055510204081635,-1.04765306122449,65.3407011571639,59.10168272669893,49.436112991794666,6.378575593502704,6.398937942523946,5.037771761765932,16.06321254082325,2.6777644444444445E8])
(1.0,[6.873163265306123,8.329693877551026,-0.6091836734693876,67.26836411739956,62.82612258573532,51.72682406900905,6.504408579758434,6.575445647646812,5.318704706372347,15.839803713978391,2.5056288888888887E8])
(1.0,[6.9824,8.347400000000002,-0.7904000000000001,57.3017861010101,62.65019923232325,48.19416145454546,5.854503999999999,6.444512,5.041111999999999,15.485403086120836,2.8352800000000006E8])
(1.0,[6.002680412371135,8.95237113402062,-0.8190721649484535,44.907513573883186,42.03785994415808,29.827521005154637,5.515395897544905,5.117468381337013,3.833873950472952,14.043747609530836,3.839965E8])
(1.0,[5.849183673469386,8.019489795918364,-0.5546938775510204,66.59388798653481,69.92726056175049,54.99373444140544,6.804473136193251,7.287673885880883,5.520974593919202,15.392332966232503,3.093384E8])
(1.0,[6.104040404040404,8.49242424242424,-1.0737373737373737,54.67398963100394,55.434406307977746,40.06188078746651,5.719391898785836,6.238916437098255,4.690521375369861,14.407524125905498,2.5789442105263156E8])
(1.0,[6.141041666666668,7.984583333333332,-1.1505208333333339,57.24691469298245,64.21526719298247,43.11539235745615,6.168980034722223,7.101041666666667,5.0943489583333355,14.608704594889703,3.392286923076923E8])
(1.0,[6.249387755102042,8.150612244897957,-0.11571428571428588,71.78827797180729,72.34387384809594,53.410734020618534,7.274935443565179,7.59914618908788,5.528192419825073,15.79945988759866,2.913289333333333E8])
(1.0,[6.030412371134017,8.092886597938142,-0.3556701030927835,69.7146560781787,63.668018664089345,57.461385223367664,6.883071527261131,7.003237325964505,5.835253480709958,15.408509320018396,2.873372666666667E8])
(1.0,[6.588399999999999,8.019900000000003,-0.4750000000000001,60.138312565656534,64.31336059595964,53.24478080808082,6.276632000000001,7.006707999999998,5.458200000000003,15.23948665650349,3.01874125E8])
(1.0,[6.818877551020408,8.174693877551022,-0.49683673469387735,65.77214408794448,71.69402103934357,58.930071333894396,6.76393377759267,7.5558475635152,5.916311953352771,15.81256526315253,2.6777477777777776E8])
(1.0,[6.5001041666666675,7.8664583333333296,-0.09927083333333342,66.53352314692984,73.65162732456139,51.90454788377194,6.858441840277778,7.656618923611112,5.487309027777776,15.479088881620894,3.3615815384615386E8])
(1.0,[6.348787878787876,7.9836363636363625,-0.22373737373737404,77.43571076066793,79.22757847866426,63.52038282828286,7.637134986225894,7.896657483930212,6.1206468727680825,16.027327549416192,2.4199980000000003E8])
(1.0,[5.929587628865977,8.522783505154639,-0.3702061855670101,80.17912066151202,78.58891196305835,62.943027040377984,7.782040599426081,7.868298437666062,6.204478690615367,16.39228251171256,2.7469411764705884E8])
(1.0,[5.319797979797979,8.295858585858586,-0.7610101010101008,63.408512203669346,55.010444918573505,47.05653978561119,6.512721150902969,6.37323946536068,4.947825732068156,14.737810141049344,3.138497692307693E8])
(1.0,[5.425360824742268,9.07298969072165,-1.2067010309278352,63.63599596219931,60.44396701030928,52.80653067010309,6.797294080136039,6.387084706132424,5.081881177595916,15.694325955898245,2.752290588235294E8])
(1.0,[5.3346938775510235,8.688061224489797,-0.936734693877551,73.63077155480748,59.21035599621293,53.37358716600045,7.129483548521448,6.585033319450226,5.518892128279884,15.632690429148202,2.959981333333334E8])
(1.0,[5.624747474747474,9.350808080808083,-0.9984848484848484,59.39671498660072,50.220180972995266,51.03993747680894,6.386103458830732,6.052015100499946,5.216382001836546,15.441365390534065,2.768745E8])
(1.0,[5.818989898989897,9.239292929292933,-1.3054545454545454,56.46339284683569,53.014278066378054,47.56406586270874,6.104999489847974,5.98779920416284,5.0572451790633615,15.162000412515273,2.5111049999999997E8])
(1.0,[5.273636363636364,9.118787878787879,-0.7325252525252521,68.50168051948052,59.32945157699442,51.55859866007009,6.837134986225893,6.569782675237219,5.5379981634527065,15.751192464621402,2.566613333333333E8])
(1.0,[5.318229166666668,9.069374999999999,-0.5745833333333333,69.85392841008776,67.13464802631576,45.42017877192983,6.968081597222222,7.018111979166669,5.1901996527777765,15.453541433554452,2.7706011764705884E8])
(1.0,[5.4208163265306135,8.83938775510204,-1.112959183673469,68.53837046076161,62.917746013044365,52.79784991584265,6.991649312786339,6.73337775926697,5.282642648896294,15.722883924274965,2.769667647058824E8])
(1.0,[5.827113402061853,9.103195876288657,-0.5315463917525772,67.88428741408937,68.30143238831614,46.33932987542955,6.97145711552769,7.102816452332875,5.241179721543203,15.68423996126738,2.727813333333334E8])
(1.0,[4.597448979591835,9.500714285714285,-0.5492857142857147,66.55095940458655,66.22054072164948,54.03493247422684,6.984943773427737,7.230058309037902,5.432915451895042,15.60948677104474,2.347331578947368E8])
(1.0,[4.260306122448981,9.000204081632646,-0.8466326530612246,74.06067722491059,63.614637071323365,61.26306586366507,7.148673469387755,7.046930445647647,5.764123281965848,15.523198271838563,2.6510955555555555E8])
(1.0,[3.551530612244898,9.303469387755104,-1.092040816326531,68.55212031348623,58.358835261939824,59.361698884914794,6.822174094127445,6.833115368596418,5.967742607246981,15.519848878757928,2.74374E8])
(1.0,[3.7449999999999988,9.668571428571424,-1.1002040816326533,66.84659020618557,58.903164948453586,59.32128655585943,6.802653061224489,6.771545189504372,5.9444356518117445,15.736114469404574,2.9687499999999994E8])
(1.0,[2.513125,9.616875000000004,-0.8581250000000002,67.59446592105265,60.84651644736845,60.21517539473684,6.864036458333334,6.8042187499999995,5.818359375000001,15.59432012722008,2.0619128571428573E8])
(1.0,[1.3773469387755104,9.516938775510198,-1.5714285714285712,54.333405259835885,53.958293625078895,49.61468865979382,6.035497709287796,6.41024989587672,5.105801749271137,14.36493181467551,2.5764735294117647E8])
(1.0,[0.3774747474747472,10.448585858585856,-1.1183838383838385,60.246051721294535,54.95369389816532,50.00219940218511,6.510278543005813,6.270833588409347,4.873545556575859,15.18427096056096,2.6799926666666666E8])
(1.0,[-0.8809278350515465,10.028144329896909,-1.0649484536082474,67.10988558848798,57.54958402061859,55.31486484106528,6.647103836752047,6.391741949197578,5.449435646721226,15.179455443988552,2.3222522222222224E8])
(1.0,[-2.1439393939393945,10.465656565656564,-0.9616161616161618,83.07170371057511,62.87925951350238,55.10885450422592,7.295537190082644,6.810456075910621,5.500759106213652,16.19687361180648,2.1476238095238093E8])
(1.0,[-2.5097938144329897,10.33278350515464,-1.2134020618556698,70.8815312070447,57.15736612972506,48.98864559707902,6.581441173344671,6.378229354872994,4.890237007120842,15.448131311648655,2.2263052631578952E8])
(1.0,[-3.0060204081632658,9.672040816326529,-1.4001020408163267,53.47988812329057,54.73595249316221,53.112431948243234,5.982675968346521,6.1268554768846295,5.045807996668055,14.652209978495897,3.033324666666667E8])
(1.0,[-3.15929292929293,9.605050505050507,-1.2985858585858592,61.66448010719439,53.33672525252523,51.11811022469594,6.260714212835426,6.1300459136822765,5.078253239465361,14.804224761927836,2.6705935294117647E8])
(1.0,[-2.896464646464647,9.817979797979802,-1.3570707070707075,57.813745537002674,54.34546526489384,56.1232821480107,6.124889297010512,6.122122232425265,5.198691970207123,14.891731015876145,2.83124875E8])
(1.0,[-3.5330612244897943,9.51969387755102,-1.44265306122449,62.59820702714075,55.61816794656006,48.24114340416581,6.3573469387755095,6.289112869637653,4.98341524364848,14.828491844569294,2.6705935294117647E8])
(1.0,[-8.15898989898989,6.4734343434343415,-1.0777777777777775,68.32785203050918,64.00716359513503,53.27314603174602,6.874678094072038,6.527705336190186,5.136565656565654,15.287814988575695,7.419982E8])
(1.0,[-8.262842105263154,6.619578947368421,-0.9117894736842101,75.66166736842106,66.13719131019037,53.67725952967525,7.347326315789478,6.845223268698064,5.239477008310249,15.711807388970515,4.988945555555556E8])
(1.0,[-7.869489795918369,6.7201020408163235,-0.5955102040816325,90.40332241742057,84.57263813381022,50.29468272669892,8.413592253227819,7.9156039150353985,5.416967930029153,16.44338204322627,4.833306666666666E8])
(1.0,[-7.785555555555557,6.604242424242426,-0.7254545454545454,77.33783106575962,67.71010630797771,55.12727606679037,7.6739842873176185,6.714245485154575,5.676932966023873,15.866714691189408,5.58750125E8])
(1.0,[-8.13622448979592,6.4142857142857155,-0.4770408163265306,65.79977838207448,66.57587422680412,52.21145610140963,6.690106205747606,6.732711370262391,5.363261141191169,15.720104902762682,6.099955E8])
(1.0,[-8.197319587628865,5.831340206185566,-0.8989690721649483,59.66040107388317,58.14320964347081,44.547336426116836,6.290336911467742,6.130398554575407,4.976405569135932,14.754284989755142,7.5E8])
(1.0,[-8.193232323232317,6.505353535353536,-1.1989898989898984,63.59364454751595,66.44118839414554,50.49653774479489,6.821061116212629,6.705703499642895,5.039365370880523,15.399011173752813,7.216695E8])
(1.0,[-8.19848484848485,6.289696969696969,-1.1801010101010099,54.654506864564,61.1601580705009,52.25777652030507,6.242460973370061,6.632647689011324,5.1671625344352625,14.979630020417536,7.440002E8])
(1.0,[-7.662448979591837,6.591326530612245,-0.920816326530612,86.78028260046288,79.14311471702082,52.0539580896276,8.26714702207413,7.62987088713036,5.295343606830485,16.09792358055064,5.4000475E8])
(1.0,[-8.544242424242421,6.424545454545455,-0.6780808080808082,64.57963079777369,66.46469239332093,53.834062605648334,6.55900826446281,6.746758494031221,5.442699724517907,15.964613124292196,6.099955E8])
(1.0,[-8.284999999999998,6.399591836734694,-1.5850000000000002,62.82719226804123,64.25159158426258,53.2104025773196,6.643469387755101,6.64265306122449,5.341938775510204,15.544220941912531,5.7500075E8])
(1.0,[-7.35091836734694,6.386632653061225,-0.9183673469387755,69.01420636440145,55.95002050284034,47.90027978119085,7.216538942107456,5.947923781757601,5.152203248646396,14.768403581969336,7.116648333333334E8])
(1.0,[-7.7492857142857146,5.891632653061223,-0.21183673469387762,53.23638608247423,46.126356069850615,43.94672855038926,6.080655976676383,5.3917659308621415,4.806305705955852,13.380833613765208,5.457108571428572E8])
(1.0,[-4.802037037037038,7.482592592592592,-1.5385185185185186,32.606242941998595,19.022336547868615,19.57672983927323,4.950480109739369,3.358957475994513,2.971646090534979,11.645220388993174,0.0])
(1.0,[-7.283333333333331,6.4073737373737405,-0.18262626262626253,61.53221836734696,52.148988950731805,48.36551956297674,6.632727272727276,5.821983471074383,5.114945413733293,14.117627323559313,4.837455E8])
(0.0,[3.0063636363636372,10.20131313131313,-1.4578787878787876,13.803656029684603,15.22181764584621,15.779118923933213,2.8732047750229572,3.061985511682482,2.772415059687787,11.807270033243462,5.166726666666667E8])
(0.0,[3.1794845360824744,9.948453608247423,-1.5680412371134018,11.944182023195873,15.760492375429559,15.464603414948455,2.7060771601657985,3.0883345732809024,2.8736868955255614,11.608661861860822,8.817018E8])
(0.0,[3.3674747474747484,9.80414141414141,-1.318080808080808,11.952239476396624,12.17911634714492,14.943387095444237,2.7401775329048053,2.7134761759004182,2.6860871339659225,11.52469695435924,6.919982E8])
(0.0,[3.277731958762886,9.840927835051545,-1.4253608247422682,12.860763552405492,12.43531058848797,15.027479295532649,2.6897608672547566,2.7539079604633865,2.7593771920501644,11.511692842396625,1.860016E9])
(0.0,[3.512424242424243,9.736363636363635,-1.1522222222222214,13.795522634508341,14.71197031539888,15.4999970521542,2.6565350474441383,2.9849219467401276,2.662424242424244,11.450823548625843,5.826645E8])
(0.0,[3.545510204081634,9.852857142857145,-1.7140816326530615,14.531862108142228,13.37154432989691,12.325562549968437,2.788296543107039,2.7187755102040825,2.437513536026656,11.590550281446768,8.550035E8])
(0.0,[3.3600000000000003,9.648383838383836,-1.3188888888888892,12.191879591836733,13.669907565450423,14.182097732426298,2.572929292929293,2.877226813590448,2.576049382716049,11.30617338399069,7.35306E8])
(0.0,[3.4379591836734704,9.838061224489797,-1.6015306122448978,13.89765970965706,14.49581991373869,13.343765674310962,2.808733860891295,2.8764743856726365,2.5903061224489807,11.589031330953278,8.666686666666666E8])
(0.0,[2.7905050505050504,10.066363636363635,-1.5984848484848484,19.65898443619873,22.1684641929499,20.07488645640074,3.5995408631772268,3.6284297520661157,3.024836241199876,12.054516753571086,8.658448E8])
(0.0,[3.2521875000000007,10.318541666666665,-1.691666666666666,16.33520674342105,20.68615995614034,21.705986666666664,3.233619791666666,3.5440190972222223,3.0847916666666673,12.31957106287126,8.699524E8])
(0.0,[3.075600000000001,9.885200000000003,-1.6362999999999999,16.081327919191917,20.68405147474748,22.141096272727268,3.2104720000000015,3.5450799999999996,3.173862,11.903706468797719,5.54985E8])
(0.0,[3.303877551020408,9.970612244897954,-1.5173469387755105,13.778760067325896,18.63601817799285,16.624568146433834,3.066393169512703,3.360524781341108,2.8190045814244065,11.833217609771845,1.4702353333333333E9])
(0.0,[3.3114285714285714,9.99989795918367,-1.5879591836734699,16.137799999999995,19.360844319377236,20.31139579213129,2.932653061224489,3.3790774677217814,2.8875593502707204,11.86602173013718,6.171744285714287E8])
(0.0,[3.34111111111111,9.884040404040402,-1.2951515151515152,13.807228344671199,18.19391207998351,19.23150890538034,2.8377553310886663,3.3734129170492815,2.840838689929599,11.660973922773623,1.123118E9])
(0.0,[3.2037755102040806,9.764897959183674,-1.3127551020408166,11.200302093414685,16.622445865768988,15.679519135282987,2.7668867138692215,3.1977634319033728,2.9428967097042897,11.486222950954513,0.0])
(0.0,[3.318453608247422,9.824432989690717,-1.5158762886597938,15.204136125429555,17.055229102233678,17.918055734536086,2.94576469337868,3.2674566904028057,2.868145392709109,11.674869876499185,5.700175E8])
(0.0,[3.3471717171717166,9.76878787878788,-1.264747474747475,12.40690824572253,17.849694434137295,17.662725190682323,2.6294663809815315,3.26534435261708,2.9526089174574013,11.544028794185188,1.160004E9])
(0.0,[3.361752577319586,9.968762886597942,-1.652577319587629,13.488002104810993,15.583115120274917,19.60449641323024,2.861260495270486,3.0577192050164728,3.054968647040067,11.906874668334499,1.1033326666666667E9])
(0.0,[3.446060606060605,10.156262626262626,-1.4543434343434338,14.626705751391457,17.026462420119564,20.81819420737992,2.9045117845117843,3.232057953270074,3.141524334251606,12.050828889605716,7.81662E8])
(0.0,[3.458383838383839,10.046666666666665,-1.5839393939393938,15.317923891981039,15.787148979591835,18.18401187384045,2.8902928272625235,2.954612794612795,2.7561065197428825,11.862306058253115,1.1000266666666667E9])
(0.0,[3.253917525773195,9.998659793814438,-1.5194845360824745,16.857455326460485,18.176176310137453,21.967696606529213,3.0202742055478793,3.313161866298224,3.1096354554150283,11.925766975050268,8.107E8])
(0.0,[3.3524242424242416,10.135353535353532,-1.6318181818181814,14.271541001855278,18.17903125128839,16.42347625231911,2.88502601775329,3.2060279563309866,3.0061524334251613,11.986599648648825,6.4250175E8])
(0.0,[3.268061224489795,9.957551020408165,-1.5859183673469386,17.258343625078897,16.293497033452557,20.009655333473596,3.154473136193253,3.1328071636818007,3.0794418992086627,11.902878071016833,6.840028E8])
(0.0,[3.5448979591836745,9.802755102040814,-1.5075510204081626,13.569400504944253,14.231762434252051,16.79690940458658,2.684077467721784,2.841220324864639,2.7894335693461056,11.604404851876225,9.066673333333334E8])
(0.0,[3.2330303030303047,9.753535353535346,-1.496868686868687,13.819658070500932,16.835500639043495,19.367125809111517,2.768233853688398,3.277308437914498,2.988580757065605,11.659741777673021,6.73999E8])
(0.0,[3.3794897959183667,9.884795918367354,-1.4902040816326534,13.064776025667998,14.625757174416165,19.544894803282133,2.647192836318199,2.9501915868388173,2.970162432319866,11.715366049715627,5.166623333333334E8])
(0.0,[3.7504040404040406,9.9020202020202,-1.1525252525252534,12.357899835085549,14.903706081220369,18.54845784374356,2.511786552392614,2.9265687174778083,2.784819916335068,11.66248548159678,6.467845E8])
(0.0,[3.261313131313132,9.877878787878792,-1.7038383838383844,15.931850298907449,15.471831168831166,18.17393613687899,2.991023364962759,2.9847995102540557,2.897802265074992,11.746009630778788,6.840028E8])
(0.0,[3.4482828282828275,9.981212121212124,-1.4673737373737374,12.541318449804162,14.222435250463832,17.392813440527725,2.6657055402509946,2.9743556779920413,2.8232262014080183,11.834540698017697,4.04999E8])
(0.0,[3.2771428571428554,9.784693877551021,-1.421938775510204,12.935257731958766,16.722082895013678,18.528457027140753,2.691574344023323,3.1852811328613084,2.9336234902124114,11.567615081960625,7.419982E8])
(0.0,[3.513434343434343,9.922121212121208,-1.4741414141414142,16.74621257472686,19.497808719851577,21.363620428777566,3.018228752168145,3.3690970309152117,3.1801632486480993,11.947238033447304,7.2999575E8])
(0.0,[3.459175257731959,9.788969072164948,-1.598041237113402,13.687326396048116,18.41919684278351,17.170011748281787,2.8095100435753,3.3193708151769585,2.9700159421830152,11.752922697020981,5.54993E8])
(0.0,[3.41795918367347,10.057040816326529,-1.783979591836735,19.1304844519251,16.081418988007567,18.905319051125606,3.239466888796334,3.081470220741358,3.044596001665974,12.109071070151982,4.044527777777778E8])
(0.0,[3.3143877551020418,9.970714285714282,-1.435612244897959,17.2730784872712,18.519080927835063,20.3249259099516,3.0641982507288628,3.3990962099125364,3.1531778425655963,11.899301420366506,6.3248425E8])
(0.0,[3.3757142857142854,9.926530612244902,-1.8276530612244897,13.880595876288652,16.178468251630555,13.746937734062698,2.9062099125364433,3.0616951270304034,2.776763848396502,11.841530439320795,7.419984E8])
(0.0,[3.201313131313132,10.036565656565656,-1.7034343434343442,16.199901319315597,18.25394522778808,19.11622890125747,3.0459728599122537,3.3805019895928976,3.216177941026425,12.05480600871935,7.282155E8])
(0.0,[3.3165656565656567,9.853939393939392,-1.3970707070707071,14.331667676767678,18.92150983302411,18.948012760255615,2.954239363330273,3.4356596265687167,3.0288276706458523,11.818883125692125,4.8857328571428573E8])
(0.0,[3.3051515151515147,9.91787878787879,-1.7164646464646458,16.88898849721707,19.074833209647498,23.899059822716954,3.0956290174471994,3.352635445362717,3.2585450464238352,11.997852419715054,1.09734325E9])
(0.0,[3.762783505154639,10.096391752577318,-1.4624742268041238,14.44305779639175,16.95453580326461,18.85696881443299,2.890521840790732,3.1640982038473786,3.093689021149963,12.099145385394761,8.2999425E8])
(0.0,[3.442244897959184,9.596836734693877,-1.3065306122448979,17.81255367136545,21.064727003997476,21.127311550599625,3.1668054977092868,3.567802998750519,3.055268638067471,11.61582697326993,4.539338E8])
(0.0,[3.79041237113402,9.762989690721648,-1.4022680412371131,10.392989411512026,12.419985760309276,14.58170521907216,2.4643426506536277,2.6911850356042084,2.646659581251993,11.534197782830383,7.866616666666666E8])
(0.0,[3.660000000000001,9.645714285714288,-1.600204081632653,15.138521649484534,17.400313402061865,18.871278308436768,3.0089795918367357,3.2518658892128283,2.9846688879633483,11.675265624350514,1.2799985E9])
(0.0,[3.641224489795919,9.705408163265307,-1.6164285714285707,12.341264464548708,14.030361171891444,13.78542319587629,2.589004581424406,2.841751353602666,2.4940087463556853,11.424093225552452,1.1199953333333333E9])
(0.0,[3.671546391752578,9.609896907216493,-1.485463917525773,11.926579875429548,15.818186447594506,18.09938337628866,2.7355829524922948,3.1149452651716443,3.1254054628547134,11.588774929681895,0.0])
(0.0,[3.7654545454545443,9.75535353535354,-1.4075757575757577,16.256327087198514,16.21292921047207,22.425853246753242,3.0431221303948566,3.039873482297725,3.026066727884909,11.873997270747568,1.815033E9])
(0.0,[3.7273737373737372,9.507474747474745,-1.494747474747474,13.677631807874667,16.192976211090496,19.29077212945785,2.7994102642587495,3.1416406489133752,2.986866646260587,11.553863283057465,5.716653333333334E8])
(0.0,[3.9343010752688174,9.714516129032255,-1.2809677419354837,16.080955212716223,15.455268513323984,22.098019705469845,3.0899710949242682,3.0212209503988903,3.012833853624697,11.883945743360123,1.2766826666666667E9])
(0.0,[3.9195000000000033,9.787600000000001,-1.4958999999999998,12.700012878787879,15.383258828282829,16.199947666666663,2.7415000000000007,2.99916,2.760756,11.713161801033431,6.6745775E8])
(0.0,[3.867755102040816,9.694897959183674,-1.689285714285714,14.766893877551022,14.512200504944243,15.88268917525773,2.9865972511453562,3.005506039150353,2.8858600583090372,11.765840621669946,1.5350035E9])
(0.0,[3.939175257731958,9.757938144329893,-1.6483505154639173,15.710118062714782,14.28489778780069,16.76639725085911,2.8595281113827182,2.7911914124774153,2.7203592305239663,11.694751849926194,5.50003E8])
(0.0,[3.71,9.755555555555551,-1.373939393939394,17.35865102040816,19.26454739229025,18.9399853432282,3.226464646464646,3.502154882154882,2.9793021120293854,11.831554463949047,7.38332E8])
(0.0,[3.7861616161616163,9.840505050505053,-1.574545454545454,17.282625932797362,14.818461987219134,16.329820964749533,2.931415161718192,2.947803285379045,2.5553719008264473,11.779404273500882,4.7249975E8])
(0.0,[4.124693877551022,9.686734693877547,-1.2323469387755104,18.153816915632238,12.097947990742687,17.734152167052383,3.108713036234902,2.7027946688879636,2.9790587255310297,11.810391841378394,8.50097E8])
(0.0,[2.759047619047619,8.348888888888887,2.0461904761904757,5.455899078341014,5.8077551971326145,15.798762672811062,1.8374149659863945,2.0795061728395057,3.3334240362811793,10.17049954465686,2.0000716666666666E8])
(0.0,[3.2804081632653057,8.925204081632657,0.885,12.156834883231646,8.181031401220288,19.527794329896906,2.4437650978758843,2.3736776343190336,3.6022448979591832,10.920373275959502,1.619995E9])
(0.0,[-1.8762626262626263,9.965858585858584,-1.565454545454546,14.731270583384873,16.787763285920416,13.70150463821893,2.9617528823589434,3.2207978777675756,2.6753351698806247,11.6063223875701,8.899995E8])
(0.0,[-1.7176767676767677,10.142828282828283,-1.7774747474747479,20.370069037311893,15.035955184498038,14.491959884559886,3.014843383328232,3.1048199163350674,2.7111417202326296,11.858495707246488,1.149963E9])
(0.0,[-1.6170408163265304,10.2134693877551,-1.4909183673469382,14.798016926151902,12.63179814853776,15.317740385019983,2.712936276551436,2.744010828821324,2.7674094127446893,11.702649943296965,0.0])
(0.0,[-1.8053061224489793,9.967857142857145,-1.8271428571428567,14.4569571218178,14.267357216494851,15.699744329896914,2.5678384006663886,3.093702623906706,2.643702623906705,11.53752079123077,1.149964E9])
(0.0,[-1.4704081632653065,10.251836734693876,-1.5067346938775514,18.247399831685257,13.773466694719124,20.601758300021046,2.797296959600166,2.8283132028321543,3.1326364014993753,11.978744019918627,1.5899963333333333E9])
(0.0,[-1.6714432989690717,9.98247422680412,-1.4432989690721647,12.368639561855671,12.256235481099656,20.24414942010309,2.6644914443617798,2.6801806780741844,2.998046551174408,11.64143267111094,0.0])
(0.0,[-1.7368686868686871,10.002121212121212,-1.6876767676767686,15.629178870336014,15.6257719851577,16.946077200577193,2.7500704009794914,3.0144230180593823,2.925456586062648,11.595298270355165,3.529999E9])
(0.0,[-1.585204081632653,10.193979591836735,-1.564795918367347,17.299365421838843,15.277987092362721,16.15088088575636,2.9301915868388178,2.9800645564348187,2.850216576426489,11.81823468883153,0.0])
(0.0,[-1.8618749999999988,9.880729166666669,-1.8935416666666667,20.994360657894727,18.599162620614035,17.520833640350883,3.0915234375000007,3.2451909722222223,2.7774739583333337,11.765345588586339,1.740021E9])
(0.0,[-1.6696969696969697,9.97121212121212,-1.5503030303030298,17.726692764378484,18.32351892393321,18.899380519480523,2.9809611264156723,3.352317110498929,2.989323538414448,11.769421348548084,7.866618333333333E8])
(0.0,[-1.6061616161616155,10.21787878787879,-1.6894949494949492,16.71538307565451,16.843798515769954,17.651939538239528,2.8586858483828177,3.0965717783899604,2.8936618712376285,11.888835115849444,7.30011E8])
(0.0,[-1.8184848484848486,10.136363636363637,-1.6658585858585857,19.947102782931356,19.28583766233766,20.16032451041022,3.06726048362412,3.360404040404042,3.1789103152739506,12.088061742806575,1.160034E9])
(0.0,[-1.6769387755102036,9.991530612244896,-1.699897959183673,21.603021460130442,19.226396602146018,21.033194834841154,3.2802957101207824,3.399129529362766,3.092167846730529,11.978843385815683,7.99998E8])
(0.0,[-1.6123232323232324,10.129696969696976,-1.8361616161616165,16.536983323026185,14.069784601113174,15.469721851164703,2.894684215896338,2.8888154269972453,2.753510866238139,11.793161720452161,0.0])
(0.0,[-1.6853535353535356,10.18636363636364,-1.5676767676767673,17.62969043496187,15.080996846011132,16.755415976087416,3.01073972043669,3.0168962350780535,2.9342985409652065,11.836128263224035,1.130035E9])
(0.0,[-1.6476530612244902,9.975306122448975,-1.7941836734693872,20.376591342310125,17.179996297075526,16.71839778034925,3.0585401915868378,3.017909204498127,2.7202019991670126,11.767253591075283,1.740021E9])
(0.0,[-1.6031313131313132,10.216767676767677,-1.3640404040404037,14.416987033601316,13.856450669964959,14.996397794269226,2.57652076318743,2.8596286093255787,2.625366799306193,11.574462204897149,1.755005E9])
(0.0,[-2.0477319587628866,10.012783505154642,-1.594639175257732,14.377165635738832,17.579684879725082,21.744212628865977,2.6267148474864483,3.293980231693059,2.903428632160697,11.702356242756034,8.599855E8])
(0.0,[-1.6616326530612247,10.172551020408171,-1.2238775510204079,14.177778750262991,12.456759404586576,14.290397180727958,2.6412286547271973,2.6225031236984586,2.4859100374843823,11.501378117428445,1.855011E9])
(0.0,[-1.7432323232323228,9.96383838383838,-1.5692929292929292,10.5346465883323,12.618297361368786,14.67954541331685,2.273045607591063,2.7281195796347313,2.632329354147535,11.310033391957154,0.0])
(0.0,[-1.5009183673469382,10.06234693877551,-1.4482653061224495,12.65134244687565,13.105694435093625,13.491177372185994,2.19911703456893,2.765755935027072,2.3774302374010823,11.278299193173932,1.2054745E9])
(0.0,[-1.672828282828283,10.034242424242427,-1.3611111111111107,14.324849062049058,13.648816512059366,14.570042630385485,2.3851709009284785,2.7885889194980114,2.458855218855219,11.346742730502383,1.169993E9])
(0.0,[-1.5288888888888896,10.106767676767676,-1.3282828282828285,13.287163038548755,13.002479241393525,15.420693960008245,2.433557800224466,2.7024630139781656,2.5473686358534833,11.414085355812839,1.8349915E9])
(0.0,[-1.6893750000000003,10.16489583333333,-1.4960416666666674,12.556923815789473,12.909225252192977,17.33544311403509,2.4463020833333324,2.6763498263888876,2.7922829861111107,11.601103581401839,1.199982E9])
(0.0,[-1.5919191919191915,9.995959595959595,-1.3962626262626268,13.954444238301381,13.628993712636573,15.562152216037925,2.339569431690645,2.759151107029895,2.5901112131415154,11.329771735257582,1.2099913333333333E9])
(0.0,[-1.527448979591837,10.126326530612245,-1.0341836734693877,13.99288517778245,13.093225541763097,18.780109120555444,2.5894418992086643,2.866218242399001,3.0630216576426483,11.612029450484519,2.409943E9])
(0.0,[-1.5120408163265306,10.130408163265308,-1.5130612244897963,12.934604039553966,14.779521481169782,16.531009088996413,2.297750937109537,3.0145064556434806,2.6880882965431057,11.520895109324519,2.379975E9])
(0.0,[-1.5931313131313134,10.023131313131312,-1.4376767676767677,12.589252339723762,13.247854380540092,13.79539352710781,2.4520640750943783,2.7656626874808694,2.511874298540965,11.380536689953662,1.199982E9])
(0.0,[-1.412244897959184,10.26938775510204,-1.3369387755102038,15.023757795076788,17.39476044603408,20.145905996212925,2.6923323615160344,3.3014785506039144,3.0004039983340265,11.816815319411727,5.92514E8])
(0.0,[-1.7111224489795915,10.00948979591837,-1.419183673469388,10.306981201346515,12.771514169997896,15.205605512308018,2.2054748021657624,2.76460224906289,2.6607621824239884,11.322311960075861,0.0])
