(0.0,[-1.5790721649484536,10.132061855670106,-1.4716494845360824,12.620354338487962,13.76969778780069,12.14859308419244,2.211155276862579,2.8397364225741306,2.270638750132852,11.300327601760223,1.2633463333333333E9])
(0.0,[-1.726262626262626,9.947373737373738,-1.3705050505050502,15.510872624201195,14.617911399711396,16.21215994640281,2.513470054076113,2.944024079175596,2.580357106417712,11.370724433486036,1.193339E9])
(0.0,[-1.5719191919191922,10.06262626262626,-1.3588888888888897,13.040625870954438,11.77679099154814,16.143583446712007,2.453827160493827,2.5504356698296093,2.6698092031425364,11.434754736019297,2.450012E9])
(0.0,[-1.4937500000000001,10.069166666666668,-1.453958333333333,12.874032105263163,13.228291929824563,14.81823679824562,2.3882031249999995,2.6495486111111113,2.5234678819444443,11.362259851141175,1.199992E9])
(0.0,[-1.4573469387755098,10.234591836734694,-1.1907142857142854,12.443815569114252,13.333084883231637,18.143291237113406,2.3711286963765086,2.8613431903373594,2.948717201166182,11.649515511487737,6.249898333333334E8])
(0.0,[-1.576185567010309,10.217938144329892,-1.463298969072165,11.750325923539526,13.83258320446736,16.877009836769762,2.2066914656180248,2.906661706876396,2.746225953873948,11.589019149046079,2.379975E9])
(0.0,[-1.3714285714285719,10.330204081632656,-1.0979591836734695,15.214746391752572,16.536162844519254,21.32568445192511,2.603381924198251,3.1910245730945443,3.118912952936276,11.832459069642281,9.600096E8])
(0.0,[-1.7257142857142858,10.012755102040819,-1.4417346938775513,13.406696907216494,11.706535630128338,12.465346444350937,2.520991253644315,2.633311120366515,2.4310787172011654,11.316090701337941,2.380005E9])
(0.0,[-1.887551020408163,10.030510204081624,-1.4416326530612242,15.225872291184515,17.928573963812322,17.799908647170202,2.823823406913786,3.2331216159933365,2.765755935027073,11.684920411087736,1.7750095E9])
(0.0,[-1.8701030927835043,10.343195876288659,-1.327938144329897,15.199353114261157,17.080444888316155,19.122356121134025,2.7557615049420767,3.2573897332341377,2.9688936124986727,11.962138061357312,3.550019E9])
(0.0,[-1.8336363636363637,10.022222222222219,-1.4376767676767683,14.713739703153989,20.856586848072563,22.3534690373119,2.772653810835628,3.685611672278339,3.2629711253953677,11.819068014764508,1.13999175E9])
(0.0,[-1.765204081632653,10.130204081632652,-1.5720408163265305,12.968720061014098,15.003936040395544,19.20958548285294,2.5071386922115786,2.9481466055810075,2.915626822157434,11.694425509503889,4.900106666666667E8])
(0.0,[-1.9096938775510202,10.296122448979595,-1.393877551020408,13.997033925941517,17.54082398485167,16.257725015779506,2.7019575177009583,3.3119950020824644,2.810354019158684,11.8320236343254,1.150024E9])
(0.0,[-1.6936363636363643,10.030404040404038,-1.2826262626262623,17.956976437847867,20.629950855493707,21.647290991548132,2.71682277318641,3.6286501377410474,3.149543924089378,11.776167377757956,8.666586666666666E8])
(0.0,[-1.7485858585858585,10.12161616161616,-1.3674747474747473,14.209363285920427,16.097593279736138,18.61430070088642,2.669162330374452,3.109615345372921,2.9583103764921947,11.712188149770006,9.475175E8])
(0.0,[-1.8272448979591847,10.145612244897961,-1.4551020408163269,14.445642846623183,14.46552797180728,19.005946896696827,2.695780924614744,2.8763785922532286,2.8929321116201585,11.754506224471939,4.900106666666667E8])
(0.0,[-1.775510204081633,10.103877551020407,-1.268673469387755,15.709600252472125,20.231063160109407,19.18474976856722,2.966172428154935,3.502428154935443,3.0413119533527695,11.880472457430297,5.999974285714285E8])
(0.0,[-1.701836734693877,10.168469387755101,-1.212040816326531,12.623808962760359,18.372039901115095,15.329313317904484,2.657476051645148,3.3609496043315272,2.820645564348188,11.602036003905683,5.74997E8])
(0.0,[-1.6416161616161615,10.038383838383838,-1.1981818181818176,10.892185116470829,18.531838177695327,14.557251762523187,2.492449750025506,3.287048260381594,2.6424426078971535,11.449093004434808,0.0])
(0.0,[-1.901122448979592,10.115306122448976,-1.6109183673469387,15.927104912686724,23.151973616663156,19.985725952030293,2.830464389837567,3.7570928779675126,3.1153706788837976,12.000604396931642,9.42482E8])
(0.0,[-1.8933333333333324,10.033535353535358,-1.294141414141414,17.394436734693876,19.800180230880223,20.097357163471447,3.0603367003366997,3.513172125293337,2.917034996428935,11.735342999990852,6.99994E8])
(0.0,[-1.9770103092783509,10.20515463917526,-1.368144329896907,14.772525343642613,23.192862736254302,18.529313187285222,2.796711659049846,4.032817515145073,3.03912636837071,11.812777762389667,1.3301796666666667E9])
(0.0,[-2.8421428571428584,10.021428571428565,-0.7179591836734693,12.307800515463912,21.028123711340204,25.042055585945725,2.479067055393587,3.7299125364431474,3.553794252394836,11.985875155585774,1.5499776666666667E9])
(1.0,[-4.624444444444443,7.021818181818181,-0.9117378293939393,69.8634820861678,74.95466604823748,34.764144349465276,7.038877665544332,7.471331496786041,4.224117169611263,13.757199242137887,4.0166975E8])
(0.0,[3.5317171717171716,9.838989898989897,-0.5741182840404042,32.08187763347763,17.572323459080604,11.726662776485991,4.6152066115702475,3.2492827262524235,2.478144525113764,12.138510092610133,8.166605E8])
(0.0,[3.754387755102041,9.461122448979593,-0.49783761948979594,33.55228261098253,14.654410067325898,8.482815317895579,4.7300270720533115,2.9584922948771344,2.226742484114951,11.791888446446332,1.0500183333333334E9])
(0.0,[3.8524489795918373,9.592653061224485,-0.45558671500000003,34.38042486850409,16.761017630969913,12.295416361530195,4.702240733027905,3.275835068721365,2.603715835,12.103660305639034,1.0650255E9])
(0.0,[3.6689898989898997,9.464949494949492,-0.5992953113131317,32.87337856112142,16.696453823953817,8.377102135293416,4.627705336190183,3.2027752270176517,2.2031944221140707,11.7561295356377,1.05500775E9])
(0.0,[4.120306122448978,9.262448979591833,-0.8559971717755098,22.481815369240483,11.67919600252472,6.436066786267036,3.737857142857142,2.5247855060391498,1.9280024916901288,11.331857991514365,2.1099855E9])
(0.0,[4.219139784946235,9.39440860215054,-0.6861433220430108,27.31466664329126,15.19221187470781,9.463356763553572,4.421926234246731,3.0402243033876752,2.245135356542953,11.851311143909564,5.400041428571429E8])
(0.0,[4.2044,9.522899999999993,-0.4071121948000001,29.108352161616153,15.393144030303025,11.563495294287097,4.382975999999999,2.921216,2.476339940776,11.887553108393062,7.333425E8])
(0.0,[4.336400000000002,9.732199999999999,-0.5449501066999998,33.54899296969696,14.47012036363636,11.96529452904562,4.911608000000002,2.8568880000000005,2.5389172763540007,12.321994665231957,1.040016E9])
(0.0,[4.455757575757576,9.37181818181818,-0.6119525812121213,35.067824675324694,14.12220686456401,12.174023277757971,4.973639424548516,2.8941414141414135,2.5123614582063056,12.082222126937802,1.0666603333333334E9])
(0.0,[4.369292929292931,9.767070707070706,-0.527203755252525,33.782031127602544,14.494937250051533,12.055574712015442,4.935304560759106,2.8519314355677983,2.553449028744005,12.378022948380954,1.040016E9])
(0.0,[4.455757575757576,9.37181818181818,-0.6119525812121213,35.067824675324694,14.12220686456401,12.174023277757971,4.973639424548516,2.8941414141414135,2.5123614582063056,12.082222126937802,1.0666603333333334E9])
(0.0,[4.589999999999999,9.372525252525252,-0.5649004760606059,34.244406122448986,15.094004782519074,14.001289998567687,4.850505050505049,2.9947250280583626,2.711740235635141,12.188601471672436,9.0499875E8])
(0.0,[4.392323232323235,9.444444444444445,-0.3314284574343435,28.97647107812821,15.42754943310658,10.56269425862945,4.292823181308031,2.9395959595959607,2.38975191776431,11.847328927068222,9.619872E8])
(0.0,[4.506363636363637,9.444545454545453,-0.5496291766666672,29.010517254174392,15.287506679035246,11.982649060551013,4.454949494949495,2.8439302112029394,2.464130907542087,12.01339066682021,8.421142E8])
(0.0,[4.7239393939393945,9.500808080808083,-0.3861850200000001,31.935140445269024,17.404580972995255,13.477114279420215,4.733590449954088,3.1441628405264774,2.718280086060607,12.250516942189899,8.016765E8])
(0.0,[4.258787878787878,9.20171717171717,-0.5237642997979798,34.0137883116883,16.440393960008254,15.03203845745314,4.752794612794614,3.1011345781042747,2.9255606233241505,11.942511170238758,1.034729E9])
(0.0,[4.7888888888888905,9.11949494949495,-0.5104191044040405,40.62886099773242,15.94826606885179,13.67365702716589,5.537957351290682,3.221257014590347,2.7176630705156635,12.270554158357067,7.419982E8])
(0.0,[4.88808510638298,9.173617021276595,-0.2844334153191489,33.81185650880806,17.50855021734157,13.096141807971277,4.910688094160254,3.184445450430059,2.7381215059483934,12.116844232753197,7.180176E8])
(0.0,[5.071326530612244,9.322551020408161,-0.28060694846938755,31.609599253103287,18.2227305386072,13.490690143516357,4.766455643481879,3.2486297376093294,2.808089105326948,12.301295562618671,6.99997E8])
(0.0,[5.082727272727272,9.049999999999995,-0.3905875512323233,30.649971057513934,14.709038775510205,11.730355794634972,4.681689623507805,2.966262626262625,2.4653176899744924,12.015758275448844,1.1999916666666667E9])
(0.0,[5.296444444444444,8.91677777777778,-0.28390858066666685,34.55867036204742,17.168383882646694,10.608954337298817,5.112286419753083,3.324125925925926,2.241243350622222,12.098229682960492,2.330063E9])
(0.0,[5.1969696969696955,8.87757575757575,-0.5837488382828283,29.564066233766244,16.071996103896105,7.37269246231928,4.570272421181512,3.103428221610038,2.0906295848117535,11.79037025518054,1.3933206666666667E9])
(0.0,[5.141212121212121,8.843232323232318,-0.2634643065252525,31.956806679035243,16.99432618016904,12.81020300042587,4.887333945515763,3.181701867156412,2.514473790508725,11.886561971031025,8.379578E8])
(0.0,[5.230000000000001,8.971304347826086,-0.30364490960869567,34.01065934065933,17.3444927854754,9.673865813693414,5.0649999999999995,3.215576559546313,2.245436000318525,12.037195874840071,1.019999E9])
(0.0,[5.419999999999998,8.981515151515152,-0.36486022026262616,30.746032653061224,19.158559925788495,7.66965176477981,4.8094949494949475,3.4359167431894706,2.0488888461091728,11.927785378505966,7.916718333333334E8])
(0.0,[5.26887755102041,9.302755102040818,-0.1737289340816325,31.411537902377447,20.41493356827268,12.050996523093552,4.759012911286964,3.6948375676801333,2.5703314847896706,12.329645579748423,9.4198E8])
(0.0,[5.095050505050508,9.239393939393938,-0.032606294545454495,29.672659946402792,20.520234322820038,12.73838114231114,4.57540863177227,3.6580410162228336,2.6645852598053246,12.165310156590229,8.21997E8])
(0.0,[4.472551020408164,9.483061224489797,-0.1660848556530612,30.13978002314328,15.110683315800552,8.191897404798993,4.547761349437734,3.0267638483965027,2.217053392234903,11.957532465391676,7.360046E8])
(0.0,[5.112040816326529,9.135408163265309,-0.18470859571428583,28.13876692615192,12.487959110035767,13.681257774314856,4.2760849645980805,2.5884089962515615,2.79417374399417,12.001722920966197,7.166646666666666E8])
(0.0,[4.881734693877549,9.123571428571426,-0.24127472046938778,26.160769124763306,12.42548917525773,8.836205407314818,4.183340274885465,2.5493294460641396,2.287900735286131,11.69620559827409,4.49982E8])
(0.0,[5.45576923076923,8.766666666666671,-0.3232213365897435,26.222502647352645,14.153004329004323,4.760669838686761,4.082554240631162,2.8432478632478624,1.6833084100946745,11.574135126952237,2.80011E9])
(0.0,[5.268061224489794,9.01795918367347,-0.3835934624489797,27.237182800336626,11.849857647801393,8.17441691888497,4.244512703040399,2.4871345272803005,2.1252507458309027,11.741878453414754,1.099976E9])
(0.0,[5.190123456790123,8.924074074074074,-0.3497570865432099,23.9530762345679,13.053944444444443,7.850190331446716,3.7754519128181676,2.6948513946044814,2.1264599329187632,11.532992775355481,2.270019E9])
(0.0,[4.930941176470587,9.444941176470591,-0.155752688282353,24.13883481792716,14.788256246498598,11.138617328799636,3.9722685121107264,2.8926339100346032,2.405155479130796,11.923684143706506,7.349955E8])
(0.0,[5.171224489795918,9.054081632653064,-0.3915155054489795,31.21538611403325,12.148906879865343,10.304459134196021,4.579129529362764,2.634506455643484,2.344103820785922,11.883019146982356,7.75055E8])
(0.0,[5.2541935483870965,8.941935483870969,-0.32381277763440863,25.30700070126228,10.124226647966342,6.479443490224042,3.898612556364897,2.4179465834200498,1.9910746821921605,11.520025724708395,1.36496E9])
(0.0,[4.978383838383838,8.898989898989903,-0.5101439296363637,30.14245450422594,11.662021418264278,8.946941538699122,4.381840628507297,2.3773818998061422,2.2510970491864097,11.657421288930198,7.820068E8])
(0.0,[5.162783505154638,9.063195876288663,-0.3018942934020619,24.150341129725103,12.987624054982817,8.471188343838392,3.8918843660325226,2.665471357211182,2.2187429246529917,11.690811931589637,4.449982E9])
(0.0,[4.861020408163265,9.011734693877552,-0.37942397473469397,26.212815442878174,13.457973248474644,8.03016501643997,3.947880049979176,2.6963660974593933,2.181201403708454,11.593866691945896,1.1233216666666667E9])
(0.0,[5.090303030303031,9.134444444444451,-0.27791011216161626,31.192768274582555,14.002122902494335,7.555847440682945,4.512047750229568,2.600673400673401,2.117770231592287,11.930853345197479,8.71997E8])
(0.0,[5.116836734693878,9.037244897959184,-0.18067807500000005,23.65445896276037,12.68152325899432,8.668774758088679,3.864795918367346,2.694514785506038,2.2683410036734686,11.641840903356972,1.6551055E9])
(0.0,[4.913636363636364,9.244141414141415,-0.32413676828282817,31.09358460111318,11.933404102246957,6.7643278256908195,4.517134986225896,2.5860646872768087,2.0741228329558217,11.874519778052157,8.24997E8])
(0.0,[5.015714285714284,9.17387755102041,-0.27087813153061213,31.727845360824734,13.84533120134652,9.515113326171985,4.563673469387755,2.746301541024574,2.3261353028363194,11.984056302260514,5.54947E8])
(0.0,[5.100204081632652,9.193163265306124,-0.24377642687755116,31.47072160740584,14.27184865348201,10.320364272667687,4.601457725947521,2.6735297792586423,2.402332090200749,12.013468147550649,6.100071428571428E8])
(0.0,[4.99949494949495,9.045454545454545,-0.4087480191515152,32.71988647701502,13.907982189239336,11.366432887788086,4.696822773186411,2.8445179063360886,2.489720619953475,11.937954453469473,1.0367226666666666E9])
(0.0,[4.943367346938774,8.844999999999995,-0.33995276220408166,31.564509162634124,15.550499484536084,12.478182867579282,4.4965014577259454,2.910204081632651,2.570603788234901,11.70132659441302,7.500122E8])
(0.0,[4.873265306122447,9.080408163265306,-0.37581042214285704,32.168453145381875,15.334630759520309,12.04099329742072,4.693052894627236,2.892515618492294,2.561567049912536,11.905754096600985,6.916758333333334E8])
(0.0,[5.17120879120879,9.032087912087908,-0.10776539501098903,35.647886300366295,19.016585592185592,9.83367256057211,4.953223040695569,3.3195290423861845,2.3490420532824547,12.01133323332685,7.119994E8])
(0.0,[5.011546391752579,9.04268041237113,-0.40383629412371147,31.865336125429554,15.101882323883173,11.225850402452986,4.753236263152302,2.915823148049739,2.4714569009012637,11.857166955872971,8.220032E8])
(0.0,[4.878484848484846,9.187575757575754,-0.5116572961616163,40.08640074211504,19.340196103896112,13.038104872075557,5.359620446893174,3.4797796143250688,2.6116297628650136,12.301684864934767,6.833343333333334E8])
(0.0,[4.636494845360823,9.110721649484539,-0.22003180387628868,34.70651258591066,20.13382551546392,10.805569944972513,4.9506748857476905,3.4807886066532046,2.399369958642576,11.91427105945145,7.449188333333334E8])
(0.0,[4.721212121212123,9.16181818181818,-0.33225393319191926,36.17527606679036,19.368366048237483,9.842078222508343,5.217967554331191,3.4316804407713493,2.207213417295786,12.014522829460747,7.516783333333334E8])
(0.0,[5.087070707070705,9.257878787878786,-0.10868760428282834,35.01873929086785,18.954827087198517,14.292984452921745,5.115163758800122,3.3347719620446883,2.8179903352996627,12.334513637952988,5.62511375E8])
(0.0,[4.6553535353535365,9.254242424242417,-0.20306699579797977,34.43266186353329,18.822938961038968,9.903052756423966,4.951792674216915,3.3527640036730944,2.2098482752674222,11.986803318982085,7.516633333333334E8])
(0.0,[4.701414141414144,9.253232323232323,-0.22549240777777774,39.82625716347146,18.391399649556792,10.404304302406203,5.378773594531171,3.2825813692480366,2.3867863388103254,12.24073137155274,8.23999E8])
(0.0,[4.651111111111108,9.409797979797979,-0.42126771589899,37.55995691609977,18.85231016285302,9.95593973909736,5.382962962962963,3.471908988878684,2.3533392668821542,12.23927127781658,1.125E9])
(0.0,[5.29967032967033,9.084065934065933,-0.3794239678021978,32.347729890109896,17.371875506715504,8.995941151546349,4.829351527593286,3.118321458761019,2.246951128805701,12.029736814585306,6.11618E8])
(0.0,[5.417653061224493,9.110408163265314,-0.36205107142857157,35.3844202082895,18.731620450241962,9.098055282026516,5.1256601416076615,3.4523448563098733,2.2757184511078723,12.242480600504845,9.037172E8])
(0.0,[5.549120879120877,9.387142857142862,-0.01811056989010991,37.42705032967032,20.143949523809525,14.36579069011432,5.185504166163506,3.5250235478806915,2.897961317956769,12.732227107137897,6.371504285714285E8])
(0.0,[5.078247422680413,9.100000000000003,-0.07961583078350515,39.76551668814434,19.62304166666667,15.396949476335655,5.321930066957168,3.4863917525773194,2.9648872619942606,12.368340008205948,7.433216666666666E8])
(0.0,[5.587070707070707,8.937171717171717,-0.28836615595959597,34.264125005153566,19.21720416408988,11.423050775929129,5.01874094480155,3.4695275992245684,2.4900458052668104,12.247696339272443,1.0275345E9])
(0.0,[4.90888888888889,9.173434343434343,-0.3212476096363636,37.36808140589568,20.212169717584004,8.567496230169743,5.335084175084175,3.3683991429445967,2.1136317105711657,12.119534399843655,7.533315E8])
(0.0,[4.688979591836735,9.266020408163264,-0.2045831779591837,39.005516473806004,21.747100494424583,10.762531706613915,5.446551436901292,3.446472303206997,2.4110000854810507,12.233884119643047,5.4376225E8])
(0.0,[5.475555555555555,9.031515151515153,-0.031230494686868768,27.345896371882084,12.764100742115026,9.918920407714914,4.280089786756453,2.623905723905725,2.3580642172406905,11.89235940840128,1.074982E9])
(0.0,[4.736923076923077,9.549340659340661,-0.02768972509890112,27.591372649572648,14.89939956043956,10.039691001455596,4.2962975486052395,2.748390291027653,2.3600093768675277,12.028403543523408,8.420166E8])
(0.0,[5.143061224489797,8.885918367346937,-0.10896278687755102,30.678147233326314,15.689261519040603,9.700845405810336,4.573656809662643,2.91219075385256,2.274598062827989,11.733269872393844,5.966746666666666E8])
(0.0,[5.2389898989898995,9.372525252525252,-0.009768138969697011,30.784431622345892,14.786808864151723,9.990524003484815,4.551929394959697,2.7855851443730226,2.344020006063056,12.154118759200713,8.049825E8])
(0.0,[5.383367346938776,8.974081632653064,-0.22098319265306132,28.797892667788773,16.606807910793187,8.527898736259827,4.43391087047064,3.0443023740108286,2.1209621349854224,11.85848539486913,1.0625075E9])
(0.0,[5.32848484848485,9.0110101010101,-0.08791317505050497,27.943327272727277,16.590331622345897,14.109280997261566,4.232268135904497,3.0487399244975,2.854369605487197,12.054716058417101,7.133381666666666E8])
(0.0,[5.146666666666666,9.290909090909087,-0.12891178137373738,28.44999183673469,13.201455287569578,11.013429606733949,4.492188552188552,2.766703397612488,2.4531300933198645,12.15279403578766,1.053365E9])
(0.0,[5.530909090909089,9.125050505050499,-0.02104964444444437,29.37276549165122,14.184929334157902,12.371993065699856,4.4624977043158855,2.70591572288542,2.63709443308642,12.19135898615846,5.100096E8])
(0.0,[5.1097979797979765,9.03636363636364,-0.26938023131313144,34.34532853019994,15.425731539888684,9.503249165376877,4.845428017549226,2.9754086317722686,2.290694836473829,12.120762395914449,1.4099936666666667E9])
(0.0,[5.49704081632653,8.911938775510201,-0.0910339668367347,31.832394245739522,13.917955996212921,10.79120654183149,4.673654727197003,2.7966597251145338,2.5210322021553524,12.046449540505419,5.250395E8])
(0.0,[4.923298969072164,9.299072164948454,-0.5695270981030927,24.401441086769776,10.307014755154647,8.766737460064897,4.059551493251142,2.524533956849825,2.22120959579849,11.877259775260569,1.904984E9])
(0.0,[3.7663736263736283,9.421978021978024,-0.4825494706153845,16.344476703296703,9.724616043956043,7.709936451157462,3.2563530974519983,2.4067455621301774,2.045703529034658,11.1261594263129,7.5E8])
(0.0,[3.5550000000000006,9.480357142857144,-1.6234967935714286,10.862560000000004,6.426352597402596,8.906186741812087,2.5628571428571427,1.9946556122448977,2.160145475204082,10.966986058481712,1.049988E9])
(0.0,[3.4642857142857144,9.500306122448977,-1.0245837038367347,10.681785567010312,6.9566462970755305,8.087427686972054,2.6728279883381916,2.0964348188254895,2.0729193595851734,10.886863831315212,1.903839E9])
(2.0,[0.9738383838383842,9.91959595959596,0.25575757575757563,0.010248381776953213,9.99835085549367E-4,0.004241001855287571,0.08009998979695956,0.02078155290276517,0.052506887052341605,9.971293414212376,3.550018E9])
(2.0,[1.0029787234042558,9.936382978723401,0.30340425531914894,0.002786730725234504,5.609700297415099E-4,0.0011581789064287352,0.042317790855590835,0.02195563603440473,0.026858306926210954,9.991678918137644,0.0])
(2.0,[0.9723469387755103,9.927346938775518,0.35714285714285726,0.007875878392594156,5.928887018724832E-4,0.001678350515463916,0.07217825905872555,0.018808829654314317,0.03381924198250727,9.981723893629596,0.0])
(2.0,[0.9806521739130435,9.933478260869562,0.35728260869565204,0.004742427138079313,6.73483038700442E-4,0.0014771500238891535,0.05607277882797733,0.02335538752362924,0.03265831758034026,9.988469164299575,0.0])
(0.0,[8.675050505050505,5.630404040404038,0.3205596924040403,17.86247219130077,11.190101875901872,12.096065941507458,3.308641975308642,2.447770635649422,2.6196010216296304,11.45913487201875,2.460022E9])
(0.0,[8.597400000000007,5.589099999999997,-0.03691114889999998,24.483473979797985,18.003123424242435,11.814420193594026,3.904340000000001,3.1182119999999993,2.5966920437199987,11.668245651071686,1.433319E9])
(0.0,[8.674536082474223,5.360721649484535,-0.08804078597938139,26.630925042955326,18.184046348797256,13.576605187056153,4.0706174938888315,3.219066850887448,2.793591387818047,11.726261976858908,1.600067E9])
(0.0,[8.553877551020413,5.1136734693877575,-0.25558999,30.809162129181562,24.091211108773404,9.882522308226452,4.480645564348188,3.6454643898375694,2.3229046546938776,11.629224546020412,0.0])
(0.0,[8.684848484848489,5.195959595959594,-0.15064930187878792,21.65690686456401,11.983130447330447,11.084286784809898,3.6125681052953773,2.630821344760739,2.5038009725460655,11.394665957071565,1.1033323333333333E9])
(0.0,[8.444183673469386,5.212244897959182,0.017789870204081605,26.37623695560699,14.972904186829368,15.258024199041667,4.097757184506458,2.7543815077051224,2.8464541367930014,11.39045971488595,0.0])
(0.0,[8.613333333333337,5.212222222222222,0.09823161935353536,24.448610204081643,16.78533786848072,8.702017903150171,3.8592592592592596,3.0054320987654326,2.2457689891962045,11.423304670657409,1.625E9])
(0.0,[9.065252525252522,4.926969696969696,0.23085802224242424,21.395237435580295,15.958560111317261,9.574459428391911,3.6632302826242205,2.9241873278236907,2.244637757944291,11.53743693207607,0.0])
(0.0,[8.833131313131314,4.927575757575757,-0.01444583498989896,21.031717645846218,13.821804267161413,9.589199831498625,3.5854361799816337,2.7811998775635143,2.1843085360526477,11.281692538513198,4.378448E9])
(0.0,[8.555151515151511,4.991212121212119,-0.08846346165656568,24.63098441558442,13.871523005565862,10.688731579630288,3.9719804101622276,2.6169758187939993,2.2590015968815425,11.149554202274555,0.0])
(0.0,[8.768686868686867,5.242828282828283,0.04086104298989895,26.98025233972377,15.136879674293958,10.220837897380283,4.103697581879399,2.950270380573411,2.3936041676245283,11.591814822995268,0.0])
(0.0,[8.829797979797979,5.064242424242424,0.1635817535353536,17.34529383632241,10.956571614100184,6.277950308070861,3.125044383226202,2.389384756657484,1.8679429349923475,11.09791643846919,1.11730175E9])
(0.0,[8.675858585858585,4.8028282828282824,-0.14322001468686862,23.405210224695935,18.069926613069473,9.916422167197515,3.7247607387001316,3.186805428017549,2.3351954915347415,11.31596762553129,3.83321E8])
(0.0,[8.637272727272727,4.99242424242424,-0.1395053823838384,18.635209833024124,12.978869573283855,9.36999190664656,3.1177594123048675,2.615769819406182,2.1843919373512906,11.140107857208543,0.0])
(0.0,[8.752043010752688,4.923440860215055,-0.12917362526881726,19.73829034595606,15.092351075268812,8.57660309436626,3.3452121632558676,2.7977454040929572,2.1396654420649788,11.272393099127413,0.0])
(0.0,[8.306363636363635,5.180101010101011,-0.17623905244444446,20.148207050092758,13.760827540713253,9.390673714276142,3.2173370064279156,2.7619324558718508,2.179897684152637,11.096248271083637,2.3349915E9])
(0.0,[8.470404040404038,5.108888888888887,-0.16605818101010092,22.307242692228403,14.884540589569163,9.310833910746883,3.352190592796653,2.8250280583613905,2.0873693527762476,11.194861288032174,1.1736553333333333E9])
(0.0,[8.588989898989905,5.222121212121211,-0.06590046563636368,21.259554071325496,12.117257699443416,9.395867728587106,3.3632608917457416,2.5283562901744725,2.23857037719743,11.265654590188053,1.7549745E9])
(0.0,[8.781010101010102,5.456161616161614,0.019536255393939415,21.968025499896935,16.82364021851165,10.25885701304715,3.5865768799102136,2.943148658300172,2.396611412493419,11.62670996259723,3.399933E9])
(0.0,[8.295050505050504,5.274040404040405,-0.019673844565656497,21.428786477015045,17.262577386105967,10.301480002855087,3.4824793388429747,3.045903479236812,2.350343089750026,11.208948929371699,1.5433246666666667E9])
(0.0,[8.69061855670103,5.209072164948457,-0.23449464088659802,19.1275766967354,15.00780017182131,10.866452629134338,3.4287809544053567,2.8742055478796895,2.4864886277691562,11.41155389374082,3.470001E9])
(0.0,[8.674871794871796,4.936923076923077,-0.03352701571794874,19.788874658674658,14.679894305694308,8.170815016600585,3.3165220249835645,2.6702564102564104,2.1045989458126226,11.171900599340574,2.310516E9])
(0.0,[8.736363636363633,5.0210101010101,-0.028754075616161646,20.26875807050093,14.292137744794887,7.896851641524415,3.2901010101010097,2.7026997245179047,2.077905553734925,11.281230658802457,0.0])
(0.0,[8.580606060606065,5.317979797979797,-0.14280729036363637,18.412803710575137,12.792516285302,9.88142055841478,3.1297765534129174,2.6133904703601676,2.2284673337300274,11.287728619481568,0.0])
(0.0,[8.790108695652172,4.982608695652173,0.061883743543478295,19.867001086956517,9.001265647396082,11.140476650051557,3.25772920604915,2.2433837429111536,2.3610512257821354,11.26420793418963,0.0])
(0.0,[8.397040816326536,5.224285714285715,-0.21181031140816323,19.58203960656428,11.98021649484536,10.697533841264656,3.253654727197002,2.5875510204081626,2.20172553658559,11.080422949677667,0.0])
(0.0,[8.774343434343432,4.920404040404039,-0.0077044416565656545,18.033930942073795,11.287814120799839,8.569276435317695,3.1071625344352616,2.3511886542189573,2.1290016902956843,11.100687901679104,2.800018E9])
(0.0,[8.77222222222222,5.183434343434343,-0.0034394771717171178,17.850668480725624,11.468702370645225,7.643486905576132,3.066576879910213,2.4318967452300777,1.9757355864250588,11.276816759154167,1.1550295E9])
(0.0,[8.512142857142855,5.111530612244899,-0.09826108138775516,21.424012886597943,11.290749179465601,8.30380460136645,3.507215743440232,2.3406351520199915,2.06552772200833,11.103027174874486,1.1698913333333335E9])
(0.0,[8.616969696969699,4.734242424242422,0.1298748351717172,23.980319294990725,14.788908348794061,11.445014668236452,3.6010590756045304,2.884830119375573,2.490198687837568,11.357680670054927,1.15007E9])
(0.0,[8.795858585858584,4.906363636363637,0.07030300521212121,19.00275716347145,14.38548460111317,9.364561038330848,3.1693235384144467,2.6600550964187324,2.1607894289023566,11.287999686586863,1.649933E9])
(0.0,[8.781717171717167,4.709494949494949,0.2407637056767677,17.474904164089878,11.069647701504847,6.858659099835935,3.0671951841648806,2.3319232731353923,1.873162592355066,10.959714075006247,1.149994E9])
(0.0,[8.64969387755102,5.083877551020407,0.21903742695918374,17.146483410477586,12.031044603408375,7.29287043688584,3.0778009162848816,2.41728862973761,1.9919006918879643,11.052112683565358,1.1666666666666667E9])
(0.0,[8.72214285714285,4.979183673469387,0.12730855812244898,21.159720103092784,15.085323038081215,9.025759015687239,3.5247667638483957,2.8668388171595174,2.2238834188154946,11.267734086514727,0.0])
(0.0,[8.822191780821921,4.67958904109589,0.1662428853972602,19.406050684931508,14.14654566210046,8.574785988807886,3.3216400825670873,2.6258284856445866,2.108677252741602,11.148321554511735,0.0])
(0.0,[8.711717171717174,4.865959595959596,0.172111662888889,19.81781436817152,15.290359018759014,7.3228210075233475,3.372482399755128,2.8595898377716553,1.9836929466397306,11.17163293905844,7.761232E8])
(0.0,[8.796804123711336,4.811958762886599,0.376174329072165,17.519826138316155,14.874842998281787,9.203758254450186,3.07067701137209,2.773767669252844,2.2471416691423105,11.226613092076345,0.0])
(0.0,[8.966279069767443,4.717441860465114,0.4407607873720929,19.382524815321474,14.027402790697673,9.790932778616119,3.3995997836668472,2.6967982693347756,2.3909050690427254,11.340394463519685,1.1049955E9])
(0.0,[8.986565656565656,4.6261616161616175,0.5702660656363637,19.12567788084931,13.682113687899399,9.780183901953,3.30384858687889,2.6545066829915305,2.3816611319742886,11.363998867693471,0.0])
(0.0,[8.915959595959594,4.998686868686868,0.3054259861414141,17.74891412079984,14.322562543805404,8.443921922813985,3.166862565044384,2.755000510152026,2.204019922370369,11.36056768007671,1.150086E9])
(0.0,[8.971818181818186,4.964141414141415,0.2569980756161616,19.072015027829313,14.355867367553076,8.275280412284259,3.348558310376493,2.762699724517906,2.1123170734912766,11.398157966390764,2.249939E9])
(0.0,[8.694747474747473,4.951515151515151,0.43805240741414153,19.87994968047826,13.8987987012987,9.480356051392548,3.447178859300072,2.6783103764921945,2.221955244910928,11.237142186023291,1.1250155E9])
(0.0,[8.827040816326527,5.35377551020408,0.28157984208163267,18.169468472543656,16.115199000631176,7.981230494733033,3.2485755935027067,2.9705914202415644,2.0821716591595183,11.480231968644455,1.349976E9])
(0.0,[8.586161616161613,5.046363636363638,0.28052413755555544,18.571323891981027,11.472600927643784,7.928419940331032,3.0869401081522296,2.427548209366391,1.9553155217283955,11.028034618152626,1.160034E9])
(3.0,[5.419072164948455,2.5479381443298976,8.250515463917532,0.0017043384879725171,9.269544673539597E-4,0.001277856529209593,0.03180784355404401,0.023981294505260986,0.029244340525029902,10.194688583656703,0.0])
(3.0,[5.444361702127661,2.5638297872340434,8.2531914893617,0.003489373141157623,0.0016797986730725252,0.0011230382063600896,0.04677908555907679,0.0275871435038483,0.027922136713444592,10.214418400116676,0.0])
(3.0,[5.447319587628865,2.5740206185567014,8.249793814432985,9.510738831615349E-4,5.43041237113408E-4,0.0011749570446734589,0.02755659474970771,0.021426293973854912,0.02800510149856426,10.215643079496036,0.0])
(3.0,[5.4502,2.5492000000000012,8.290699999999998,0.003571676767676755,0.0015670303030303012,0.0014530404040404346,0.04785599999999997,0.03049599999999993,0.0293140000000003,10.244228961839422,0.0])
