(3.0,[8.16229166666667,-2.145208333333333,3.9936458333333325,0.0017989035087719353,0.0023325877192982535,0.0035118311403508364,0.03222222222222331,0.0341362847222222,0.04561848958333291,9.33707329757518,0.0])
(3.0,[8.175360824742269,-2.106701030927835,3.9707216494845357,9.459621993127276E-4,0.001193170103092793,0.001385932130584182,0.02419385694547741,0.026068657668190033,0.02778191093633749,9.329741506470626,0.0])
(2.0,[-4.981632653061228,8.434999999999997,0.2767346938775512,0.3653581317062911,0.1923262886597941,0.3915809804334105,0.41999167013744343,0.28846938775510267,0.5079758433985843,9.839844196047906,8.100098E8])
(2.0,[-4.594897959183672,8.620306122448978,-0.35163265306122443,0.11783349463496735,0.03331433831264471,0.08525710077845572,0.21893794252394758,0.12269887546855515,0.16633902540608078,9.784737773447784,2.809967E9])
(2.0,[-5.01020202020202,8.441313131313127,0.01616161616161616,0.02009383632240764,0.019099278499278713,0.031287157287157294,0.09398224670951925,0.08117743087440035,0.12852362003877152,9.819256668801568,0.0])
(2.0,[-4.871428571428571,8.498163265306124,-0.11612244897959179,0.0070474226804124055,0.004303808121186627,0.012362129181569535,0.0632361516034986,0.04944606413994119,0.09115785089546023,9.797117332062838,5.072147422680412E7])
(2.0,[-4.973571428571425,8.411836734693875,-0.19061224489795922,0.017074742268041152,0.00954710709025881,0.013387250157795084,0.07644314868804625,0.05632236568096673,0.08248646397334446,9.775968600713421,5.1249822916666664E7])
(2.0,[-4.981752577319588,8.407835051546394,-0.16237113402061862,0.0033791881443298653,0.004417139175257733,0.009609944158075605,0.043084281007545765,0.05167180359230506,0.07720905515995327,9.774954427165728,5.084737500000001E7])
(2.0,[-4.906494845360825,8.435773195876292,-0.26556701030927826,0.0017209192439862524,0.0010454896907216898,0.002629102233676976,0.03250929960675953,0.024470188117761173,0.038954192794133334,9.762746286865138,5.135345833333333E7])
(2.0,[-4.8565306122448995,8.500510204081637,0.15938775510204078,0.24250330317694097,0.16694097412160694,0.6268367346938775,0.3255102040816326,0.25849021241149517,0.5221615993336112,9.837349534007606,0.0])
(1.0,[-0.40989898989898993,8.034242424242423,0.2263179292929293,21.213956112141826,84.10124712430425,65.53470143083027,3.534651566166718,7.900563207835938,7.004677599198041,14.10429938593457,2.2899930000000003E8])
(1.0,[-0.7274747474747473,7.660202020202019,0.2944196765656565,25.425247639661926,91.61926526489385,67.86907143894015,3.8587613508825624,8.245044383226206,7.173010689345986,14.503778465911886,2.1951585714285713E8])
(1.0,[-0.42606060606060614,7.0094949494949494,-0.6895472520202022,26.60226493506493,103.50421504844363,80.41497934409328,4.108264462809918,8.798277726762578,7.967268274890316,14.902658695776774,2.2549744999999997E8])
(1.0,[0.26804123711340216,7.168144329896907,-0.3761743732989691,28.993367998281784,100.24202777061856,87.98755483287637,4.241655861409289,8.688022106493781,8.13296458696992,15.070060490229405,2.3947305263157895E8])
(0.0,[-1.098061224489796,10.002244897959184,0.32049511761224486,6.836883831264465,22.05827119713866,20.696368328292365,1.9154997917534358,3.806668054977092,3.1157750925035415,11.26778767297974,7.4002075E8])
(0.0,[-1.0169696969696969,10.187878787878793,0.24502867292929287,7.453323376623375,25.1632638218924,21.67208454381935,2.1805142332415066,4.167150290786655,3.373024023279257,11.538016477556916,7.00006E8])
(0.0,[-0.9248979591836736,10.31326530612245,-0.0022237396938775238,9.614410814222596,22.261387166000418,18.4620944162565,2.4452977925864223,3.813061224489796,3.192817127269888,11.715625012541816,8.19987E8])
(0.0,[-1.006938775510204,10.134999999999996,0.2771323886734693,8.30060290342941,20.724843814432994,18.00964491120752,2.254331528529779,3.5979591836734697,3.0122468309870896,11.421137522117498,1.8150175E9])
(0.0,[-1.1659183673469398,10.171122448979593,0.42417655138775523,7.514964611824114,23.843364706501156,21.704748223215645,2.15545605997501,4.044931278633903,3.4063973446722198,11.503004883735027,1.06497975E9])
(0.0,[-0.9583000000000003,10.342400000000007,0.17134398304,7.634295060606061,23.360935595959607,19.82990840607532,2.1452619999999984,4.010951999999999,3.2020293468208,11.632021242266823,6.185695714285715E8])
(0.0,[-1.05969387755102,9.939999999999998,0.3181324001428572,7.628819492951816,25.670969072164937,23.6611745182471,2.1821366097459394,4.143265306122449,3.6044483280262396,11.507304355243733,8.9250175E8])
(0.0,[-0.9883673469387751,10.112040816326527,0.3195222338979591,6.5464632863454675,25.47101641068799,21.500278060136413,2.0815660141607664,4.1686963765097875,3.385572552418159,11.505759521336728,9.9500275E8])
(0.0,[-0.9545454545454548,10.152222222222221,0.3226233876363634,6.713459740259741,21.40172970521542,20.173980614326258,1.8775757575757577,3.798204264870932,3.206327945417815,11.443812786111263,6.428614285714285E8])
(0.0,[-1.118080808080808,10.146262626262622,0.513721000969697,6.61530954442383,23.397311399711413,22.82215894707566,1.9989939802061016,4.0116539128660325,3.5080406953192522,11.518038328234232,1.1833293333333333E9])
(0.0,[-1.0892929292929292,10.259090909090908,0.26979293818181815,9.485151535765823,23.52977977736549,20.066727442521387,2.467540046933987,3.9109825528007365,3.361183848888888,11.741611913108413,8.19987E8])
(0.0,[-1.1602020202020202,10.031919191919192,0.33115330979797974,7.360306081220369,21.778262605648326,19.95634263166073,2.043840424446486,3.8915192327313535,3.1949436161514133,11.31301359962627,1.083303E9])
(0.0,[-1.0843877551020407,10.065714285714286,0.47156978910204056,6.716758899642332,24.609313402061854,23.940605327238725,2.1096688879633474,4.063440233236151,3.577806089822574,11.548760730438861,1.00248725E9])
(0.0,[-0.9936734693877551,10.155408163265305,0.34036969904081626,6.317891521144538,23.212020965705875,21.621654540805654,1.863027905039567,3.950399833402747,3.390493673612244,11.522617367670977,6.228507142857143E8])
(0.0,[-0.9664646464646468,10.29474747474747,0.4018690484444444,6.747527169655739,22.649586415172138,20.18609506115269,1.9574267931843696,3.9459116416692184,3.195627351748598,11.54106417875905,1.1833293333333333E9])
(0.0,[-1.072857142857143,10.241938775510205,0.3460680079591835,7.670515463917527,24.7497848621923,24.13645209784837,2.217055393586006,4.007567680133279,3.480035723915035,11.641231939986168,6.899964E8])
(0.0,[-0.9664285714285716,9.944999999999997,0.1947153721428572,8.060773711340207,25.246010824742267,22.67024342239518,2.1802769679300287,4.116632653061224,3.573755740553936,11.4184127271507,7.000062E8])
(0.0,[-0.9405050505050508,10.233131313131313,0.4208550017171718,5.729315048443619,22.400603360131935,20.57534578441006,1.849419446995205,3.8242995612692585,3.2155416274665853,11.437118058149725,6.700002857142857E8])
(0.0,[-0.91234693877551,10.23836734693878,0.22890522775510208,5.947115053650325,22.584716894592887,19.469717819886338,1.9850957934194091,3.920512286547273,3.042148053219491,11.4038884204451,1.0666603333333334E9])
(0.0,[-1.006464646464646,9.837575757575754,0.3387201463636364,6.87024961863533,24.739302226345075,21.82672420681085,2.0609203142536483,4.152555861646771,3.3460834935720825,11.179544716967914,8.025055E8])
(0.0,[-0.9898969072164953,10.037938144329901,0.6001377876288659,6.888267697594504,23.150241537800692,20.62196443418306,2.1007163354235305,3.9335869911786583,3.241773027571475,11.28845600568443,1.0849915E9])
(0.0,[-0.9540404040404042,10.183232323232325,0.4639172844444445,7.1946916718202445,22.677615976087402,21.530103233894554,2.1027099275584122,3.947031935516784,3.319846148597083,11.478641605985825,7.100038E8])
(0.0,[-1.0706185567010307,9.994536082474227,0.5354060378350518,6.412326696735395,23.75044170962199,22.309327514673665,2.056501222234032,4.022108619406951,3.3882601607716016,11.326235569540842,1.546651E9])
(0.0,[-0.9547959183673469,10.00489795918367,0.3582985359183674,7.242658205343996,20.909810814222592,19.616085447672756,2.0574406497292794,3.7446938775510206,3.095216920687214,11.206916897388968,1.449997E9])
(0.0,[-0.9250505050505053,9.970909090909092,0.3473876594343436,6.773306885178314,20.39157773654917,18.27245520677601,1.9829792878277723,3.6961065197428833,3.009214388751352,11.162305536338733,1.2550355E9])
(0.0,[-0.9603030303030303,10.171919191919196,0.6328646465656567,6.153113172541743,20.875360564831993,22.391767853313592,1.9544536271809,3.7144638302214066,3.320343649650035,11.435979761812126,1.2499845E9])
(0.0,[-0.8265656565656565,10.20757575757576,0.2867152045454543,6.626137064522778,19.710249165120587,18.752906228551552,1.9770676461585555,3.606746250382613,3.0657970043158858,11.339252930011861,1.050003E9])
(0.0,[-0.9441836734693879,9.905408163265303,0.2508645637755102,6.3499936566379125,22.799526120345046,18.928125350662995,1.960187421907539,3.8450333194502293,3.2088001794939607,11.123567692707821,8.0252075E8])
(0.0,[-0.9934343434343436,10.159494949494949,0.3610080162222223,6.086879921665635,26.405474232117093,22.430180835035607,1.9977492092643605,4.234035302520148,3.3587935844713814,11.4875837310731,6.399962E8])
(0.0,[-0.8958163265306124,10.365714285714287,0.3284171593877551,6.7233070586997705,22.910971134020617,19.517956342253555,2.055508121615993,3.8844314868804677,3.2273587024364847,11.537286679702323,9.8748775E8])
(0.0,[-1.112222222222222,10.090707070707076,0.38068185565656565,7.553307256235829,25.466800515357654,22.552949599608347,2.1548148148148143,4.214827058463424,3.519903095665749,11.532407960062924,1.3200176666666667E9])
(0.0,[-0.8560824742268042,10.238144329896908,0.24081334849484545,6.533796993127145,23.237192353951894,19.87891883395687,2.049076416197258,3.9413093846317344,3.3128901098811787,11.516217522678918,7.100098E8])
(0.0,[-0.9787755102040815,9.893673469387759,0.41806130295918376,6.698522196507463,21.063922448979586,18.735789635895024,1.9783673469387757,3.7506330695543544,3.04533616442524,11.087048396978929,0.0])
(0.0,[-0.7672727272727272,10.274646464646464,0.39980536985858584,6.632036363636367,20.214016965574107,16.313413445866153,1.9777961432506885,3.7083011937557395,2.864052983363739,11.33374147621243,5.4625325E8])
(0.0,[-0.9756565656565653,10.2170707070707,0.4826280675757576,6.933722778808496,23.257700515357662,21.503932113691352,2.1442383430262213,3.957647178859298,3.495500150584635,11.506422411482186,1.264984E9])
(0.0,[-0.9886458333333328,10.151041666666664,0.37853215829166664,8.253902357456136,21.666312587719304,20.32361821898867,2.2895464409722224,3.8164366319444443,3.415183949137153,11.497589284445334,6.600038E8])
(0.0,[-1.2182653061224495,10.01602040816327,0.4544748787755103,7.1644515989901105,25.042059257311188,24.57922830703905,2.1642815493544365,4.094223240316533,3.683433298546439,11.509190815050495,8.400166666666666E8])
(0.0,[-0.8154545454545452,10.27,0.5523807581414141,6.4915189239332065,22.78913673469388,19.916766469304953,1.9954086317722686,3.964444444444444,3.2358644340128566,11.45404156136745,6.083323333333334E8])
(0.0,[-0.8794999999999997,10.2193,0.4357149238,6.7384148989898955,22.79569142424242,22.602892645586763,2.04328,3.9084860000000003,3.461063858076,11.522763640915823,6.083221666666666E8])
(0.0,[-1.1228571428571428,9.845510204081636,0.6985292604285713,6.386399999999998,22.62553014937934,23.990244594496946,1.9654518950437312,3.8228779675135374,3.5804042263585996,11.253957364832768,1.01499925E9])
(0.0,[-0.9040404040404041,10.275555555555554,0.5318814545050504,6.173314120799837,19.605286167800458,17.516315942543073,1.8924844403632288,3.6491806958473636,3.1078406641873277,11.361677764367823,6.716561666666666E8])
(0.0,[-1.1485567010309277,9.942371134020618,0.6384713537525772,6.578637478522336,22.564178694158077,23.643639644299366,1.9413391433733662,3.8692485917738333,3.590068301389308,11.339447007158004,1.100006E9])
(0.0,[-1.0414,10.136300000000002,0.5366416961000001,6.583196000000004,22.628502333333326,20.03506744613602,1.991084,3.897752,3.219850213919999,11.443011862661653,8.1248475E8])
(0.0,[-1.082525252525253,10.157171717171712,0.7361866769696971,6.83448641517213,23.376567429395994,23.024597361010763,2.0518436894194467,3.972931333537395,3.6298442024303643,11.53312561769266,8.099792E8])
(0.0,[-0.8634343434343434,10.055252525252524,0.4573135131313132,5.972969717584006,23.170098660070092,20.54572628723775,1.930003060912152,3.9041689623507816,3.3915874927844096,11.357417140864344,1.116689E9])
(0.0,[-1.0848979591836727,10.164387755102041,0.8630853182040822,7.242738649274142,23.222307353250574,23.678705423069633,2.05743856726364,3.9211224489795926,3.618593409441066,11.6398992602452,1.0866393333333333E9])
(0.0,[-1.1383673469387752,10.097755102040818,0.6123597357142855,7.241661224489796,24.67424645487061,22.752186346418263,2.1181632653061215,4.072719700124947,3.5234098150145767,11.491373447014324,8.859924000000001E8])
(0.0,[-1.0256565656565657,10.220909090909092,0.5892520061616163,6.625332982890129,22.13623079777365,19.959898106042345,1.9949188858279767,3.855078053259872,3.2098605715865727,11.501741518049416,8.1248475E8])
(0.0,[-1.0043434343434348,9.973030303030301,0.6620314627676768,6.872100329828902,23.757074397031545,23.783347180018204,2.021330476481991,3.969605142332415,3.6705982497169676,11.49916508609875,1.100006E9])
(0.0,[-1.0263917525773194,10.20896907216495,0.6015419724742267,7.181654553264605,24.219426009450164,20.920715220233614,2.0849229461154213,3.991535763630565,3.424860970436815,11.55311855360956,8.720092E8])
(0.0,[-1.0826262626262626,10.027777777777777,0.6292876092929296,7.242523644609358,22.001035827664403,20.09197027222016,2.0935720844811745,3.774433221099888,3.287733206529946,11.34568998654007,8.1501E8])
(0.0,[-1.1516326530612244,10.163163265306123,0.8889361573469389,5.499809678098044,19.067434220492324,19.4708874856908,1.7419033735943366,3.486299458558934,3.2212944706538944,11.37757585942024,4.683278333333333E8])
(0.0,[-1.9961616161616165,9.969696969696972,0.6539142669696971,5.583319810348382,21.09374582560298,18.463735405640495,1.8423548617488008,3.718665442301807,3.133930690431589,11.299607398462562,7.24005E8])
(0.0,[-2.105,9.754895833333332,0.7600437692708335,6.522082105263159,26.68031156798246,24.84707096727027,1.9832291666666662,4.145299479166669,3.7852389025434023,11.478545884401168,5.0858414285714287E8])
(0.0,[-1.6027551020408162,10.210408163265312,1.072949819653061,5.651696454870607,23.18899158426257,24.594076519272235,1.959566847147021,3.994285714285715,3.5579002966026656,11.637026238563173,8.166503333333334E8])
(0.0,[-1.6019387755102041,9.952551020408164,0.6048546108163269,7.502529192089204,28.631509920050497,20.54597033790878,2.1398917117867566,4.395364431486881,3.3752537642315694,11.4314042152006,6.416626666666666E8])
(0.0,[-1.6155555555555559,10.050101010101011,0.7583369323838381,7.657414739229022,29.555033663162238,28.277470233927897,2.255016835016835,4.520302009998979,4.0415008506564645,11.745364354744025,1.51002E9])
(0.0,[-1.325612244897959,10.142857142857146,0.43849180867346926,8.990171270776347,26.14418350515462,23.530279826872643,2.4218742190753857,4.15454810495627,3.71115048818409,11.808625092885372,8.559998E8])
(0.0,[-1.3765656565656563,10.199494949494948,0.8928894803030306,6.714788084930944,22.659519130076276,26.23940132898626,2.128380777471687,3.8255096418732766,3.7243931617385986,11.692255468749654,6.499938E8])
(0.0,[-1.4154545454545464,10.066262626262626,0.7158249575757578,7.7134107606679025,26.432088950731803,27.15466641317326,2.28793388429752,4.155543311906951,4.055959196192224,11.81689703579407,7.68341E8])
(0.0,[-1.46070707070707,10.03767676767677,0.6917485825252525,8.548465821480107,29.151687404658833,26.370559442442087,2.363095602489543,4.355990205081116,3.9993626586634017,11.88384861892122,6.94288E8])
(0.0,[-0.286875,9.991041666666664,1.2014281903125,5.413339605263157,25.003761008771935,18.789540425959004,1.7758593750000002,4.106974826388889,3.0917243830729166,11.219573210253238,9.649735E8])
(0.0,[-0.9514432989690723,10.247216494845361,0.6352417802680412,5.543002061855671,26.482866129725085,20.979103425005956,1.7900308215538312,4.084610479328302,3.539188502030396,11.648075009652398,8.5E8])
(0.0,[-0.9668999999999994,10.157699999999998,0.8492286636600002,6.604864030303032,25.239961323232322,23.80032533767385,2.102176000000001,4.024053999999998,3.6921766068328004,11.735400967884194,1.5666706666666667E9])
(0.0,[-0.8562886597938143,10.182061855670105,0.7779044022268042,5.4811048324742275,20.429249871134022,20.98808422222371,1.875891168030609,3.662125624402168,3.4628456588729946,11.468537630230868,9.1251375E8])
(0.0,[-1.1221428571428567,10.09204081632653,0.9164548268367346,6.795575773195875,25.60645764780139,23.033268584605647,2.137172011661808,4.225060391503541,3.748454706364016,11.631462971843183,5.50018E8])
(0.0,[-0.9095959595959597,10.175454545454542,0.7341229906060609,5.567836569779429,22.091102597402607,21.078944209613535,1.793288439955107,3.832176308539946,3.528591447493113,11.48992560094605,6.228594285714287E8])
(0.0,[-0.9054639175257732,9.93123711340206,0.8167996212371135,5.945939626288658,22.975725536941567,22.187240623327586,1.8862323307471567,3.831661175470294,3.6191995489297475,11.408575210907062,1.109985E9])
(0.0,[-0.9613402061855667,9.916907216494845,0.6456325838144331,5.829142976804124,27.46148825171822,23.125682471992466,1.8374641300882137,4.334955893293656,3.6640429150664264,11.360748859642692,4.888882222222222E8])
(0.0,[-1.042222222222222,10.11808080808081,1.1032481547474744,8.598668480725623,23.309727911770782,25.59913512494266,2.27611672278339,3.887152331394756,3.8491928301234584,11.734796201099838,1.099975E9])
(0.0,[-0.922755102040816,10.34295918367347,0.7484242175102042,6.014257279612876,20.559701462234376,20.263073345541542,1.9784548104956272,3.6863452728029986,3.419929756673886,11.625440207337304,1.079987E9])
(0.0,[-0.8238383838383839,10.205757575757575,0.7469178511111105,5.520491238919809,23.44227569573283,20.016707237824203,1.8169615345372923,3.9175941230486693,3.518846918159372,11.505350965537621,1.106669E9])
(0.0,[-0.9948958333333333,9.970312500000002,0.8539674498958332,5.878816831140351,23.22511884868421,23.899541703682413,1.757706163194445,3.919908854166667,3.668014635097655,11.429662589747602,6.100056666666666E8])
(0.0,[-0.7895959595959594,10.142020202020204,0.7220160313535353,5.466518202432488,19.61219587713874,21.14545603598684,1.6850382614018973,3.5806285072951756,3.465496740385674,11.412666610729065,2.570099E9])
(0.0,[-0.987551020408163,9.947653061224493,0.8327869702040814,4.583606311803073,23.792591342310132,23.921822349047552,1.6729612661391082,3.9731153685964187,3.7415452455226985,11.352471512495093,1.250015E9])
(0.0,[-0.8468041237113402,10.147525773195877,0.7741131779793816,5.41275113831615,18.819650064433,18.22947293643139,1.7160123286215325,3.5290976724412797,3.1144519533378676,11.279844987964191,1.10500325E9])
(0.0,[-1.0461224489795913,10.145714285714286,0.9240988891836733,4.526848727119715,23.62111752577319,23.223274041851266,1.646201582673886,3.9713411078717207,3.687234042807164,11.528638779255472,1.203369E9])
(0.0,[-0.8496969696969696,10.224040404040407,0.8026374743838385,5.453700927643786,19.12560799835086,17.94495455096474,1.7689868380777476,3.4980206101418214,3.0575728046766653,11.355932210989744,7.49908E8])
(0.0,[-0.832020202020202,10.012323232323226,0.742790488363636,4.851481591424449,19.92795271078128,15.858325122261592,1.6823242526272835,3.6425487195184187,2.8276709102773196,11.075915148738753,1.0800015E9])
(0.0,[-0.6797959183673467,10.147551020408162,1.059746443367347,4.328907174416159,21.460659920050496,17.090404869439283,1.5630487296959608,3.771936693044564,3.080462022011662,11.192507140818305,7.299988E8])
(0.0,[-0.8514285714285712,10.157857142857138,0.7626004773061223,5.576010309278352,24.352806701030918,17.636315893382044,1.7561807580174926,4.103279883381924,2.9590843678900463,11.2910100009272,7.119934E8])
(0.0,[-0.8961224489795918,9.769489795918366,0.8368174689795914,5.801949758047548,24.972351283399963,19.794177114533753,1.8048188254893798,4.107998750520618,3.1403779386713873,11.021190178192109,7.099915E8])
(0.0,[-0.7264646464646464,9.93808080808081,0.8732156319797982,5.887712883941456,27.80185852401567,22.416277004000932,1.939114376084073,4.375233139475563,3.5566381486252427,11.350725650402769,1.439982E9])
(0.0,[-0.6033673469387755,10.146938775510202,0.6561393897959182,5.998255554386702,22.287246202398485,19.346805411043462,1.9286047480216577,3.7582590587255313,3.3459821975301964,11.38356128576056,8.8999925E8])
(0.0,[-0.9381818181818182,9.814444444444444,0.8569812593939391,8.640702782931356,26.14539433106575,22.523480475236738,2.313590449954087,4.1659483726150395,3.6352723431649836,11.423781285983337,6.600138333333334E8])
(0.0,[-0.9355670103092784,10.047319587628865,0.9294132146804122,6.477506185567012,28.323886490549814,25.215782898133398,2.0892443405250285,4.393621001169094,3.7663959908054,11.578634551581386,7.74994E8])
(0.0,[-0.9019387755102037,10.085408163265306,1.065861702816327,5.538003418893331,26.51494880075744,23.851271363891428,1.930589337775927,4.249914618908789,3.6428927586380673,11.514291433295604,4.8444622222222227E8])
(0.0,[-0.8758163265306124,10.306326530612244,0.7082580755102043,6.9392122133389424,22.822505954134222,21.50642037623396,1.9877051228654716,3.894822990420658,3.5045988617659316,11.710603521114765,5.45002E8])
(0.0,[-0.789191919191919,10.039191919191918,0.768380188989899,6.881003421974855,26.014721789321793,20.26789822727715,2.1142312008978665,4.190682583409857,3.4724868977063563,11.412550761848532,6.5E8])
(0.0,[-0.7655670103092787,10.0159793814433,0.7390091967628863,7.879824935567015,22.667649291237122,22.022322011412868,2.1267020937400356,3.8027803167180365,3.686584746157083,11.498069740483094,4.077792222222222E8])
(0.0,[-1.0511340206185564,10.07,1.108724372515464,7.742535158934705,25.01424999999999,24.30785421334524,2.089233712403018,4.048865979381442,3.791540577149963,11.672518810236298,1.119995E9])
(0.0,[-1.038181818181818,10.244949494949495,0.6781282173131312,5.702982374768089,23.845204844361998,19.82456972295407,1.924058769513315,4.016312621161106,3.405195318821345,11.520546948302503,2.189972E9])
(0.0,[-0.8159595959595961,10.213434343434349,0.6603804734343435,6.982316161616163,24.75630032982889,19.115233195701695,2.081454953576165,4.070135700438728,3.318203527913478,11.489378973837796,9.9250775E8])
(0.0,[-0.8753061224489795,10.049081632653062,0.6755970277959183,7.9166189774879,23.844717704607618,22.41499362947522,2.15469387755102,3.967578092461475,3.5282004626364007,11.49403753930628,7.199952E8])
(0.0,[-1.0227272727272725,9.805656565656564,0.8063521178383838,6.038695547309833,24.84500032982889,20.354097472235967,1.8975022956841134,4.030729517396185,3.481061271012344,11.192933019068098,5.550155E8])
(0.0,[-0.8295918367346939,10.259183673469387,0.6352919169795916,6.788907048180098,19.785248811277096,16.668842804069055,2.0297875885047896,3.5948479800083297,3.1113956846722206,11.396930825971621,7.5E8])
(0.0,[-0.9946391752577322,9.914742268041236,0.709381428247423,5.9320792955326445,23.359671026632302,22.659019129883706,1.8747900945902858,4.01974492507174,3.610152150528218,11.286084494842688,6.257018571428571E8])
(0.0,[-1.0136082474226802,9.928247422680416,0.782818969484536,6.065704553264606,23.496770854811015,22.678669744470117,1.8939547242002341,4.033110851312572,3.6163246578084824,11.30800686546353,6.257018571428571E8])
(0.0,[-0.8644444444444445,10.294949494949492,0.7238045348484845,7.582959637188207,23.71215382395382,17.71455308690861,2.2107295173961847,3.923079277624732,3.1571885402509947,11.570539522251769,7.03308E8])
(0.0,[-0.9133673469387756,10.037857142857144,0.7299394394897963,4.089890605933093,19.216198453608246,17.027850866728215,1.5861578508954608,3.544212827988337,2.9719417192024165,10.988518605561945,6.257192857142857E8])
(3.0,[5.909399999999998,5.394599999999999,6.214699999999999,0.0219511515151515,0.011948323232323227,0.014427181818181888,0.10465599999999943,0.0734320000000001,0.08281800000000021,10.133300384521258,0.0])
(3.0,[5.925051546391753,5.4729896907216515,6.150103092783504,0.05726275773195882,0.07275659364261165,0.02009686426116839,0.12696141991710058,0.14362206398129373,0.08939525985758304,10.149470078495028,9.84985E8])
(3.0,[5.47151515151515,5.2351515151515144,6.691414141414143,0.03510686456400753,0.0436089053803338,0.03841430632859197,0.1352249770431591,0.1437649219467404,0.1468258340985613,10.110359856781184,0.0])
(3.0,[5.279680851063829,5.011170212765956,7.033829787234042,0.005646133607870112,9.222717913520641E-4,0.007862594371997178,0.05940018107741047,0.01917609778180068,0.06922136713445008,10.122983123205838,7.99998E7])
(1.0,[8.10816326530612,8.04591836734694,-1.4753061224489792,46.90254092152326,72.71992337471072,43.13016743109614,5.753007080383174,7.577642648896291,4.58158267388588,15.639269511431296,3.738403076923077E8])
(1.0,[7.149690721649487,7.852989690721648,-1.1990721649484537,53.02219677835051,72.26394617697595,49.71957308848798,6.131459241152088,7.383660325220533,5.359704538208098,15.354630823891238,3.16918E8])
(1.0,[6.513673469387758,7.838673469387758,-0.5857142857142859,53.69521729434041,76.89359100568065,49.74348453608246,6.317551020408163,7.709394002498959,5.497988338192419,15.181247978347674,4.290938181818182E8])
(1.0,[7.124897959183676,7.825102040816325,-0.796734693877551,52.815390195665884,75.46403968020199,51.30929438249527,6.274897959183673,7.673565181174512,5.504952103290296,15.506758694325171,3.7333675E8])
(1.0,[5.79010101010101,8.34878787878788,-0.8709090909090907,51.89461937744793,70.1313413729128,50.06683487940632,6.01970003060912,7.213976124885216,5.384921946740128,14.928450431060346,2.956180625E8])
(1.0,[6.465050505050505,8.17121212121212,-0.9154545454545455,54.75455178313751,74.22366586270869,48.98018831168833,6.029139883685338,7.361659014386286,5.429531680440772,15.615876678786973,3.253356666666667E8])
(1.0,[6.580421052631578,8.394631578947367,-0.7020000000000004,68.43172109742437,77.55948895856667,51.83883106382976,7.00760110803324,7.783997783933517,5.708547368421051,16.010996049457653,2.805875882352941E8])
(1.0,[7.284020618556704,7.9579381443299,-0.28721649484536077,64.8880659579038,72.18542278780066,46.40043904639176,6.495276862578381,7.363447762780314,4.97356998618344,15.803149448984813,3.428562857142857E8])
(1.0,[7.335257731958765,8.170721649484538,-0.63020618556701,56.41983144329897,66.56794843213059,41.98043329037801,6.057759591880116,7.0558975449038135,4.664087575725368,15.577661075528903,3.625005E8])
(1.0,[7.031616161616164,7.658282828282827,-0.247070707070707,64.01203817769533,70.22230212327352,47.003651535765826,6.571231506989084,7.254935210692787,4.962171207019692,15.369281554111575,3.3786235714285713E8])
(1.0,[7.302828282828285,8.149696969696967,-0.14686868686868693,63.74847151102862,74.74155194805196,50.2055094825809,6.452610958065503,7.616094276094276,5.37433935312723,16.01518618112831,3.186665333333333E8])
(1.0,[7.3250515463917525,8.228659793814442,-0.4188659793814434,68.62687734106528,74.39315964347081,47.760168492268036,6.98912530555851,7.54811775959188,4.976501222234033,15.989967049951572,2.9749868749999994E8])
(1.0,[7.038061224489799,7.633775510204079,-0.2346938775510204,62.58157661476962,81.04842168104356,43.94602310119923,6.545685131195334,7.620329029571011,4.87976259891712,15.639875032828874,2.9749875E8])
(1.0,[6.924687499999999,7.870520833333334,-0.3123958333333331,62.00652411184213,68.90586814692983,42.227734199561404,6.513782552083333,7.2298849826388905,4.819396701388888,15.166203402154562,3.08572E8])
(1.0,[6.864800000000001,7.645900000000003,-0.3956999999999997,68.47668581818183,71.97832342424245,39.012168191919194,6.791912000000001,7.275664,4.803331999999998,15.273198855597098,3.891626666666667E8])
(1.0,[6.766666666666665,7.7843434343434375,-0.23434343434343444,65.55479387755103,76.24608196248195,45.96824114615543,6.509764309764308,7.683746556473829,5.12347515559637,15.549305172298133,2.71875375E8])
(1.0,[7.002604166666667,8.086041666666665,-0.563125,61.20010156798248,70.42428732456145,42.40985960526316,6.5053038194444435,7.099826388888889,4.925872395833333,15.44244072095735,2.7437399999999994E8])
(1.0,[6.895757575757577,8.146565656565656,-0.45878787878787886,67.29846141001855,72.85170237064526,47.88451076066789,6.791986531986529,7.407919600040813,5.162075298438935,15.646307706171367,2.5368784210526308E8])
(1.0,[7.027525773195875,7.961030927835052,-0.3353608247422681,82.2968708977663,77.92439475945012,43.2391459621993,7.450434690190245,7.472111807843555,4.950923583802743,16.32915523147449,2.717644117647059E8])
(1.0,[7.939791666666666,8.240520833333331,-0.047916666666666725,72.92449890350876,71.95044498903506,49.53924614035088,7.311692708333333,7.483207465277777,5.324644097222221,16.355499915495677,2.647058823529412E8])
(1.0,[7.488080808080811,7.863838383838386,-0.33434343434343444,66.38052791177074,69.73266674912391,49.25864522778809,6.606903377206407,7.069845934088359,5.128323640444853,15.87424542394579,2.959920666666666E8])
(1.0,[7.492551020408161,8.489387755102047,-0.3200000000000002,61.646314043761826,69.53012127077633,50.60536494845361,6.156472303206998,7.176438983756765,5.198367346938775,16.177159858189068,3.0312918749999994E8])
(1.0,[7.732448979591834,8.103673469387756,-0.3901020408163265,61.918389816957706,65.74258636650535,47.81304638123291,6.18551436901291,6.881107871720114,4.8725301957517715,15.851059364242326,2.8502462500000006E8])
(1.0,[8.088061224489799,8.721530612244898,-0.5143877551020408,59.628083831264476,68.1262048495687,44.985144466652656,6.101241149521034,6.979741774260726,4.88673261141191,16.47465906133278,2.688869444444445E8])
(1.0,[7.75278350515464,8.242577319587632,-0.48567010309278363,62.035320296391745,64.12624432989692,49.624953973367695,6.1280008502497605,6.718520565416089,4.999404825167395,15.96667762799536,2.6706294117647064E8])
(1.0,[8.118265306122451,8.58540816326531,-0.47785714285714287,61.15178974332,69.48731374921104,45.60127680412371,6.1748667221990825,7.062611411911704,4.835481049562684,16.511127103800746,2.870698823529411E8])
(1.0,[7.5225510204081605,8.3469387755102,-0.5119387755102042,63.58816559015354,66.03672042920265,51.23792713023352,6.314583506872138,6.719229487713454,5.179258642232402,15.984888187666202,2.5263094736842108E8])
(1.0,[7.275050505050506,8.082121212121208,-0.2665656565656565,67.11376606885177,66.18017810760666,48.81414930942071,6.886713600652995,7.157165595347412,5.230090807060503,15.773552978779419,3.749974166666667E8])
(1.0,[8.026161616161616,8.66686868686869,-0.6217171717171714,62.205942259327976,65.36658703360133,46.9178898783756,6.00423426181002,6.740448933782265,4.907078869503113,16.48399402412657,2.716657777777777E8])
(1.0,[7.653636363636363,8.269797979797978,-0.8207070707070707,53.98064582560295,58.53402036693464,41.172720923520906,6.110762167125805,6.4987940006121825,4.5688827670645855,15.15108348557425,3.307168571428571E8])
(1.0,[7.239387755102039,8.112244897959183,-0.6980612244897958,59.30537694087944,62.866667073427315,43.505768367346946,6.128621407746771,6.78655143690129,4.869148271553519,15.564582710947406,3.399988333333334E8])
(1.0,[7.3234693877551,7.98,-0.6806122448979591,64.50623938565118,62.54688659793814,44.27232745634337,6.299583506872136,6.892244897959182,5.005639316951269,15.604531680668886,4.439971E8])
(1.0,[7.7377777777777785,8.19212121212121,-0.9030303030303031,57.09953378684806,60.071494434137314,42.621545825602965,6.013535353535353,6.527021732476279,4.7352923171105,15.592555302109469,2.917678235294118E8])
(1.0,[7.444591836734693,7.956632653061224,-0.8020408163265307,59.502484883231645,60.17404524510837,39.490764864296224,6.257890462307373,6.667246980424823,4.597905039566844,15.395664672454716,3.238502307692308E8])
