(0.0,[-1.3550000000000002,9.7407,-0.7716,27.589774747474745,38.95757425252525,22.897165090909102,4.340299999999999,5.186114,3.5378080000000005,12.437066315250236,6.783245E8])
(0.0,[-1.2521212121212126,10.022222222222224,-0.8522222222222221,31.4153413729128,37.66478888888888,22.408454195011334,4.647915518824611,5.137306397306398,3.6224242424242425,12.867524765463395,8.039978E8])
(0.0,[-1.0889795918367349,9.746836734693881,-0.6325510204081634,30.087627814012194,35.01812288028613,26.311091363349473,4.60161182840483,4.995397750937108,3.792750937109538,12.518845867152129,9.2498775E8])
(0.0,[-1.1732000000000005,9.960799999999999,-0.9543999999999996,26.3859048080808,29.236621575757574,20.805626909090908,4.242863999999999,4.469816000000001,3.435848,12.275737214039397,7.019592E8])
(0.0,[-1.2555555555555555,10.20171717171717,-0.8803030303030304,29.172904535147392,34.26951640898783,24.80224582560297,4.3803367003366995,4.827621671258034,3.7737863483318037,12.994883264310575,7.183328333333334E8])
(0.0,[-1.2555555555555555,10.20171717171717,-0.8803030303030304,29.172904535147392,34.26951640898783,24.80224582560297,4.3803367003366995,4.827621671258034,3.7737863483318037,12.994883264310575,7.183328333333334E8])
(0.0,[-1.2572448979591841,9.776224489795919,-0.6531632653061227,28.505655217757216,35.94497219650746,27.149395045234588,4.375147855060391,5.000256143273637,4.084956268221575,12.653934609543251,6.2501525E8])
(0.0,[-1.3495959595959597,9.52818181818182,-0.5478787878787877,30.974314120799832,34.84840278293135,25.04242300556586,4.5525374961738585,4.886666666666666,3.859602081420263,12.407852073016034,8.6499775E8])
(0.0,[-1.6280612244897958,9.97234693877551,-0.8851020408163263,29.56964053229539,32.26691917736168,23.699633494634963,4.405000000000001,4.725876718034154,3.7146938775510194,12.727292422303389,1.3099973333333333E9])
(0.0,[-1.7253061224489792,9.94704081632653,-0.5596938775510205,23.639864338312652,29.342660225120976,21.639724647590988,4.005210329029571,4.443511037067886,3.4484943773427745,12.260018313926581,7.440064E8])
(0.0,[-1.4968367346938773,9.427551020408162,-0.7181632653061225,25.84623215863665,36.999163012834,26.30918422049232,4.16357142857143,5.144131611828405,3.9511162015826735,12.185847109599043,6.666666666666666E8])
(0.0,[-1.4683838383838383,9.752121212121214,-0.7274747474747476,23.764936136879005,33.002206679035254,26.43748029272315,4.035467809407203,4.904205693296603,3.987405366799309,12.253516151233338,1.3533326666666667E9])
(0.0,[-1.5158585858585856,9.710909090909091,-0.672828282828283,24.293246959389812,31.535430797773653,20.72298987837559,3.9146046321803913,4.621524334251606,3.4546617692072243,12.062371654597765,9.56665E8])
(0.0,[-1.3795,9.911799999999998,-0.7291000000000001,27.012788636363627,35.25399066666667,23.20900019191919,4.266879999999998,4.977163999999998,3.6437720000000007,12.349869406148006,6.02497E8])
(0.0,[-1.4382828282828277,9.722626262626264,-0.74010101010101,24.495902123273545,34.387048134405276,24.940896928468348,4.027125803489438,4.924726048362412,3.8586674829099077,12.264758761325428,7.54004E8])
(0.0,[-1.5005050505050497,9.654444444444449,-0.6123232323232324,21.098025252525254,32.138649433106586,24.17116291486292,3.676459544944393,4.655735129068463,3.6379634731149886,11.909314616781185,5.3143314285714287E8])
(0.0,[-1.8380412371134023,9.892886597938148,-0.7093814432989691,21.982867998281794,32.348360330756016,25.459262113402062,3.853816558614093,4.414632798384524,4.1190392177702195,12.563955536274761,9.1749575E8])
(0.0,[-1.3808080808080805,9.589595959595957,-0.520707070707071,23.179338115852385,35.08861003916718,25.66077806637806,3.8959187837975704,4.714372002856852,4.193514947454341,12.33760673592743,7.716725E8])
(0.0,[-1.4938,9.8272,-0.7529000000000001,22.9946844040404,32.86477793939394,27.012018777777794,3.9189999999999974,4.7269440000000005,4.102668,12.436543578029363,9.6250175E8])
(0.0,[-1.6955670103092777,9.953298969072161,-0.3270103092783505,21.543704102233672,27.627368170103082,22.232869093642616,3.676643639068977,4.260720586672335,3.523245828462112,12.031768007407528,6.000017142857143E8])
(0.0,[-1.5821212121212114,10.052222222222216,-0.31353535353535356,19.28999239332096,17.43259705215419,17.602433292104713,3.5671808999081724,3.4458810325477,3.1925538210386692,11.828544269092223,4.160034E9])
(0.0,[-1.6771717171717173,9.80232323232323,-0.45696969696969725,21.1228980416409,23.8485465883323,21.344947866419293,3.6681971227425776,3.9534578104275075,3.4744168962350783,11.84406822289166,1.0500083333333334E9])
(0.0,[-1.6814141414141417,9.906565656565657,-0.4504040404040402,21.676259204287785,29.79397788084931,22.96052024324881,3.6471441689623507,4.465495357616572,3.827001326395265,12.198566039672118,7.933298333333334E8])
(0.0,[-1.518888888888889,9.696464646464648,-0.5346464646464646,22.407924263038563,29.85771288394146,21.461896557410835,3.9147025813692466,4.563975104581165,3.670486685032139,11.989750996943169,8.033395E8])
(0.0,[-1.4895918367346943,9.80448979591837,-0.6010204081632653,22.159236945087304,30.61309715968861,24.11031441195035,3.7891670137442737,4.507642648896293,3.77209912536443,12.180203071332029,7.720032E8])
(0.0,[-1.5911340206185574,10.198453608247421,-0.27577319587628857,19.707978908934713,19.93355279209623,19.058866323024063,3.501028802210648,3.5521564459559976,3.2552768625783814,11.953333506575854,5.0000775E8])
(0.0,[-1.6889898989898986,9.865858585858582,-0.5472727272727271,20.500643867243877,22.03893675530819,19.760381261595555,3.6834445464748504,3.8828527701254973,3.401524334251608,11.873854448890775,9.566446666666666E8])
(0.0,[-1.6424242424242421,9.632323232323232,-0.4956565656565658,23.717259369202228,29.20733026180169,21.36134930942073,4.0920416284052665,4.524615855524948,3.5322742577288024,11.812378834534597,5.975036249999999E8])
(0.0,[-1.584081632653061,9.766938775510198,-0.530408163265306,23.247224405638548,28.61819671786241,18.52055653271618,3.9458892128279883,4.416405664306542,3.0128571428571433,11.727840792437222,6.350098333333334E8])
(0.0,[-1.123214285714286,10.29107142857143,-0.22321428571428553,9.268741137566137,19.61910621693122,12.642755952380954,2.559642857142857,3.419872448979592,2.2496428571428564,11.310322872719476,0.0])
(0.0,[-1.4035353535353527,9.885454545454543,-0.3947474747474749,20.042157781900634,27.15735974025974,17.450804782519064,3.5959902050811143,4.218879706152433,2.7994571982450767,11.61578240131947,6.449788333333334E8])
(3.0,[-3.309999999999999,-0.89659793814433,8.355979381443303,0.00253541666666665,0.0021997637457044704,0.0016867912371133665,0.04103092783505153,0.033465830587735154,0.035111063875013976,9.03257977238226,5.212792553191489E7])
(2.0,[2.5266326530612244,9.331938775510201,2.8982653061224486,0.003288544077424784,0.0011869240479697066,0.0020083000210393475,0.0429695960016659,0.026157850895460816,0.03555810079133705,10.093284190657391,5.0928175257731944E7])
(1.0,[0.4340404040404041,8.155656565656566,1.4276600766060608,30.43649779426922,58.005304411461566,22.91397045313104,4.003560861136618,6.3925823895520875,3.938069006653197,11.446431171839592,3.039957333333333E8])
(1.0,[1.5991836734693876,8.545204081632653,1.554943365816327,24.200384893751313,54.99893243214812,16.031545383913375,3.9217867555185335,6.528975426905455,3.2035103245730947,11.511176056466411,4.459992E8])
(1.0,[1.5410344827586204,8.695172413793104,1.302856695413793,19.11258136721113,50.22173418027828,17.90443494956817,3.439036860879904,5.981712247324616,3.402722359284185,11.28532239516787,5.50006875E8])
(1.0,[2.0327272727272727,8.72090909090909,1.7721585802020206,21.301093506493512,50.45505732838592,16.941175759134865,3.664040404040404,6.264077134986227,3.2551866858851137,11.229674960150941,4.729889E8])
(1.0,[1.215151515151515,8.102626262626263,1.678742231414141,23.892598701298706,49.88823588950732,19.0965338845847,3.8361187633914913,6.017506376900316,3.6205054670258128,11.06448476152446,4.444444444444444E8])
(1.0,[1.6635353535353532,8.141717171717167,2.1781550221212114,22.988155741084327,50.780977633477605,18.171488066265702,3.6813243546576877,6.067489031731457,3.4937296977226815,11.333373662968084,4.710144E8])
(1.0,[0.735463917525773,8.544123711340209,2.2210995914433,21.496731292955328,45.897897401202734,15.4137070922729,3.587692634711446,5.798514188542883,3.1722077914443605,11.205726886697887,5.5873875E8])
(1.0,[0.3484057971014492,8.84652173913043,2.230381277594203,23.959028303495305,50.36332007672635,18.92202407845947,3.666822096198277,6.169035916824195,3.5891175231816836,11.642926740079325,5.912475E8])
(1.0,[0.8289898989898988,8.338989898989905,2.073869896262625,22.302360193774483,43.69864182642756,16.43219590165448,3.4818916437098264,5.563807774716866,3.2867464943822053,11.033000936147388,4.966667777777778E8])
(1.0,[-1.4534343434343435,8.313838383838384,1.9457836120202021,27.80614318697177,42.673678994021856,17.16132787876929,3.998840934598512,5.208803183348637,3.3865540209101117,11.392699023110648,7.43332E8])
(1.0,[-3.791515151515152,7.943939393939391,1.9556893181818178,33.99875788497216,41.38118330241188,22.5440697819863,4.7413100704009805,5.302363024181204,3.820656927456383,11.90225723031168,9.420106E8])
(1.0,[-4.12783505154639,7.927216494845362,1.9837966264948443,34.52839422250859,38.33487029639177,20.849958055096792,4.946750983101287,5.1741290254012124,3.5593823450356035,11.783730173989007,9.49997E8])
(1.0,[-4.335714285714284,7.966632653061223,1.8295740609183668,32.45195257731959,38.00973184304651,18.699893158257193,4.768104956268222,5.181461890878802,3.4629890154831324,11.747244176646396,4.811028888888889E8])
(1.0,[-4.623838383838384,7.42343434343434,1.9474345810101015,32.04301368789941,34.586886044114614,23.372961097197805,4.512594633200691,4.920514233241509,3.9774306179287833,11.5603563550965,7.3999775E8])
(1.0,[-5.159895833333332,7.3027083333333325,1.878756749062502,39.97804946271929,38.7261420614035,26.080387436237608,5.091354166666665,5.108259548611111,4.0431506049869785,12.21856169879094,1.749909E9])
(1.0,[-5.076363636363639,7.415858585858585,2.0687795048484854,36.4815172541744,39.65971838796124,24.54007405932521,5.011606978879705,5.177447199265379,3.917157001652893,12.012086638536573,2.199997E9])
(1.0,[-5.392020202020199,7.40121212121212,1.8996945775757579,39.96195301999588,36.53219239332097,18.59142548657103,5.294082236506478,4.929231711049892,3.338934930590755,12.046640864539304,4.499918888888889E8])
(1.0,[-5.224747474747474,7.140101010101012,2.0546088125252515,40.10144355802927,38.75428264275407,23.885593755488507,4.951164166921743,5.057667584940313,3.8983544656341205,12.323987355800636,5.799997142857143E8])
(1.0,[-5.3583838383838405,7.329898989898992,1.8149456988888883,45.596930014429994,38.13831325499895,20.944335387408028,5.714731149882664,5.1237465564738285,3.6998845506172833,12.22875244771439,5.5123525E8])
(1.0,[-5.756262626262627,7.020808080808082,1.9379415995959595,33.414274665017544,29.243791177076883,23.99579185014936,4.819508213447608,4.448646056524845,3.659133325619836,11.669316621513257,1.23998E9])
(1.0,[-5.6579797979798006,7.091616161616161,1.9555517409090906,38.55245506081219,35.33128307565451,18.891259912237345,5.2024017957351285,4.873994490358126,3.41788595188246,11.895111029241749,9.833373333333334E8])
(1.0,[-5.6727551020408145,7.288265306122447,1.4162381661224486,35.373488207447934,36.84387221754682,21.522362445781326,4.774852144939606,5.06082049146189,3.543508416859641,12.01937440290371,9.726766666666667E8])
(1.0,[-5.298080808080807,7.196161616161615,1.251696188020202,35.93846260564832,41.62923001443002,21.43154849636768,4.869094990307109,5.506099377614529,3.462167034891133,11.652270209935772,6.319946E8])
(1.0,[-5.543711340206187,7.604020618556704,0.976312112845361,35.98936108247421,38.601763874570445,18.764749616516568,5.099549367626739,5.162616643639068,3.3692359790396433,11.982339905171553,2.200043E9])
(1.0,[-4.575555555555554,8.465252525252527,-1.091829079232323,29.48817800453515,39.35278641517212,19.393948282564736,4.47526374859708,5.540053055810632,3.2489886486856445,11.692599328831355,9.66634E8])
(1.0,[-4.061530612244896,8.675204081632655,-1.558139983367347,29.701262581527452,37.5130169682306,16.100901310971828,4.552471886713869,5.4423552686380665,2.9772089179987518,11.614396981853636,9.1750325E8])
(1.0,[-4.203333333333333,8.834040404040408,-1.5594610429898996,30.7103693877551,37.20915697794269,18.669447821014085,4.6490909090909085,5.366342209978574,3.2502393966966636,11.750220988194988,1.6049955E9])
(1.0,[-4.8443298969072135,8.491443298969076,-1.509471507010309,31.387316473367704,36.26824789518903,18.788176638861923,4.727150600488891,5.276244021681371,3.26093910910405,11.658559632868332,6.083475E8])
(1.0,[-4.99969387755102,8.1569387755102,-1.4394483665714286,31.666318462023984,32.88054310961497,14.900201118502977,4.702315701790922,5.01381507705123,2.8857211130145766,11.370813057106545,6.100006666666666E8])
(1.0,[-6.383636363636367,6.567676767676768,-1.4718230400404038,36.17404786641931,37.80902822098536,18.377631778709485,5.160422405876952,5.4444424038363435,3.076330833497806,11.334526770125523,7.899842E8])
(1.0,[-7.396262626262624,5.204141414141413,-1.643659539595959,46.45334609358894,33.87287961245104,19.388076789542772,6.0480195898377715,4.953441485562697,3.1687952257892045,11.596687787308465,1.1849825E9])
(1.0,[-8.857575757575757,2.075555555555556,-1.4934229854545458,44.213665491651206,24.906567800453512,17.287762827125437,5.847095194367921,3.8864646464646473,2.9546913248852165,11.204930559859974,0.0])
(1.0,[-9.094528301886788,0.9790566037735847,-2.7692994062264145,41.912467561683584,13.292401015965167,19.202482422707142,5.690687077251692,2.8910074759700954,3.2491390707725163,11.2185280886145,0.0])
(1.0,[-8.824489795918367,0.7475510204081635,-1.986486015204082,40.648979633915424,13.227857858194824,15.456175499323335,5.4542648896293215,2.785052061640983,2.8229092356372334,10.649785652052719,0.0])
(1.0,[-8.994226804123711,0.42319587628865996,-2.23837076542268,33.68067257302406,14.525388638316144,15.067587003119577,4.9326049527048585,2.7797810606865765,2.935831289024127,10.645616590031667,0.0])
(1.0,[1.413737373737374,8.226666666666667,2.3036272997979785,20.96150119562976,67.92378163265305,11.53696636993853,3.5703887358432813,7.185185185185185,2.9689717658728703,11.446516544688208,4.0544827272727275E8])
(1.0,[1.6764285714285714,7.725714285714287,1.8361062443265308,25.600526288659786,72.9688824742268,13.858531138983302,3.995655976676384,7.4634110787172006,3.199800306252395,11.712921649378528,6.02485625E8])
(1.0,[1.7087368421052629,7.549368421052632,1.830718121894737,27.690274983202695,61.694797469204914,13.829007536459224,4.268458725761774,6.662349030470913,3.1028254110980606,11.27446560445818,5.166592222222222E8])
(1.0,[1.6757,7.694099999999998,1.8194060402999999,23.784485363636367,67.4934527171717,11.03044204471048,3.6988419999999995,7.082290000000002,2.7904061008640015,11.280203952902003,5.650025E8])
(1.0,[1.9966326530612242,8.219591836734693,1.9346453061836737,24.57616277088155,59.611113233747105,8.652489093052223,4.036563931695126,6.720653894210742,2.4549868385880895,11.360072584241946,7.783E8])
(1.0,[1.7693939393939397,7.696363636363635,1.770645206929293,24.050685343228206,63.003535621521316,9.726965573742937,3.9381267217630844,6.797887970615243,2.6148316127827766,11.179632665970065,4.62497625E8])
(1.0,[1.7341237113402057,8.085670103092784,2.0898106638144336,23.496541151202738,67.71788105670103,8.6770244422521,3.9476352428525874,7.299632266978424,2.4669635728175154,11.448953671692111,5.311075555555556E8])
(1.0,[1.6276767676767676,7.715757575757575,1.9190932369696976,27.50783638425067,68.07635936920221,10.55092163425065,4.045236200387717,7.206476890113254,2.6365857996326905,11.439131405205627,5.462455E8])
(1.0,[1.8319191919191913,7.87050505050505,1.883460211777778,29.300497299525876,62.45682729334158,9.963511033990349,4.188644015916742,6.659034792368126,2.6997805487676763,11.448004835000363,4.1545245454545456E8])
(1.0,[1.8002020202020208,8.18969696969697,1.840948198909091,23.585212203669347,61.76825194805196,9.785594434316616,3.8856749311294756,6.760318334863791,2.627333253693296,11.45436601677347,3.75E8])
(1.0,[1.6715789473684208,7.573368421052633,1.9121534433684206,22.55831131019037,66.06021193729003,9.25867474137881,3.8665373961218816,7.12326426592798,2.608375809085872,11.006481010652807,8.140076E8])
(1.0,[1.8210000000000008,7.965000000000001,1.9767210574,25.51764747474747,68.95923737373738,9.651682040277723,4.026500000000002,7.345899999999999,2.489652455416,11.572703026902559,4.345453636363636E8])
(1.0,[1.6440816326530607,7.364591836734692,1.9461809048367347,22.77498935409215,65.30127251209763,9.789865117875408,3.557671803415244,7.159787588504789,2.631523808955435,10.826505618902312,4.01256625E8])
(1.0,[1.51469387755102,7.1305102040816335,1.9763402509795924,26.36408495686935,66.85041107721437,13.404105683347435,3.887538525614327,7.046428571428572,3.07530546118534,11.174572132562735,5.2285328571428573E8])
(1.0,[1.5658000000000005,7.336299999999999,2.04250733356,23.171848848484846,65.61852859595959,10.366098867270448,3.6527279999999998,6.952995999999997,2.6903891483992,10.882625335247052,4.8444277777777785E8])
(1.0,[1.5294897959183673,7.341122448979592,1.916855474081633,29.3361966442247,67.93437913949086,11.924202788859455,4.14966264056643,7.2015306122449,2.876207877542692,11.165585239973792,4.720032E8])
(1.0,[1.8137,7.5479,1.888325010199999,32.59041546464646,69.1511723131313,13.06735555097503,4.4942699999999975,7.072267999999999,3.0730664445760008,11.731783057741092,5.4749675E8])
(1.0,[1.7553061224489794,7.342755102040818,1.9525741124489804,23.282687018725017,62.95022222806649,12.208883286222513,3.8103373594335705,6.800433152852974,2.968719583215328,10.989225054992511,4.370087E8])
(1.0,[1.8361616161616165,7.331111111111108,1.814670577717171,25.83516878994022,70.93221814058958,13.073745095224991,3.901873278236913,7.266329966329968,3.094410712297113,11.313563206964375,5.40012375E8])
(1.0,[1.8491836734693876,7.700102040816326,1.9372859816326526,35.67557458447297,70.38262576267621,12.417525251921102,4.610512286547271,7.148458975426907,2.949182520991254,11.96392931508746,4.380127E8])
(1.0,[1.8276767676767678,7.350303030303031,1.77889994989899,35.31995066996495,69.18374990723564,12.79101423181015,4.578226711560046,7.1382552800734596,3.0407936930435673,11.645741103416416,4.422267777777778E8])
(1.0,[1.8819387755102035,7.3182653061224485,1.819289325571428,32.97688383126449,74.42686603197981,11.920658741835465,4.501978342357349,7.351805497709287,2.9255554060379025,11.749350983592498,3.9248908333333325E8])
(1.0,[1.7781818181818183,7.796161616161619,1.910563317878788,26.77474972170687,74.91997695320553,11.694415285481838,3.973076216712581,7.497955310682583,2.809818958126722,11.846528641667572,4.045299090909091E8])
(1.0,[1.8103030303030303,7.4126262626262625,1.8633736332323236,26.625194805194795,66.26066242011957,11.261432972094841,3.91873890419345,7.07567799204163,2.7934984371574316,11.211765247495796,4.63745125E8])
(1.0,[2.031530612244898,7.951530612244895,1.954519885816328,28.063324437197558,72.74155948874392,12.110786146973897,4.041482715535194,7.517936276551437,2.9030798013452728,11.801198219278051,6.01249625E8])
(1.0,[1.7325252525252532,7.31090909090909,1.8672258586464645,28.03806804782521,75.79577365491646,12.97391701607117,4.014569941842668,7.668337924701562,2.9705866063797584,11.550710774178588,4.770081E8])
(1.0,[1.8777777777777784,7.45929292929293,1.9171671296969695,28.59537052154196,74.8157352092352,11.678246247472355,4.093423120089786,7.587466585042343,2.8316815474012857,11.573619848448821,3.887405E8])
(1.0,[2.205816326530612,7.57591836734694,1.9771741464693875,27.463298811277102,67.43058935409213,11.892004013109977,4.189860474802168,7.177959183673468,2.8945592987167843,11.455817613456071,5.88745125E8])
(1.0,[1.978989898989899,7.649494949494951,1.913314918686869,27.445270397856103,70.33557015048443,12.076276576032669,4.217281910009183,7.284783185389244,2.8477018854198546,11.571339512310242,2.900024E8])
(1.0,[1.711212121212121,7.313333333333333,1.8291164208080812,32.071788311688316,77.82268571428573,13.68100551155013,4.3526599326599325,7.539393939393941,3.1448036432078372,11.773112018875848,3.674951666666667E8])
(1.0,[1.5846391752577325,7.361855670103092,1.7549186348453607,38.641756378865985,84.98673402061857,14.792916412227948,4.990953342544372,8.002882346689342,3.2914918986289723,12.520303620443283,4.855516666666667E8])
(1.0,[2.032653061224489,6.990918367346939,1.7318689204081632,38.222260929939,76.80152182831891,14.775718693274095,4.824406497292792,7.388617242815496,3.2434495571428563,11.991849233810697,4.660065E8])
(1.0,[2.0261224489795917,7.051326530612245,1.7730079094897961,36.99750852093415,76.51220131495899,13.037211245845215,4.963719283631818,7.482415660141608,2.996748783806747,11.873432947786835,3.650055E8])
(1.0,[1.9647474747474751,6.69888888888889,1.7870171345454546,32.038186415172135,78.55129365079365,10.787552009493945,4.267901234567899,7.6124579124579155,2.7232718526721755,11.453972153772755,3.149963E8])
(1.0,[2.268367346938775,6.991734693877553,2.134225093816326,24.068312770881533,70.00585572270144,12.496506555605565,3.783781757600999,7.218433985839234,2.9211646482619744,11.243790839806884,8.660034E8])
(1.0,[2.0579797979797982,6.9855555555555595,1.7394147017171726,39.6917326118326,79.61049433106575,12.437873138218727,4.8270890725436155,7.650594837261505,2.9698500446607494,11.97794663295578,1.08750925E9])
(1.0,[1.7693877551020412,6.7235714285714305,1.7824587682653057,38.16310271407532,70.86135103092782,11.142252442319908,4.718837984173262,7.135320699708458,2.692483498433986,11.548002944488518,8.480102E8])
(1.0,[1.6983673469387754,6.66469387755102,1.975923324081632,32.78572720387123,67.65319423521987,15.199512298167535,4.526022490628904,6.902582257392755,3.210927514693879,11.3296562290613,7.200136E8])
(1.0,[2.1780612244897966,7.15,2.006499568469386,34.30420754260467,70.89672577319587,11.745788083253862,4.463129945855894,7.171428571428572,2.8737685518284053,11.365864018642887,4.51255875E8])
(1.0,[2.186565656565657,6.794949494949496,1.7831649116161619,36.84065543186971,76.76949055864769,12.818030599980533,4.926764615855523,7.531570247933884,2.992449175206611,11.772363533306057,4.400055E8])
(1.0,[1.8071717171717174,6.57969696969697,1.986369497474747,33.705455184498064,63.7363948051948,13.593974865462332,4.536365676971736,6.578506274869912,3.0557467864911736,11.077455029542511,6.399964E8])
(1.0,[1.9379381443298969,6.850927835051547,1.8657068028865982,32.41342695446735,73.27653142182133,14.14371272210304,4.618777765968753,7.358199596131363,3.1194895599107233,11.49256298523335,5.4375075E8])
(1.0,[2.2169387755102044,6.9595918367346945,1.9524351127551016,35.6964874395119,75.72776065642749,13.099991295726275,4.383440233236152,7.154310703873388,3.0119347780404007,11.690377843423814,4.360077E8])
(1.0,[2.0461224489795917,6.684183673469386,1.9377029416326532,38.18246728382073,64.77177509993686,14.609368838231601,4.654831320283215,7.0491482715535145,3.2311367843898378,11.458930773108213,4.833273333333333E8])
(1.0,[2.140808080808081,7.095858585858587,1.9895337985858583,34.90167280972995,73.05191634714492,11.709897661329599,4.542481379451076,7.339132741556983,2.857079500446893,11.45158653876584,4.51255875E8])
(1.0,[2.3028282828282824,6.402626262626263,1.93766644010101,38.33672865388581,69.3097195629767,13.899330018388603,4.89722681359045,7.13588001224365,3.1153811279808186,11.360083860701208,7.683308333333334E8])
(1.0,[2.379183673469387,6.92551020408163,1.874604591122448,39.566306543235854,72.07832602566799,14.747723284307021,4.841957517700958,7.098163265306122,3.145568547834236,11.771295157574954,5.785784285714285E8])
(1.0,[2.034949494949495,6.464848484848487,1.7750477271717169,38.482957905586474,69.52146604823749,16.900604651804173,4.837012549739823,6.950762167125806,3.426238007270687,11.658025121266162,6.459838E8])
(1.0,[2.1013131313131317,6.234545454545455,1.7915572617171716,35.86764213564214,71.89658014842301,16.112933641052763,4.707940006121824,6.9029017447199275,3.2660874080665225,11.4981969178296,5.387535E8])
(1.0,[2.3537755102040827,6.557142857142857,1.8854452842857146,33.624792815064154,69.26552783505153,16.761399946738212,4.539108704706373,6.98195335276968,3.3891634268804665,11.591740347365045,8.759704E8])
(1.0,[2.3640404040404026,6.275454545454545,1.6664977158585854,38.26312840651412,80.7762597402597,19.162865119508655,5.169376594225077,7.753663911845731,3.574495673190491,12.21422049447421,4.755453333333333E8])
(1.0,[2.1696969696969695,7.01959595959596,1.6001844944444445,41.98016011131725,81.3685426922284,14.394446929765786,5.351802877257422,7.571915110702988,3.109224809652076,12.32882756137024,3.6614753846153843E8])
(1.0,[1.8453061224489795,7.505918367346937,1.4104008896938773,34.03015712181778,64.0759666736798,12.797164194143866,4.352174094127449,6.469720949604332,2.8594107556247406,11.56092568547473,3.75E8])
(1.0,[-2.26,14.71,-0.61291564,0.0,0.0,0.0,0.0,0.0,0.0,14.895212841102897,0.0])
(0.0,[3.6557142857142857,9.45479591836735,0.04642036979591837,10.603107216494841,13.004513875447088,2.6472211046277256,2.4950145772594756,2.8923219491878407,1.2244017532361513,10.696952839719927,6.30005E8])
(0.0,[3.7777551020408158,9.290510204081631,0.056844100775510255,13.731221712602563,12.080809015358717,2.4147366285844387,2.7349645980841313,2.663032069970845,1.2727281783148692,10.638245068945597,6.00036E8])
(0.0,[3.966464646464647,9.352424242424245,0.10744940545454544,11.471800639043499,10.872849165120599,2.8430867034717773,2.7265177022752773,2.6792653810835634,1.2983202778145086,10.703725326799418,2.149933E9])
(0.0,[3.690714285714286,9.247551020408162,0.11396617442857145,10.032726288659793,12.145276414895857,2.6152689787880274,2.516720116618075,2.787655143690129,1.2013078677667637,10.48993071670979,6.10047E8])
(0.0,[4.017525773195877,9.254226804123713,0.106575713298969,6.9927292310996565,10.028910073024058,2.0077625717677914,2.1718333510468697,2.459171006483155,1.0767616664895303,10.468115081709199,0.0])
(0.0,[3.9414141414141417,9.371515151515156,0.02159995046464648,12.057689816532678,12.783508905380335,3.2767127001031815,2.777530864197531,2.9052280379553106,1.3444190719383733,10.792617607423379,0.0])
(0.0,[3.918865979381444,9.114020618556703,0.12974434428865986,11.613972658934706,13.047203457903786,3.212602120899575,2.7051525135508547,2.876022956743544,1.372445830424913,10.507879378478544,1.050019E9])
(0.0,[3.9490816326530602,9.161938775510206,0.2983968060000001,10.044917704607617,10.01113743951189,2.877898125390611,2.52722615576843,2.4756393169512725,1.3318726059591839,10.535537564690095,0.0])
(0.0,[3.8907368421052624,9.267263157894739,0.05605848073684211,9.552732430011204,11.13076477043673,3.1982033410013027,2.4778903047091414,2.6175202216066493,1.304791582116343,10.616432623794909,6.420044E8])
(0.0,[3.8993814432989686,9.234536082474227,0.17987283101030924,12.926320446735401,11.117193792955327,3.237027407968385,2.7205611648421724,2.707618237857371,1.4056679414972904,10.696725270035804,0.0])
(0.0,[4.021734693877548,9.19908163265306,0.1713662026326531,11.140909330948872,10.478882653061227,3.6690662679255315,2.6689483548521458,2.5633111203665133,1.446462773157018,10.700760851378332,8.66679E8])
(0.0,[3.945252525252527,9.416363636363636,0.002063692080808051,10.47400274170274,10.08326827458256,2.8715630559946304,2.529037853280278,2.4754637281910012,1.2880004534700538,10.771363353114014,6.60064E8])
(0.0,[3.946262626262627,9.152323232323232,0.08185966331313138,12.007303236446097,11.219285363842502,2.987793690952032,2.8212243648607283,2.5863258851137636,1.3665901837216614,10.594043825995138,2.150025E9])
(0.0,[3.8419191919191924,9.220909090909087,0.07456796218181821,11.475946279117705,11.392018552875696,2.8626583253679616,2.691674318947047,2.674123048668503,1.313176073924702,10.570323392857137,0.0])
(0.0,[3.968163265306122,9.020510204081639,0.22278997365306127,9.913852261729431,11.097683242162844,3.6341871090074203,2.494506455643481,2.5468992086630577,1.3661248482423987,10.444407026429943,1.0699866666666667E9])
(0.0,[4.025714285714285,9.307755102040815,0.15718993291836728,11.129018556701038,10.133349547654111,3.027697990185681,2.6239941690962114,2.53661807580175,1.3423785909679298,10.734076397882934,7.16675E8])
(0.0,[3.965670103092784,9.365876288659793,0.03861439039175257,10.988868556701028,11.388828651202756,2.9680082039470954,2.6448485492613454,2.5809756616005965,1.3646809725849722,10.783265744030723,1.8299715E9])
(0.0,[3.9452525252525237,9.22,-0.0473272604242424,10.297790496804783,10.082314285714284,2.6784998311181627,2.5241995714722982,2.463636363636364,1.2439611906397303,10.61160759921589,6.49902E8])
(0.0,[3.973711340206185,9.108350515463922,0.1701841441443299,10.157579832474223,10.248072250859108,2.841319414326064,2.480756722287172,2.4820809862897235,1.2883786511710063,10.478145691133355,1.450002E9])
(0.0,[3.8279591836734683,9.160102040816325,0.11063058281632653,9.781558678729226,13.182262876078273,3.241406553028716,2.512690545605997,2.7658329862557274,1.3442392676434816,10.513374122306406,4.49921E8])
(0.0,[3.9861999999999997,9.247099999999998,0.08131346173999998,9.867656121212121,10.505170292929296,3.3835122669452806,2.400192,2.421262,1.3530834662775997,10.633803759530798,3.249939E9])
(0.0,[3.8165656565656567,9.189898989898994,0.026827944202020133,7.83169828901258,9.288117336631625,2.537524809845615,2.2374023058871537,2.2002918069584747,1.1626198725962655,10.408572330605324,8.2501975E8])
(0.0,[3.9423711340206187,9.151958762886597,0.10938402814432988,11.460239110824743,10.294553414948453,2.668174340967784,2.7773982357317464,2.470755659474971,1.272365433359549,10.564533876781145,3.249969E9])
(0.0,[3.885714285714287,9.335102040816333,0.03863731718367344,9.215115463917524,8.477449989480323,2.387558536535913,2.465510204081633,2.1930820491461906,1.1882207574177428,10.617806063666247,1.2566426666666667E9])
(0.0,[3.975714285714287,9.108571428571434,0.05058986589795919,9.63322680412371,10.469035051546392,2.5702507364507823,2.511486880466472,2.5733819241982525,1.2066913385710114,10.466111867249424,1.63002E9])
(0.0,[3.974040404040404,9.162929292929293,0.09713096925252525,10.843659018759022,9.773837250051539,2.38923181865038,2.6637588001224364,2.412666054484237,1.2265872878767476,10.551362973068361,2.1750185E9])
(0.0,[3.922061855670103,9.248659793814431,0.08087959657731959,8.011608204467352,9.33169506013746,2.6849686165936695,2.315036667020937,2.40043150175364,1.2411467721717504,10.53372890636038,0.0])
(0.0,[3.9436734693877535,9.138877551020412,0.08672548830612237,7.775751314958975,9.36039357248054,3.0041060371536243,2.2611911703456893,2.333319450229073,1.3078426986605578,10.45654874735203,3.299988E9])
(0.0,[3.8421212121212123,9.28555555555556,0.19728867385858598,10.285635250463818,11.124696371882091,3.4749639628757887,2.621218243036425,2.4832098765432105,1.3298579058026734,10.641470504420623,9.1251375E8])
(0.0,[3.7489690721649502,9.287216494845364,0.059957618824742306,10.47636975945017,10.75222029639175,2.9961211673947257,2.5679030715272617,2.559787437559784,1.2861319899929857,10.582306585583247,1.700012E9])
