(0.0,[-0.07929292929292925,9.66171717171717,2.07001769969697,5.0545433725005156,19.53067967429396,9.4665192545159,1.7732537496173866,3.562911947760433,2.0768160668809297,10.523131318315448,9.499665E8])
(0.0,[-0.11309278350515466,9.571134020618558,2.072258660247423,3.6878320017182133,16.196099742268043,8.37003015742316,1.5044106706344993,3.3074907003932412,1.9742743742595392,10.283154565486415,1.049987E9])
(0.0,[-0.7443434343434344,9.533535353535353,2.02227770440404,6.3564431869717595,19.002578190063904,10.682427835679007,1.9411019283746551,3.655275992245689,2.1776686358036947,10.480476019931196,0.0])
(0.0,[-0.8409183673469385,9.54632653061224,1.9845402461836732,5.2960187355354496,15.950505954134233,9.312269218903836,1.7434610578925454,3.29759266972095,2.035481826039566,10.4025934478429,1.5499575E9])
(0.0,[-1.0304040404040404,9.581212121212126,1.817697312545455,4.484342692228407,16.93008627087199,7.808238095400892,1.5618304254667896,3.3373431282522183,1.8503411100679525,10.336755715620018,1.389974E9])
(0.0,[-1.1182558139534895,9.538953488372096,1.877707465302326,5.322195745554035,15.841880068399457,9.23267671475918,1.740540832882639,3.3373985938345045,2.035369069295835,10.354748666238262,1.900024E9])
(0.0,[-1.0512121212121213,9.498888888888885,1.8893761131313143,5.429333209647498,15.732967120181414,9.708384028199855,1.7154392408937862,3.2944781144781152,2.012912567962453,10.316375353154333,1.275009E9])
(0.0,[-1.0339393939393942,9.534141414141413,1.8274654355353535,4.063830241187383,16.528995938981655,8.023811918015975,1.5065258647076825,3.3012917049280683,1.8855641835392312,10.297777706772646,1.5500185E9])
(0.0,[-1.045581395348837,9.657790697674422,1.8805582488372095,5.180730834473324,15.82744094391245,9.299093615845688,1.7614223904813413,3.3251541373715527,2.00308981595457,10.453658568478,1.900024E9])
(0.0,[-1.2119191919191914,9.575959595959592,2.0225528216767685,5.6031993403421945,14.396901875901879,9.175062868429997,1.840228548107336,3.1839649015406586,1.8701747427858388,10.432127188698354,0.0])
(0.0,[-1.2641836734693874,9.589795918367345,1.953408033979591,5.5451091205554395,17.326892741426473,11.21822624485677,1.872161599333611,3.5293960849645982,2.1025199240149943,10.474845129321789,1.0166523333333333E9])
(0.0,[-1.2338383838383844,9.521010101010104,1.9314753803434332,5.410460626674911,15.989152030509175,10.079516289808534,1.8160759106213658,3.316737067646158,1.9226244454276094,10.375732601651567,1.5500185E9])
(0.0,[-1.2754545454545456,9.588686868686871,1.9146907064040406,6.017965862708722,16.598131931560506,9.483340862241024,1.8436363636363642,3.3292051831445764,1.9331471776781963,10.427561829111355,2.870026E9])
(0.0,[-1.26,9.552959183673469,1.9136588562857144,6.040657731958763,15.55226228697664,9.489582710788962,1.8614285714285714,3.3338817159516867,1.9144927597959185,10.416247623193454,1.899994E9])
(0.0,[-1.2580808080808077,9.49747474747475,1.9014830942424243,5.7112217893217885,14.971008864151713,10.308327562662086,1.8620324456688089,3.189876543209877,2.030111378157331,10.36345071659324,1.1999916666666667E9])
(0.0,[-1.336767676767677,9.461212121212117,1.8348947436363636,6.430379241393522,17.310459740259738,10.934206969345398,1.9797122742577284,3.4410529537802277,2.0500173021120287,10.370301969246116,1.9499815E9])
(0.0,[-1.31680412371134,9.54092783505154,1.7467744840824737,5.941207388316151,16.607066838487967,9.42122916503363,1.9117738335636087,3.3730640875757247,1.9263245200161543,10.372139077238785,0.0])
(0.0,[-1.333877551020408,9.57061224489796,1.8618181334285713,5.518933263202184,17.403768693456765,10.821683384374703,1.8309620991253646,3.4642607246980415,2.09334703257726,10.448323120094837,0.0])
(0.0,[-1.301212121212122,9.600808080808081,1.9948994024646467,4.228394434137291,17.222593217893216,10.364123305857582,1.637759412304868,3.41431894704622,2.008182052752983,10.417018039397655,1.036672E9])
(0.0,[-1.2664646464646463,9.647070707070705,1.952112267939393,5.700878190063903,15.80942500515358,10.944299466792394,1.8999816345270883,3.240973370064278,2.0054638373810842,10.546449070238767,1.949951E9])
(0.0,[-1.3165306122448985,9.534387755102038,1.9939911101632657,5.488808457816115,16.93068467283821,9.958858185199796,1.8629737609329446,3.4583152852977928,1.9669659923256975,10.382104999829563,1.0166323333333333E9])
(0.0,[-1.4513131313131313,9.568686868686866,1.973849775616161,6.565854380540094,19.65033601319315,12.20881416568721,1.990496888072646,3.701581471278441,2.194959115688604,10.584566956276468,9.849855E8])
(0.0,[-1.3557575757575755,9.570606060606059,2.1028991472323226,4.941300185528757,14.660613914656771,10.189151978054111,1.7866299357208448,3.186244260789714,1.960671363517192,10.433971421232997,2.039978E9])
(0.0,[-1.3673958333333338,9.4734375,2.0126901317291668,5.35621525219298,16.691191217105267,9.831659086795026,1.8037369791666673,3.38794921875,1.961424658013889,10.325906154603999,3.060058E9])
(0.0,[-1.3999999999999995,9.492121212121216,1.9372537021616167,5.49349387755102,14.74118218923934,8.309786573833131,1.836161616161616,3.127395163758803,1.7864404286872768,10.334652503569407,5.500335E8])
(0.0,[-1.3487878787878793,9.568383838383841,1.9298243942828286,5.908539332096476,16.269527973613688,10.30535439841258,1.8643097643097641,3.3131802877257424,1.941249025918171,10.449293268064798,1.5299883333333333E9])
(0.0,[-1.4238383838383843,9.688686868686869,2.0940940579393956,6.468203483817771,14.966331931560502,11.200722981080334,2.020783593510867,3.1832241607999183,2.11750615616284,10.65064266681981,9.499916666666667E8])
(0.0,[-1.3614285714285717,9.746122448979595,2.0039979082653065,6.126577319587629,15.477869345676414,11.139785534094422,1.9281049562682218,3.227505206164099,2.082307818417326,10.666251018711431,1.05750275E9])
(0.0,[-1.431616161616161,9.523737373737378,1.8028387560606063,6.23097287157287,17.09139915481344,10.062774175317328,1.9626691153963878,3.44771553923069,1.991997750658096,10.415921912781888,1.5099945E9])
(0.0,[-1.3760824742268045,9.461752577319585,1.9023553750103093,5.629565743127146,16.612270854810994,10.705919389862785,1.9076777553406314,3.337914762461475,2.0032261396815816,10.344738889233843,1.4500885E9])
(0.0,[-1.4166666666666663,9.671111111111111,1.845213172626263,6.800383673469388,16.487493650793652,10.451712937115829,1.9985858585858585,3.368552188552189,1.998609898334864,10.58030115391577,4.700134E8])
(0.0,[-1.3503061224489794,9.4534693877551,1.8433333962857146,5.848040111508522,17.025868251630556,10.274901816487787,1.934431486880466,3.405839233652646,2.030966303259475,10.318624460112039,5.249635E8])
(0.0,[-1.507525773195876,9.518247422680414,2.0829302812371133,6.21420631443299,16.78540627147766,11.728330653939222,1.950130725900733,3.3857965777447125,2.1170991194685937,10.498482686853976,1.3266703333333333E9])
(0.0,[-1.428787878787878,9.634646464646467,1.9137276491919188,5.346369944341373,17.05615574108431,9.518434440925214,1.8048668503213958,3.3740944801550863,1.976686152135496,10.468139655200222,4.999545E8])
(0.0,[-1.315454545454545,9.493232323232322,1.888550632626263,5.8876413729128,16.005252710781278,11.004236756419283,1.938898071625344,3.3947862463013965,1.9985681903703707,10.39362879521068,5.249785E8])
(0.0,[-1.3303030303030299,9.610808080808086,1.9018958401616162,5.908800927643786,17.685115666872804,10.589330593623139,1.9510560146923788,3.4476033057851234,2.0168120479404132,10.491947643368219,9.875260000000001E8])
(0.0,[-1.3349494949494947,9.455353535353533,1.79664768030303,6.312286477015046,16.354208802308793,10.349527817516618,1.9690378532802773,3.311251913070095,2.109015171870218,10.349415786431912,1.296651E9])
(0.0,[-1.3602061855670105,9.516288659793819,1.958802596412371,5.658258290378007,18.920398582474235,11.105221349307476,1.7501307259007333,3.557923264959082,2.0031364047988096,10.447188536122175,5.35004E8])
(0.0,[-1.3839393939393931,9.506565656565659,2.0133350319191923,6.118605751391465,17.153063595135023,9.826141036186462,1.9392837465564736,3.411619222528315,1.9789151997388026,10.414293026247442,1.030029E9])
(0.0,[-1.3092999999999997,9.651200000000001,1.9189707873,5.609681323232323,15.625503595959596,9.580595426453852,1.8314159999999995,3.249351999999999,1.8765079866680008,10.496431750435892,1.099945E9])
(0.0,[-1.4430612244897956,9.563571428571425,1.8387469413265305,6.1926193982747755,18.92021288659793,10.521256715203036,1.9066389004581423,3.5737609329446065,2.0283199451478557,10.470679965512034,1.016683E9])
(0.0,[-1.3834343434343435,9.560303030303032,1.9426192947474747,5.504467676767679,15.671449907235623,9.473900432974682,1.8224772982348738,3.2554576063666976,1.9055284767595149,10.409492659982963,9.79965E8])
(0.0,[-1.405102040816327,9.534897959183672,1.8716859476530614,6.1450932884494,18.595126278140125,10.4585565973216,1.8696001665972515,3.5524573094543936,2.0090069680987095,10.440219693540428,9.75006E8])
(0.0,[-1.3526262626262628,9.714848484848483,1.9503237173131311,5.61002976705834,15.669731354359927,9.78665773819049,1.9342842567084984,3.319455157636976,1.9474275941687582,10.56626698068607,6.666766666666666E8])
(0.0,[-1.3547474747474746,9.584141414141415,1.9091875195353532,5.6908721294578415,16.619151041022466,9.793163659169895,1.9338557290072438,3.4279726558514434,1.9683007364713796,10.438594274744887,8.100036E8])
(0.0,[-1.3822448979591837,9.629591836734695,1.8918385192857141,6.607236145592259,15.294226635808963,10.55606300344957,2.042973760932945,3.236759683465222,2.0207808442274047,10.557286116442688,7.62474E8])
(0.0,[-1.4196969696969697,9.461414141414146,1.9760510476767676,5.783211131725418,18.814630632859206,10.250738218650437,1.827548209366392,3.594906642179369,2.0372543735006636,10.389710435537394,1.333435E9])
(0.0,[-1.3797938144329895,9.459175257731957,1.7724705956907212,6.640939540378007,19.887495146048117,9.432281133922462,1.969873525348072,3.611416728664045,1.8142783583709212,10.349093354738484,8.0E8])
(0.0,[-1.2954081632653054,9.548979591836737,1.7739807950612243,6.594363233747107,17.87867111298127,10.205225453326955,2.034029571012079,3.5302457309454374,1.9766749346438977,10.487737039367923,1.00006E8])
(0.0,[-1.3341237113402065,9.607422680412373,1.9215923472164949,5.952968234536084,16.754844329896915,10.431830141078356,1.876150494207674,3.331829099798066,2.0723368379764056,10.530707871540999,9.766743333333334E8])
(0.0,[-1.2737755102040815,9.560510204081632,1.716163806081633,6.435031990321902,15.574751283399955,9.144602360601043,1.9863556851311954,3.2266118284048297,1.9143537655951688,10.429907670649579,1.0200296666666667E9])
(0.0,[-1.410412371134021,9.605979381443298,1.8433806621649484,6.19703524484536,17.17212012457045,10.162943955267085,1.921515570198746,3.4480624933574227,1.9882204425167391,10.513510826702799,9.766743333333334E8])
(0.0,[-1.4315151515151516,9.621111111111109,2.0233783057575763,6.237415027829315,16.052807936507946,11.931703832378783,1.9265013774104687,3.2654769921436593,2.1237347406856437,10.609632499789814,1.100006E9])
(0.0,[-1.43030612244898,9.542142857142858,1.766058761183674,7.030858668209553,19.410513917525765,12.934811179434979,2.0909371095376943,3.5795626822157427,2.262594467508539,10.57737962799619,7.5251775E8])
(0.0,[-1.478585858585859,9.410000000000002,1.718915430949495,6.2238938981653265,24.365514285714283,14.200175227137631,1.994214876033058,4.104242424242424,2.368598098847873,10.533877646708897,1.4999695E9])
(0.0,[-1.4709090909090907,9.57535353535353,1.8538806679393942,6.635385899814472,19.545937373737377,12.773428743348973,2.0076400367309466,3.5975002550760125,2.1999842554857665,10.59537048470875,1.08250425E9])
(0.0,[-1.3776767676767678,9.585555555555555,1.8925404312929295,6.070273118944552,16.50007188208617,10.249506560069722,1.9663075196408533,3.402671156004488,1.9783398701707993,10.485096349495798,8.120056E8])
(0.0,[-1.375463917525774,9.603195876288655,1.9291748019381438,5.789425042955327,14.436999054982813,10.181604685327835,1.8617345095121691,3.1219428207035818,2.0180001921760025,10.503557343056734,1.5249935E9])
(0.0,[-1.3493814432989695,9.61690721649485,1.838746937216495,5.6788621134020625,16.144813251718215,9.519018157526014,1.93251992772877,3.296796684025933,1.8717446842427465,10.479105211452817,1.00036E8])
(0.0,[-1.315656565656566,9.603838383838385,1.8871748586868686,5.07004726860441,13.387966749123892,9.243540119843681,1.766952351800836,3.0078706254463814,1.9517606827038065,10.422599620662524,1.01502225E9])
(0.0,[-1.3731632653061228,9.558571428571426,1.796774013979592,5.478568241110874,16.49176082474226,9.43251055398241,1.87594543940025,3.3322448979591837,1.8955030949958356,10.40813838528241,1.3533526666666665E9])
(0.0,[-1.2866666666666673,9.619898989898983,1.948122471616162,5.559181632653062,13.761821418264274,9.359350904687666,1.8073400673400672,3.0712131415161705,1.8941497147189055,10.499207495193371,1.3833313333333335E9])
(0.0,[-1.3330303030303026,9.591212121212129,1.8731417461414135,5.929196846011135,13.315357699443414,8.180822213903955,1.8750045913682274,3.044456688093051,1.8721759223099685,10.43921849971149,2.050003E9])
(0.0,[0.9785858585858584,9.670808080808088,1.4880573950909088,4.248479612451039,15.775285054627908,9.993754895075826,1.7357698194061824,3.246909499030712,1.9546317895280074,10.408726708406757,9.9975E7])
(0.0,[0.8894845360824742,9.6580412371134,1.4695933818144327,5.013344523195878,18.60723258161512,10.871725353657224,1.846727601232862,3.571257306833883,2.0497399973786807,10.489537732600011,9.62024E8])
(0.0,[0.8697,9.526400000000004,1.4286382681000003,5.425077686868687,16.906176808080808,10.94742793044848,1.8887360000000002,3.444944000000001,2.0339292381579996,10.344748307897492,4.750215E8])
(0.0,[0.9163265306122449,9.667755102040815,1.2780889537346936,6.6257492531033035,20.341524805386076,12.371012177175587,2.1120616409829243,3.6948313202832153,2.1347923655472716,10.635746193972352,4.399902E8])
(0.0,[0.8276530612244897,9.587040816326528,1.272807593020408,5.872745981485379,18.949897338523034,11.457979625061762,1.979897959183674,3.60777384423157,2.1140129682507287,10.455241156071551,2.00012E8])
(0.0,[0.8002040816326531,9.698979591836732,1.4230483601020414,6.5639772775089416,17.58701338102252,12.27124963527252,2.110999583506872,3.412736359850063,2.082894910935027,10.604885541855172,6.249845E8])
(0.0,[0.5252525252525254,9.559393939393937,1.429998943676768,5.094745598845598,19.3034547309833,10.202008025187359,1.8488154269972452,3.62383226201408,2.019496925183961,10.341624843767903,5.125045E8])
(0.0,[0.5063265306122449,9.58510204081632,1.514638262387755,6.598786366505365,18.43321081422259,11.609687469256475,2.071245314452311,3.5707122032486476,2.0561222582640575,10.503713680485012,5.37494625E8])
(0.0,[0.40131313131313134,9.822525252525255,1.3089291711111108,6.401393156050298,19.752523149866,11.078496468664357,2.023171104989286,3.730680542801753,2.145124853647588,10.6589314709386,4.3751525E8])
(0.0,[0.40656565656565663,9.728787878787873,1.3779939773131311,5.996851350237064,18.122404638218924,11.053723207963671,1.9227303336394252,3.5192531374349545,2.0883477186976833,10.534406937328699,1.1033223333333333E9])
(0.0,[0.22163265306122443,9.683979591836735,1.4097059749591836,6.04049215232485,20.290669566589518,11.913851019259953,2.097584339858393,3.6498979591836735,1.9746724459500202,10.542472675027778,1.4249725E9])
(0.0,[0.2192929292929293,9.702626262626264,1.3243380365656563,5.9168474541331655,16.23051548134405,11.80455711247881,2.0128497092133455,3.3080971329456186,2.1707924012978257,10.490786955796102,0.0])
(0.0,[0.0562886597938144,9.727731958762888,1.5574937772164954,6.115021499140894,18.153438552405493,13.82694419290666,2.0170751408226155,3.5463492400892758,2.249373861149964,10.651080076352612,6.875E8])
(0.0,[0.057474747474747366,9.692626262626261,1.3606589776767675,6.113606823335396,18.4595032364461,12.296947930978439,2.026187123762881,3.5633445566778907,2.1143293412712985,10.55965116256353,5.700012E8])
(0.0,[0.04828282828282826,9.677878787878786,1.4257339894747474,5.54766130694702,18.77693116883117,10.760197800695707,1.9349637792062033,3.5809305172941532,2.004688396809305,10.524775282756602,9.749755E8])
(0.0,[-0.12060606060606059,9.667272727272728,1.4059225841414138,6.313630241187381,17.13750575139147,10.552171718157858,1.9691215182124273,3.387952249770432,1.9981707747515556,10.450397686227813,9.59961E8])
(0.0,[-0.10060606060606067,9.64474747474747,1.4513237025252526,5.588740445269014,19.995339476396616,11.894612464405881,1.9497275788184874,3.759351086623814,2.0930698545250497,10.505010385391937,5.15007E8])
(0.0,[-0.04656565656565655,9.646868686868684,1.4437568431313135,5.436118697175841,18.033036013193158,10.05401120304176,1.8817773696561584,3.5222405876951326,1.9272104032527302,10.422236445577376,9.749755E8])
(0.0,[-0.1340816326530612,9.64214285714286,1.5692586388775516,5.374273890174627,20.80141701030927,10.151331488339201,1.8771886713869226,3.7812536443148685,1.8937644125926703,10.405143459587347,6.75003E8])
(0.0,[-0.09454545454545457,9.546767676767672,1.517636919858586,5.887694434137291,17.363581282209857,9.364748056299115,1.9331680440771346,3.4759922456892136,1.8985188663654728,10.316981133391378,1.199982E9])
(0.0,[-0.03835164835164834,9.726153846153844,1.4946460604395606,7.1942650305250275,20.65209282051282,11.26896076417406,2.2132423620335717,3.840253592561285,1.981738369810409,10.567631509131884,6.02002E8])
(0.0,[-0.1163265306122449,9.582857142857144,1.5124145242448983,5.845450284031138,17.511496907216493,9.625962470645323,1.9765306122448973,3.489795918367347,1.9420199087180343,10.36255650147887,1.199982E9])
(0.0,[-0.1496703296703296,9.708681318681318,1.5590059521978021,7.255614334554337,20.322909352869353,11.249314866333732,2.199666706919455,3.8276488346818027,2.044157439161937,10.575808266171899,5.125045E8])
(0.0,[-0.09636363636363643,9.784444444444444,1.4653567896363635,6.8860192949907235,18.185663718820855,12.3492494297865,2.138494031221304,3.534702581369248,2.179277857623508,10.672491873102315,2.909912E9])
(0.0,[-0.23765306122448984,9.704591836734693,1.4316653371428574,7.223626393856512,19.619969419314124,11.688306973092027,2.117725947521865,3.655832986255726,2.131371705889214,10.572894642876209,9.8750325E8])
(0.0,[-0.2535353535353535,9.635353535353534,1.4199556573333338,5.585188394145536,18.375676149247578,11.348025033268506,1.9131251913070093,3.4907682889501066,1.9800853331986537,10.396021251764285,1.954987E9])
(0.0,[-0.246326530612245,9.730918367346936,1.4466754974897957,5.435479150010517,17.57192389017463,10.824475102115155,1.9159933361099535,3.4965951686797165,1.9752482263852569,10.514185986805948,5.457241428571428E8])
(0.0,[-0.22979591836734695,9.611428571428574,1.4822551956530616,5.077725731117188,17.74731546391753,9.547523159327516,1.829783423573511,3.458367346938776,1.9186395563436067,10.328000649270285,5.63751125E8])
(0.0,[-0.21505050505050494,9.823535353535352,1.4445823305454546,5.506245660688519,16.994404720676155,9.725953899015396,1.9455055606570757,3.459922456892154,1.8834435184132228,10.564305330531889,6.200038571428572E8])
(0.0,[-0.24262626262626266,9.744343434343437,1.497825499555556,6.449856297670585,17.319200329828902,10.59124199498418,2.0670013263952662,3.495349454137334,1.9470384892031432,10.550668124224476,1.510025E9])
(0.0,[-0.2950515463917527,9.704329896907213,1.5903511146185567,5.476473174398624,16.6186852233677,10.735199979014334,1.8928366457646937,3.4049038154958025,1.9722188238992464,10.493846404768124,1.524994E9])
(0.0,[-0.333265306122449,9.783265306122454,1.5741230456530613,5.622424279402484,17.03750262991795,10.199866386395524,1.916322365680966,3.4649687630154093,1.9254327165476892,10.566406505313507,1.524994E9])
(0.0,[-0.39757575757575764,9.60111111111111,1.5678533807070705,6.416581818181821,15.94057732426304,9.448993762178473,2.039173553719007,3.2135802469135797,1.994624276657484,10.412458521176147,8.25012E8])
(0.0,[-0.4533333333333334,9.634646464646465,1.5670278697373732,5.987706122448978,15.227288394145544,9.931520402685443,1.9076094276094275,3.2173125191307017,2.015819785459443,10.424979014212022,6.150055E8])
(0.0,[-0.49707070707070705,9.678787878787876,1.4928726467676765,6.761863780663778,17.92881076066789,11.312771313651606,2.0947842056932964,3.4775880012243645,2.1289516306336096,10.548840174896078,5.000305E8])
(0.0,[-0.4195959595959595,9.657878787878786,1.4679707984242425,8.187805957534534,16.894927087198514,11.211521347200465,2.2692643607795113,3.4170186715641258,2.097564097988368,10.590656804685825,2.0E9])
(0.0,[-0.4938383838383841,9.633636363636361,1.4235327059393938,7.048630014430011,20.325121335807054,12.115704244082696,2.082820120395877,3.7979981634527085,2.2562916927701258,10.524267162487753,0.0])
(0.0,[-0.7538383838383838,9.688383838383837,1.4063352874141413,7.746101443001441,23.437997361368787,12.832306059967777,2.234971941638607,4.090352004897459,2.2345346970390785,10.678050564513798,6.857081428571428E8])
(0.0,[-0.8454081632653062,9.362448979591845,1.4465365045918366,8.030223027561538,27.30455270355564,12.342302311735121,2.3885797584339863,4.429591836734693,2.308073120553936,10.52270864445513,1.2866616666666667E9])
(0.0,[-0.7940404040404041,9.400707070707073,1.3700143564848486,8.643287590187589,22.016376025561744,12.652045918403108,2.3547107438016526,3.9183042546678903,2.3789679125485153,10.45964977540633,1.1666666666666667E9])
(0.0,[-0.8264285714285713,9.71581632653061,1.4498721066326528,8.730955154639176,20.038453450452348,13.617961752619903,2.2636151603498544,3.7121428571428567,2.379890563296544,10.747095437888428,8.8751975E8])
(0.0,[-0.8615151515151517,9.566565656565654,1.389275448080808,8.746727272727275,20.501853391053398,12.000759645679045,2.4163697581879404,3.8041444750535653,2.193839030066319,10.627040724835144,1.6500245E9])
(0.0,[-0.8971134020618561,9.622886597938143,1.5473838176288666,7.6281394974226835,16.06698949742268,11.657256722738502,2.110985226910405,3.306389626952917,2.274304178548198,10.589386128955892,2.600006E9])
(0.0,[-0.9687878787878788,9.719595959595955,1.681356233434343,8.600257699443418,19.68251207998351,13.77257311435055,2.3286501377410485,3.7163758800122437,2.4224651972186506,10.842994742024349,2.385025E9])
(0.0,[-0.899285714285714,9.571428571428573,1.5029636572448979,6.954666494845363,16.9026,11.524863712304914,2.011064139941692,3.3631778425655976,2.1954116879633485,10.47481794373547,6.99997E8])
(0.0,[-1.073979591836735,9.380612244897963,1.563143373061224,6.749745855249317,20.507702714075315,11.80509976339142,2.098629737609329,3.7252811328613076,2.148231191378592,10.337357131139163,1.0033263333333334E9])
(0.0,[-0.8671134020618558,9.678247422680414,1.6965055572989696,4.608210330756015,14.95356668814433,8.040754554553892,1.6086300350728024,3.233013072590074,1.7796520629244341,10.358543066486913,2.870056E9])
(0.0,[-1.9923076923076923,8.508000000000001,1.2306508073846154,6.013327403846155,15.385497500000003,19.967527566573697,1.962863905325444,2.9940307692307697,3.7003116061727805,10.523360325470792,4.99875E7])
(0.0,[-1.484343434343434,8.964242424242425,1.3261265672121216,5.16241869717584,14.218871614100182,14.930025637289848,1.7676808488929703,2.942699724517907,2.9138788945197436,10.40530648178683,4.99875E7])
(3.0,[5.616701030927837,2.827319587628866,7.838865979381442,0.007780670103092822,0.0068031572164948435,0.003383075601374562,0.0634031246678714,0.05394197045382079,0.04382612392390255,10.049965993693078,8.49975E8])
(3.0,[5.605824175824174,2.823626373626375,7.842747252747254,0.0012845909645909672,8.322588522588383E-4,0.0010557020757020544,0.026508875739644732,0.02127279314092444,0.028288854003139463,10.045332452722366,0.0])
(3.0,[5.59882978723404,2.8424468085106387,7.848936170212765,0.001442701898878967,8.767444520704624E-4,9.257378174330774E-4,0.02741285649615311,0.024187415119963893,0.02504300588501622,10.05158554326939,0.0])
(3.0,[5.596736842105265,2.809263157894737,7.841999999999999,0.0017945576707726755,0.0014664725643897011,0.0014310638297872459,0.0265019390581712,0.0293761772853186,0.03010526315789492,10.03571485764302,0.0])
(3.0,[5.613571428571428,2.7579591836734703,7.835612244897961,0.002402577319587642,0.006538060172522621,0.002845497580475466,0.037798833819242136,0.05552269887546819,0.041913785922532164,10.026199042852577,0.0])
(3.0,[5.716562500000002,2.6906249999999994,7.813229166666663,0.00900174342105266,0.009170131578947348,0.003939989035087742,0.06668619791666709,0.07462239583333331,0.044431423611111846,10.04901493327086,0.0])
(3.0,[5.7333333333333325,2.6062499999999993,7.813541666666667,7.971929824561371E-4,9.878947368420956E-4,0.0010210087719298231,0.024861111111111157,0.023151041666666334,0.026553819444444526,10.03577693552886,0.0])
(3.0,[5.829587628865981,2.5244329896907223,7.780618556701031,0.004966494845360851,0.005193685567010342,0.0026641967353951868,0.0541013922839833,0.05469869274099246,0.0387926453395683,10.045123909185362,0.0])
(2.0,[3.3956122448979587,9.409999999999997,-1.929795918367347,0.00905993057016623,0.003395876288659783,0.012509236271828319,0.07243648479800098,0.04836734693877555,0.09140774677217826,10.189447935315394,5.051508247422679E7])
(2.0,[3.491515151515152,9.362121212121211,-1.922020202020202,0.026904823747680932,0.0042862708719851724,0.008759142444856732,0.1262381389654117,0.05342516069788804,0.0742842567084991,10.176924579451665,5.0306979591836736E7])
(2.0,[3.5268367346938776,9.342653061224492,-1.9381632653061223,0.011221849358300026,0.005174332000841604,0.013730612244897949,0.08129529362765506,0.05356101624323283,0.08517700957934192,10.173862377425339,5.051508247422681E7])
(2.0,[3.528631578947369,9.315999999999999,-2.069263157894736,0.005684277715565508,0.003264680851063889,0.009974983202687583,0.0560731301939055,0.044884210526315714,0.0779058171745154,10.175355937537793,5.202922340425531E7])
(2.0,[3.3716161616161613,9.387070707070711,-2.0008080808080804,0.01675042259327975,0.013490311276025504,0.024062605648319944,0.09897969594939308,0.08537292113049721,0.11901438628711349,10.175252179237056,5.092754639175258E7])
(2.0,[3.3639393939393947,9.393333333333336,-2.0149494949494944,0.019091465677180043,0.01791020408163262,0.028164028035456628,0.10709519436792168,0.10107744107744103,0.13147025813692476,10.181723186837324,5.0927546391752586E7])
(1.0,[0.5030303030303028,9.232323232323235,-0.798282828282828,67.30065398886826,83.33645883323027,25.725663347763355,7.082252831343738,7.679204162840524,3.7065891235588215,14.99490865911742,2.0261152173913047E8])
(1.0,[3.8499999999999988,9.359494949494948,-0.435959595959596,54.24117959183669,74.86356606885175,24.83604473304473,6.4626262626262605,7.090864197530864,3.761459034792368,15.06602345222119,2.4684063157894734E8])
(1.0,[3.7367346938775508,8.798877551020414,-0.6816326530612244,61.500566547443725,80.62408429413001,23.45607565747948,6.869037900874634,7.57366305705956,3.7580299875052066,14.93793022432212,2.4158515789473683E8])
(1.0,[3.9915151515151512,8.873939393939393,-0.5689898989898992,68.74175380333946,86.79153636363638,25.24327856112142,7.007719620446892,7.846813590449955,3.8925966738087956,15.623251246382878,2.5555588888888893E8])
(1.0,[4.1340206185567006,8.918969072164948,-0.6222680412371133,63.31810762457044,81.87052392611689,21.751569802405502,6.857007120841744,7.591642044850675,3.6138101817408876,15.18051245574428,2.2904604761904764E8])
(1.0,[3.835208333333334,9.16104166666667,-0.6842708333333333,57.839745219298244,79.34429574561403,19.426262620614033,6.638723958333335,7.538389756944445,3.404450954861112,14.997023306576859,2.849998125E8])
(1.0,[3.6430303030303026,8.743838383838387,-0.5296969696969697,60.11049480519481,83.5936075654504,18.783266233766238,6.87905723905724,7.728105295378022,3.403746556473829,14.796955293857325,2.447365263157895E8])
(1.0,[3.689090909090909,8.748989898989901,-0.82010101010101,50.68424508348795,84.76879488765202,19.137521418264278,6.341799816345268,7.682314049586779,3.441918171615141,14.68285652725543,1.9869465217391306E8])
(1.0,[4.313402061855672,8.795463917525778,-0.4401030927835052,53.19883934707904,85.983291709622,23.97018436426116,6.364731639919226,7.884113083218194,3.917625677542778,15.179410515614014,2.5737563157894737E8])
(1.0,[4.384747474747476,9.237777777777778,-0.578888888888889,51.270510904968035,80.9356072562358,20.463026303854875,6.270694827058463,7.540538720538721,3.449315375982042,15.054134419143184,2.4600065E8])
(1.0,[3.7654639175257736,8.862680412371136,-0.8451546391752577,51.641766709622,87.23377607388312,19.590698152920965,6.318433414815603,7.810472951429479,3.549731108513126,14.857691161467983,2.2475614285714284E8])
(1.0,[3.859795918367347,8.897040816326529,-0.4631632653061224,53.705212329055385,79.35172208079106,21.14219710709026,6.590020824656392,7.364931278633902,3.4880924614743853,14.671480300277162,2.682369411764706E8])
(1.0,[4.300102040816326,9.189795918367349,-0.5713265306122447,50.27078040185147,83.37258140122029,20.820302345886805,6.129677217825905,7.698392336526449,3.3791920033319447,15.140920697823677,2.3000485E8])
(1.0,[3.940707070707071,9.26616161616162,-0.7524242424242421,53.84558622964335,76.5116728715729,16.71258589981447,6.42508723599633,7.389703091521273,2.99614937251301,14.691244586214204,2.605522777777778E8])
(1.0,[4.351836734693876,9.08918367346939,-0.33612244897959176,51.67244401430675,78.06849417210182,21.273949758047547,6.265414410662225,7.390966264056644,3.314997917534361,14.897888214338378,2.426324210526316E8])
(1.0,[3.881717171717171,9.140101010101013,-0.4032323232323234,62.488485796742964,79.841601010101,23.312946588332302,7.094859708193042,7.454027140087748,3.374602591572289,15.044207647778551,2.0174108695652175E8])
(1.0,[4.046767676767678,8.74939393939394,-0.4842424242424243,50.29555883323029,83.59153840445268,20.940681818181822,6.21847566574839,7.782075298438933,3.3988674625038273,14.584539218158755,2.1904790476190478E8])
(1.0,[4.09,9.106632653061226,-0.5055102040816326,55.15899587628866,80.04212565747949,21.93978788133811,6.563061224489796,7.492421907538526,3.3114369012911276,15.011639650305163,2.42634E8])
(1.0,[3.81204081632653,8.899795918367339,-0.38857142857142857,58.488267957079714,83.06852160740587,21.549107216494836,6.823219491878387,7.626555601832571,3.273790087463558,14.832379469263236,2.0130721739130434E8])
(1.0,[4.372929292929293,9.09141414141414,-0.42848484848484825,53.29674133168418,79.53402451041022,24.97750686456401,6.374725028058363,7.542209978573615,3.6583409856137132,14.928981492305692,2.261933809523809E8])
(1.0,[4.361122448979592,9.26367346938775,-0.4646938775510203,54.69971728382076,78.79931832526826,24.077823101199233,6.506495210329029,7.534931278633903,3.7271553519366925,15.042528604349354,2.5263094736842102E8])
(1.0,[3.9976288659793817,8.922886597938142,-0.48835051546391756,54.27229536082475,85.16439366408932,20.29082641752578,6.408098628972261,7.762472101179721,3.3895334254437253,14.95888326048253,2.2851105E8])
(1.0,[4.4312121212121225,8.975959595959596,-0.47777777777777786,59.17291892393323,81.11217330447333,30.336737868480732,6.537545148454241,7.452935414753596,4.028462401795736,15.405050081311398,2.8762243749999994E8])
(1.0,[3.7264948453608238,8.98041237113402,-0.46525773195876297,64.56878966924397,81.99360191151204,23.877437693298983,7.075933680518652,7.597676692528431,3.6108364332022536,15.220008805749577,2.2047785714285713E8])
(1.0,[4.315816326530612,8.827653061224494,-0.3868367346938774,61.20136891436986,81.56194391962968,27.44677030296655,6.823404831320285,7.523594335693462,3.804152436484798,15.231870611972564,2.6824052941176474E8])
