(1.0,[3.783333333333334,8.894848484848483,-0.4527272727272726,65.48985102040815,82.47821094619665,23.513309833024106,7.112457912457909,7.601377410468322,3.5339026629935724,15.117605562020861,2.1000254545454547E8])
(1.0,[3.6410101010101017,9.000404040404039,-0.8598989898989902,52.08879896928469,82.73741412079984,17.26818876520305,6.597726762575246,7.655114784205696,3.192835424956636,14.660827359633634,1.9826208695652172E8])
(1.0,[4.096907216494844,9.176082474226805,-0.3232989690721647,55.189771585051545,80.99786157646044,22.31154525343642,6.538907429057287,7.638301626102669,3.4337825486236584,15.098391056480313,2.4315605263157892E8])
(1.0,[4.408979591836736,9.262040816326532,-0.36142857142857143,65.19612059751734,80.2975792972859,28.19884742268041,7.022940441482716,7.468038317367762,3.8314577259475224,15.627246516177337,2.699979411764706E8])
(1.0,[4.055816326530612,8.92714285714286,-0.36102040816326525,57.51463283189562,83.81962061855673,24.599858741847264,6.548454810495627,7.548104956268222,3.5761182840483126,15.188650443856034,2.690824705882353E8])
(1.0,[4.159489795918367,9.380816326530613,-0.6524489795918368,57.184105922575206,80.49732922364824,20.181946517988628,6.715470637234486,7.47088713036235,3.376276551436902,15.309146383729583,2.572258888888889E8])
(1.0,[4.269381443298969,9.299278350515467,-0.4186597938144332,58.73517878006874,79.92811926546388,22.50627631013745,6.7126474651929,7.313572111807842,3.4828122010840685,15.34126993343515,2.5662566666666666E8])
(1.0,[3.8398969072164957,9.102886597938145,-0.7536082474226804,54.07020519759448,82.31787699742266,21.774248303264603,6.430215750876819,7.564502072483794,3.4162801572962063,15.071255459570615,2.6765170588235298E8])
(1.0,[3.912040816326532,8.983979591836734,-0.5577551020408165,60.37879373027561,88.97234173153794,23.538130990953082,6.764485630987088,8.04222615576843,3.59975426905456,15.382671107647546,1.8520387999999997E8])
(1.0,[4.5412500000000025,8.973229166666664,-0.25979166666666675,55.094114210526314,83.76791051535088,23.67195364035087,6.570390625,7.682200520833333,3.814383680555555,15.172138413522392,2.3190890476190478E8])
(1.0,[4.688484848484846,9.107171717171715,-0.402121212121212,58.143976252319106,80.3444898783756,23.58590871985158,6.579149066421792,7.649694929088872,3.7203428221610038,15.307319435833387,2.23332E8])
(1.0,[4.197551020408165,9.186224489795919,-0.5368367346938775,65.63052589943192,77.08359900063117,23.801595045234592,7.2080049979175325,7.317807163681797,3.5176863806747196,15.243287616485771,1.9333141666666666E8])
(1.0,[4.46979797979798,9.32424242424242,-0.49636363636363645,56.917369346526485,80.31926753246752,23.66449276437848,6.557190082644628,7.738983777165598,3.6633792470156106,15.306355692207681,2.4099735E8])
(1.0,[4.95111111111111,9.201818181818181,-0.5947474747474747,45.81405691609977,76.23503339517627,19.41125580292723,5.7082154882154885,7.34178145087236,3.2194776043260904,14.78438064086257,2.150005E8])
(1.0,[4.315918367346938,9.133265306122453,-0.7272448979591837,57.5597646118241,81.78419541342312,17.88274387755102,6.616055810079132,7.504364847980006,3.173204914618909,15.216738328335492,2.194727894736842E8])
(1.0,[4.441979166666667,9.127187500000003,-0.7020833333333333,59.067580252192975,81.41858042763157,21.911684035087724,6.641525607638891,7.6249804687500005,3.4236111111111116,15.354699785249217,2.5777861111111113E8])
(1.0,[4.01818181818182,9.164848484848484,-0.5695959595959594,57.76917625231915,82.31365992578847,24.79129575345289,6.682460973370064,7.70593204775023,3.6659198041016214,15.2388404980504,2.0173843478260866E8])
(1.0,[4.2135353535353515,9.130707070707071,-0.6013131313131312,57.97135574108431,82.26403112760252,24.76225642135642,6.679030711151924,7.722403836343232,3.8419222528313446,15.248787605254753,2.0260882608695647E8])
(1.0,[4.08855670103093,9.201752577319581,-0.7848453608247422,57.72848747852232,83.38181043814434,16.085606486254303,6.687645870974599,7.732347752152193,2.7933744287384417,15.016176660560237,2.457885789473684E8])
(1.0,[4.066530612244899,9.806224489795914,-0.6324489795918368,48.319074437197585,72.23524642331161,20.84307641489585,6.125056226572263,7.134110787172011,3.5588796334860473,14.990955186572837,2.1199799999999997E8])
(1.0,[4.137448979591839,9.213469387755104,-0.8251020408163268,59.073297548916486,82.84443320008415,18.827652051335992,6.694396084964597,7.561341107871718,3.2404914618908793,15.3210236527801,2.4263078947368422E8])
(1.0,[4.2193814432989685,9.404845360824742,-0.8826804123711343,57.93659544673542,81.38388148625428,16.90227607388316,6.66916781804655,7.590168987139974,2.944795408651292,15.172930455642366,2.583346666666667E8])
(1.0,[4.1689795918367345,9.550204081632648,-0.5649999999999998,47.37333709236273,73.82274016410689,19.436264432989688,6.045106205747606,7.321595168679717,3.396530612244898,14.832412444450002,2.359985E8])
(1.0,[3.3814000000000006,9.471,-0.7861999999999999,21.809979632653068,15.635425510204088,6.245232204081636,3.179055999999999,2.8632399999999993,1.9769600000000005,11.351544390162747,3.250275E8])
(1.0,[3.695151515151515,9.711111111111112,-0.7356565656565658,32.99862115027829,43.532467120181394,11.335453391053392,4.582773186409548,5.079932659932661,2.604307723701662,13.145822637936694,2.850010833333334E8])
(1.0,[1.8156565656565662,9.85353535353535,0.267979797979798,37.771212574726874,54.02323329210473,27.95864281591424,5.195463728191001,6.190415263748597,4.104462809917358,13.55098073019559,3.166656666666667E8])
(1.0,[1.703131313131313,9.757575757575761,0.4232323232323233,41.35997070707071,61.71238385899812,25.06669556792413,5.063642485460666,6.52258953168044,4.132421181512094,13.796270710013683,1.9409040909090912E8])
(1.0,[2.174845360824741,9.584123711340203,0.00865979381443295,41.874939819587624,59.47882656786941,31.124824226804126,5.257765968753323,6.342248910617494,4.459744925071739,13.852759532280388,3.0080160000000006E8])
(1.0,[2.3468686868686857,9.765454545454546,0.0893939393939393,42.25350948258092,64.26079851576998,24.944340445269027,5.433831241710031,6.593039485766759,3.9557024793388433,13.975390355547912,2.15239E8])
(1.0,[2.255612244897959,9.843571428571432,0.25959183673469377,44.87801456974543,64.61811597938144,27.60218746055125,5.4354831320283195,6.629810495626821,4.058929612661392,14.132785928184976,2.3903500000000003E8])
(1.0,[2.4146391752577325,9.925876288659792,0.17123711340206194,42.723043878866,65.44075990120275,26.03351303694158,5.645864597725582,6.871722818577958,4.004961207354661,14.115773678067374,2.2856214285714287E8])
(1.0,[2.255714285714285,9.831224489795918,0.24265306122448982,48.913340206185595,63.772109825373406,28.053683610351364,5.7830320699708455,6.736430653894212,4.52923781757601,14.215427423720094,2.1999986363636363E8])
(1.0,[2.341010101010102,10.256767676767678,0.23171717171717152,35.07288672438673,63.979232302618,21.35996334776335,4.867648199163352,6.927501275380063,3.9069870421385575,13.837110127594707,2.1173891304347825E8])
(1.0,[2.382291666666666,10.239583333333332,-0.00864583333333339,29.792116798245605,60.63575350877194,15.791129725877187,4.532881944444446,6.534817708333331,3.1344509548611117,13.538403967198867,2.2846835E8])
(1.0,[2.153838383838384,10.187474747474752,0.3744444444444445,33.49346674912391,58.17700886415171,19.551712698412693,4.616820732578309,6.431190694827057,3.725274971941638,13.643783178510692,2.5389266666666666E8])
(1.0,[2.1630999999999996,10.129299999999997,0.2559000000000001,29.632029686868698,58.837402535353526,18.71189110101009,4.30232,6.379798000000001,3.625172,13.466419908513316,2.284973E8])
(1.0,[2.605306122448978,9.800510204081636,0.5049999999999998,43.98333237954977,67.88778427309066,22.95110979381444,5.511274468971259,7.128223656809663,3.8116326530612232,13.914358157299805,1.887385E8])
(1.0,[2.163061224489796,10.148673469387752,0.55265306122449,36.22349568693458,65.35206729434042,21.46357227014518,4.8823365264473155,6.9969179508538115,3.8379050395668477,13.785135621071102,1.8961511538461542E8])
(1.0,[2.667979797979798,9.835050505050503,0.1832323232323233,35.25879383632241,68.60994157905584,17.944322098536386,4.844542393633304,6.996006529945924,3.493425160697888,13.784102520777706,2.081812272727273E8])
(1.0,[2.1580612244897956,9.993061224489797,0.35214285714285737,38.03703434672838,69.89917609930568,19.601709793814425,5.071339025406081,7.051790920449814,3.733134110787171,14.06152142349456,2.0544433333333334E8])
(1.0,[2.2927999999999993,9.934900000000003,0.19689999999999985,32.23239006060607,67.4636313030303,19.05158524242424,4.724336000000001,6.916307999999999,3.5666520000000013,13.769821951776821,2.4101173684210527E8])
(1.0,[2.2538383838383833,10.189393939393936,0.19737373737373748,29.102650422593292,59.07297105751391,18.556801195629756,4.272453831241711,6.375041322314049,3.597943067033976,13.501138069094425,2.284973E8])
(1.0,[2.605306122448978,9.800510204081636,0.5049999999999998,43.98333237954977,67.88778427309066,22.95110979381444,5.511274468971259,7.128223656809663,3.8116326530612232,13.914358157299805,1.887385E8])
(1.0,[2.1370707070707082,10.273131313131316,0.27676767676767683,33.39284541331685,63.75827070707067,18.814032302618013,4.647333945515766,6.751660034690336,3.634857667584941,13.808823299784764,2.121741304347826E8])
(1.0,[2.1124242424242428,10.247272727272726,0.36121212121212126,32.26360630797774,59.6218547309833,19.144441372912794,4.430468319559229,6.348686868686867,3.818194061830424,13.687082751572714,2.218184090909091E8])
(1.0,[2.3387628865979377,9.799381443298966,-0.056597938144329965,29.668300536941576,64.01451003006872,18.36542684707904,4.321870549473906,6.629722606015519,3.566327983845254,13.382600381823021,2.0454545454545453E8])
(1.0,[2.2388888888888894,10.10212121212121,0.4161616161616161,27.951479365079372,63.474914842300564,21.479285116470834,4.365028058361394,6.506244260789716,3.949301091725333,13.738792221666728,2.1761938095238093E8])
(1.0,[2.4569387755102023,9.72489795918367,0.27224489795918383,34.28716785188301,66.14267885545972,17.685561918788135,4.699687630154101,6.839196168263226,3.6567805081216163,13.587793688134644,2.2550355E8])
(1.0,[2.1674747474747487,10.407575757575756,0.3209090909090908,30.4179149866007,59.56437569573285,18.899334879406307,4.302344658708295,6.30724211815121,3.7074380165289242,13.73459309174037,2.2136340909090906E8])
(1.0,[2.604897959183674,9.914897959183673,0.27102040816326534,37.196404628655586,70.9868932884494,23.26020100988849,5.085701790920449,7.231953352769682,4.0129404414827174,14.155127029568863,1.976187619047619E8])
(1.0,[2.415959595959596,9.934545454545463,0.3400000000000001,34.94812840651412,69.07558423005565,20.95992040816326,4.966905417814509,6.999908172635444,3.7397979797979795,14.011891441917474,2.2238157142857143E8])
(1.0,[2.1559595959595956,10.005353535353533,0.2190909090909091,28.36305289631004,59.62793329210473,19.96496753246753,4.20920926436078,6.543466993163963,3.843122130394858,13.350120209330651,1.924997916666667E8])
(1.0,[2.592916666666667,9.634791666666661,0.1182291666666667,35.8384103508772,67.8608462719298,22.309225252192974,4.940546875000002,6.949483506944444,3.9865863715277765,13.726367511511102,2.0749970000000003E8])
(1.0,[2.337551020408163,9.971836734693875,0.4920408163265308,36.74753827056596,71.29480483904904,23.598179297285917,5.085822573927532,7.148663057059556,4.037513536026654,14.212171933935965,2.2273113636363634E8])
(1.0,[2.470102040816327,9.430000000000003,0.19765306122448986,30.872584525562797,66.96759793814428,20.734216084578158,4.675010412328198,6.58857142857143,3.770630987088713,13.55218011433211,2.538858888888889E8])
(1.0,[2.5607368421052636,9.996947368421054,0.2802105263157894,33.98782391937291,73.1568895184771,24.790819104143335,4.942685872576176,7.2190493074792235,4.272655955678669,14.430637108965836,2.3153529999999994E8])
(1.0,[2.594747474747474,9.824646464646461,-0.11020202020202018,31.244006823335408,67.94357410843124,24.003961183261175,4.445381083562901,6.775039281705947,4.290486685032141,13.848018690000032,1.9651991304347825E8])
(1.0,[2.624591836734694,9.808265306122447,0.18673469387755107,36.819709625499684,73.58032376393857,25.569818093835476,5.059770928779676,7.29116618075802,4.14639733444398,14.136788465906323,1.9857652173913047E8])
(1.0,[2.3079797979797987,10.171515151515155,0.23606060606060614,30.430853019995872,62.5080823747681,19.572093506493513,4.52021834506683,6.560104071013163,3.7894765840220366,13.778926100307244,2.688565E8])
(1.0,[2.0348484848484847,10.013030303030307,0.2098989898989899,33.63062523191094,63.39402949907238,22.709123459080605,4.747407407407406,6.492574227119682,4.13201510049995,13.927079952146753,2.2803649999999997E8])
(1.0,[2.528367346938774,9.729591836734691,0.0526530612244898,25.836419987376402,69.1148658110667,21.55576196086681,4.290037484381507,6.638825489379423,4.00746772178259,13.846552152212976,2.706685333333333E8])
(1.0,[2.2402040816326534,10.17479591836735,0.0918367346938776,27.512886555859453,63.65334686513783,19.978897622554182,4.28411911703457,6.263294460641399,4.00929612661391,13.910979964110293,2.5263415789473686E8])
(1.0,[1.9362626262626268,9.914242424242424,0.42747474747474745,29.227213440527724,63.99931038961039,19.626231313131314,4.405797367615551,6.495690235690234,3.779671462095703,13.68220603984765,2.2849885E8])
(1.0,[2.391500000000001,9.943500000000004,0.22389999999999996,32.278020959595956,66.3618148989899,21.107925040404048,4.6291899999999995,6.800690000000001,3.949256,13.821852730338666,2.299988E8])
(1.0,[2.329489795918367,9.966938775510208,0.11214285714285713,25.467780149379358,64.43997403745003,20.13485412371134,4.055743440233236,6.366826322365679,3.964518950437318,13.666561938158505,2.275009E8])
(1.0,[1.831836734693878,10.121734693877551,0.36489795918367346,31.375122364822218,60.70731757837158,18.362330401851462,4.61655143690129,6.386526447313621,3.621320283215326,13.652165923923725,2.0724349999999997E8])
(1.0,[2.3954639175257744,9.732474226804127,0.08876288659793814,29.00338754295532,68.49925006443299,18.084554703608244,4.571950260388988,6.762555000531405,3.517385481985333,13.688840698689482,2.4058623529411763E8])
(1.0,[2.297777777777778,9.995757575757578,0.3976767676767677,31.990666439909287,66.39481651205936,18.69158536384251,4.759057239057238,6.859173553719009,3.6700377512498727,13.830158290527008,2.655555E8])
(1.0,[2.2305050505050508,10.07212121212121,0.2885858585858586,33.31134157905587,68.44406586270871,19.702597979797982,4.764217936945211,6.915016835016837,3.768499132741558,13.974087207450085,1.98694652173913E8])
(1.0,[2.3186868686868687,9.839090909090912,0.4021212121212121,35.545009482580916,70.06815936920225,18.698704638218928,5.004575043362922,7.083617998163454,3.6016957453321092,13.88287595627104,1.9869595652173916E8])
(1.0,[1.901134020618556,10.004536082474223,0.2635051546391753,28.93725599226805,65.07461670962199,19.23765841924399,4.3376448081623975,6.695436284408544,3.6714486130300785,13.640760614614507,2.3191323809523806E8])
(1.0,[2.3101020408163255,9.802551020408162,0.08438775510204072,30.53816184515043,61.64427074479274,18.38945993057017,4.494400249895877,6.53509995835069,3.547513536026656,13.347504151776059,2.000016086956522E8])
(1.0,[2.180909090909091,9.615757575757577,0.31404040404040406,33.64241651205938,69.44932875695731,21.816769222840655,4.6600734618916455,7.099118457300273,3.9419406183042547,13.659172196940656,2.122733181818182E8])
(1.0,[2.1842268041237105,10.201546391752581,0.13360824742268043,28.430328823024052,59.14295695876291,19.482387886597937,4.340376235519184,6.37896056966734,3.691571899245404,13.625655033397916,2.4684221052631578E8])
(1.0,[2.2810101010101014,9.836262626262624,0.019898989898989833,24.189301010101012,36.135042011956294,15.152876520305087,3.7843954698500153,4.835365779002145,3.158871543720028,12.298097114839459,5.9748825E8])
(1.0,[2.407244897959183,10.085510204081636,-0.23265306122448973,23.603970681674742,31.363878602987576,14.729660929938985,3.6949583506872146,4.453469387755102,3.0512536443148686,12.362601048751992,6.466673333333333E8])
(0.0,[0.6580808080808082,10.352727272727266,-0.4948484848484851,32.34946464646465,29.794899628942478,17.527404823747677,4.619226609529638,4.331037649219465,3.2993878175696363,12.657689899274708,7.599976E8])
(0.0,[0.3031632653061224,10.357653061224491,-0.7145918367346938,36.54599916894594,30.666919177361677,17.699884883231636,4.944527280299875,4.463667221990838,3.3813327780091638,12.775794814250366,7.89973E8])
(0.0,[0.07602040816326532,10.381734693877549,-0.840204081632653,41.2696716284452,32.0985217020829,13.561696865137815,5.159777176176594,4.472276134943773,2.931195335276967,12.886273405151355,5.188971111111111E8])
(0.0,[0.01072164948453614,10.504329896907217,-0.8041237113402065,44.49658384879725,29.00514980670103,18.276172401202743,5.394558401530449,4.364106706344989,3.3458752258475926,13.105742758195943,6.216736666666666E8])
(0.0,[0.2784848484848486,10.31787878787879,-0.9297979797979795,44.720017068645625,34.058192393320965,17.357416285301994,5.329752066115704,4.568576675849402,3.204713804713805,13.157914000463714,4.544373333333333E8])
(0.0,[0.23888888888888893,10.14292929292929,-0.9640404040404043,42.91262426303856,32.848341331684196,16.50792840651412,5.152188552188553,4.504481175390267,3.1102112029384754,12.848652792387963,3.4272909090909094E8])
(0.0,[-0.18642857142857153,10.120000000000001,-0.7638775510204083,38.85400051546392,32.311261855670104,17.084492026088785,4.920043731778426,4.423265306122447,3.1652977925864234,12.724007948348557,7.71698E8])
(0.0,[-0.021919191919192088,9.843030303030307,-0.8514141414141415,43.35046872809732,36.78315194805194,18.52813267367553,5.167603305785124,4.9877869605142315,3.3423242526272823,12.668049899875612,6.1500175E8])
(0.0,[0.0050515463917526204,10.056082474226809,-0.9636082474226805,40.813552341065275,33.717992826460474,19.110937886597938,5.011289191199914,4.617808481241365,3.3711488999893717,12.861201809500772,4.7000125E8])
(0.0,[-0.058282828282828374,10.380707070707077,-0.8412121212121212,39.10436130694703,33.66208622964337,17.460241372912797,5.149613304764819,4.676414651566165,3.196988062442607,12.979253196582611,4.679932E8])
(0.0,[-0.19060606060606053,9.875353535353533,-0.5795959595959596,40.28874044526903,37.44485778190066,18.792310039167177,5.084022038567494,4.905458626670751,3.371382511988574,12.693183748784794,4.133334444444444E8])
(0.0,[-0.035050505050505075,10.091616161616162,-0.7084848484848485,38.217292599464045,29.607176953205528,19.257019109461964,5.004189368431792,4.333721048872563,3.310664217936944,12.741660085553459,6.333365E8])
(0.0,[0.034591836734693876,10.365510204081636,-0.7831632653061227,39.67864158426258,34.122509530822654,16.410949684409847,4.944371095376925,4.638234069137859,3.0641399416909616,12.8754676166511,3.9833325E8])
(0.0,[-0.03989898989898994,10.24141414141414,-0.8604040404040404,40.90748264275406,35.365442877757175,17.093203916718196,5.054447505356596,4.8179369452096745,3.1478175696357513,12.896306784863468,4.659974E8])
(0.0,[-0.15757575757575765,10.31383838383838,-0.7583838383838384,38.45349202226346,30.24104634096063,16.778685116470832,4.989311294765839,4.434833180287726,3.1247933884297523,12.807184154015511,4.633348888888889E8])
(0.0,[0.2102040816326533,9.962959183673473,-0.7854081632653059,40.1419875867873,35.58954682305913,17.762686945087317,4.893681799250314,4.683617242815492,3.1938962932111625,12.621907640713683,3.800019E8])
(0.0,[-0.06132653061224494,10.222040816326533,-0.7691836734693877,40.14630440774247,36.20836486429624,19.278057058699773,5.036945022907118,4.767955018742189,3.3420199916701367,13.007322564063553,5.211147777777778E8])
(0.0,[-0.06858585858585851,9.793939393939395,-0.7473737373737375,41.656042877757166,36.98484452690168,18.804295073180782,5.079581675339251,4.86726048362412,3.3263626160595856,12.709347997281247,4.712525E8])
(0.0,[-0.17969387755102043,10.064897959183673,-0.8224489795918369,40.18352464759101,36.214913907006085,18.43284754891648,5.070324864639733,4.848992086630571,3.29597667638484,12.85079036203147,5.12497E8])
(0.0,[0.14887755102040812,10.261428571428572,-0.7772448979591835,41.281090479697035,34.17761649484537,16.79447789816958,5.18969387755102,4.592944606413993,3.2074344023323627,12.969461620100697,4.644367777777778E8])
(0.0,[-0.22515463917525766,10.037010309278353,-0.7443298969072167,38.03254190292095,35.113844093642626,16.362195640034354,4.850056329046658,4.811144648740567,3.2469933042831327,12.595918782865597,5.255567777777778E8])
(0.0,[-0.09747474747474744,10.07454545454545,-0.7701010101010097,41.19711294578437,37.91643116883118,16.423629581529585,5.157045199469443,4.936767676767678,3.202309968370573,12.846109867797313,4.740021E8])
(0.0,[-0.1407070707070707,10.277171717171719,-0.918888888888889,36.8785107194393,34.85494089878376,19.744201814058954,4.884970921334558,4.77685338230793,3.626374859708192,12.873525669322122,4.769989E8])
(0.0,[0.20793814432989682,9.92340206185567,-0.8209278350515464,43.91804153780068,36.19712684707904,21.94566058848797,5.278990328408971,4.816484217238814,3.626183441385909,13.019084877826526,5.728585714285715E8])
(0.0,[-0.001212121212121258,10.050909090909096,-0.9480808080808084,44.094080148423,34.453394063079784,17.282417707689135,5.266807468625652,4.771955922865013,3.1750923375165794,12.805281011951823,4.2455227272727275E8])
(0.0,[0.36323232323232324,10.016464646464643,-0.6891919191919192,38.74859148629149,35.5249781900639,16.206170768913626,4.884275073972042,4.771996735027037,3.17878991939598,12.605647371827565,3.790893636363636E8])
(0.0,[0.3848453608247423,9.996597938144328,-0.9883505154639176,37.42311898625427,35.871393513745716,16.125099334192438,4.593142735678606,4.837185673291531,2.9993963226697833,12.570801530238409,4.7000125E8])
(0.0,[0.47,9.617272727272727,-0.8173737373737374,39.86017551020408,36.27781391465677,20.20189711399711,4.869696969696971,4.829752066115701,3.6019610243852673,12.46271971886154,5.46249375E8])
(0.0,[0.33239583333333333,10.15697916666667,-0.9988541666666667,40.47010893640351,34.060762357456134,15.027812357456144,4.999895833333333,4.679813368055554,2.9834375,12.755936971068115,4.511143333333333E8])
(0.0,[0.7554545454545456,10.01030303030303,-0.7313131313131314,34.16653729128015,30.132662152133573,15.8054931560503,4.608466483011935,4.39767370676462,3.0832935414753586,12.294001726461751,4.7749712499999994E8])
(0.0,[0.7129591836734692,9.840204081632654,-0.8621428571428573,36.12881280244056,33.59182676204503,12.551536597938147,4.816224489795916,4.723461057892541,2.7518221574344017,12.201853726097525,4.4100029999999994E8])
(0.0,[0.8715463917525774,9.706804123711343,-0.6878350515463914,40.26003195876287,34.39626155498282,19.288885889175265,5.1449250717398245,4.681224359655649,3.50563715591455,12.594231612965038,6.328647142857143E8])
(0.0,[1.050808080808081,10.027373737373736,-0.7995959595959595,34.0845299525871,32.10429915481345,13.504920243248815,4.682246709519437,4.540175492296705,2.933790429548005,12.35190469122788,4.699232222222222E8])
(0.0,[1.0967999999999996,10.031400000000001,-0.6335999999999999,33.34234723232324,31.85178185858585,20.340156606060603,4.707200000000002,4.463344,3.469568,12.658490486642307,5.344543333333333E8])
(0.0,[0.8321649484536082,9.738865979381444,-0.7090721649484537,39.10037755584194,34.3905664089347,12.670739755154644,5.014486130300776,4.700573918588588,2.795614836858327,12.309882054856105,4.222174444444444E8])
(0.0,[1.1259000000000003,10.032800000000002,-0.6687000000000001,40.986085040404035,32.59362440404038,20.83150031313131,5.1552999999999995,4.6099999999999985,3.5867600000000004,12.894467870617166,3.860016E8])
(0.0,[0.9810999999999991,10.083400000000001,-0.7022000000000002,35.729219989898986,27.743778222222225,17.183182989898988,4.840744000000001,4.185127999999998,3.2898039999999993,12.501269679300487,5.571332857142857E8])
(0.0,[0.789081632653061,10.02622448979592,-0.7393877551020411,33.41981048811277,30.907516526404383,16.807146013044388,4.703533944189921,4.409925031236984,3.1307122032486467,12.510184645888124,6.300048571428572E8])
(0.0,[1.1609183673469385,9.856020408163268,-0.7231632653061221,42.8403053334736,34.71316853566167,15.922720818430466,5.142607246980425,4.682101207830069,3.067265722615577,12.655789765999597,3.454533636363636E8])
(0.0,[1.2653999999999996,10.128899999999996,-0.7303999999999999,34.70982711111112,28.777914939393938,19.459149333333333,4.818384000000003,4.288744000000001,3.473944000000001,12.64764794086582,5.355563333333334E8])
(0.0,[1.0187878787878788,10.200606060606063,-0.7093939393939392,36.19996382189239,28.007126159554716,16.00669962894249,4.850872359963267,4.222785430058155,3.1958738904193456,12.5484374633658,5.600062857142857E8])
(0.0,[1.1207216494845356,10.186082474226804,-0.5913402061855668,37.50762968213059,28.19685324312714,19.24489089347079,5.0073270273142745,4.153397810606864,3.472445530874694,12.768564478140677,6.516671666666666E8])
(0.0,[0.8193939393939396,9.944242424242423,-0.5004040404040403,37.20584860853432,28.331610389610386,20.632252896310042,5.128264462809917,4.248790939700029,3.541377410468318,12.705065025015092,5.512505E8])
(0.0,[1.1412244897959185,10.151326530612247,-0.4397959183673468,35.516379928466236,30.250920902587843,19.459533978539874,4.973877551020409,4.43716368179925,3.4424906289046238,12.677858723255037,5.33760125E8])
(0.0,[1.0916161616161613,10.625757575757582,-0.8949494949494948,32.0488136878994,16.68808998144712,11.894039538239538,4.393382307927763,3.1164615855524938,2.6857116620753,12.489020210790121,6.3000475E8])
(0.0,[1.1909278350515466,10.367113402061863,-0.643298969072165,42.673225171821294,28.946349914089353,19.346701503436424,5.277283452014028,4.306453395684981,3.6056095227973204,13.052933536492251,6.07524875E8])
(0.0,[1.2391836734693875,10.049183673469386,-0.8944897959183673,41.050413759730695,29.511539532926577,14.273843551441198,5.097909204498124,4.252057476051645,2.9668388171595166,12.619952676478718,5.442852857142857E8])
(0.0,[1.1453000000000002,10.103600000000002,-0.5768999999999999,39.50503526262626,29.645580848484837,20.550480191919196,5.1027819999999995,4.148471999999999,3.7017960000000003,12.8665636683592,4.611104444444444E8])
(0.0,[0.9194897959183677,10.435,-0.6855102040816329,40.137976025667996,33.624705670103104,14.735206438039135,4.9737963348604755,4.626632653061226,3.1277342773844237,12.783979464211805,3.6690346153846157E8])
(0.0,[1.3864646464646457,10.298383838383835,-0.7075757575757576,41.12088431251289,29.39078103483817,16.89629814471244,5.18565044383226,4.345470870319353,3.2918763391490664,12.886881918083445,5.31111E8])
(0.0,[0.747070707070707,10.112828282828286,-0.7281818181818184,40.901692352092354,32.13138987837559,19.049112987012986,5.107142128354248,4.394631160085705,3.516767676767677,12.792005529137962,4.3818527272727275E8])
(0.0,[0.8671428571428574,10.385102040816328,-0.5241836734693879,42.76670721649483,34.312332463707136,15.222352419524508,5.176851311953353,4.637138692211575,3.1643502707205338,12.905429373585632,4.099985833333333E8])
(0.0,[1.1542268041237116,10.30525773195876,-0.4982474226804121,30.496657989690718,27.17125852663231,13.873670854811001,4.349131682431714,4.1473631629291114,2.85714741205229,12.32519302449609,4.94998875E8])
(0.0,[-1.3589898989898992,9.379090909090909,-0.7751515151515148,22.533984683570402,33.622365491651216,25.10025380333952,3.9032425262728303,4.808209366391186,3.8338842975206604,11.958461724064826,9.54994E8])
(0.0,[-1.436530612244898,9.60102040816327,-0.8347959183673471,28.95112804544499,37.11605667999159,27.287447896065643,4.346663890045813,5.0226530612244895,4.003073719283632,12.615809693060427,8.625185E8])
(0.0,[-1.7587878787878786,9.807777777777783,-0.7317171717171722,27.9680189239332,34.4880133786848,23.716871511028646,4.1896847260483625,4.757171717171715,3.752239567391084,12.626424647887198,1.2466633333333333E9])
(0.0,[-1.3989690721649484,9.455463917525778,-0.8796907216494845,28.5108343427835,35.653922959622,24.30755302835051,4.124482941864171,4.882501859921352,3.7912785630779036,12.310768109850558,7.539916E8])
(0.0,[-1.5417171717171716,9.716868686868686,-0.9276767676767679,30.077622531436827,36.22652172747887,28.234079241393513,4.330317314559739,4.833667993061933,3.9726966636057544,12.702941258441793,5.70003E8])
(0.0,[-1.5582653061224498,9.820306122448986,-0.8249999999999996,28.71406397012413,33.60644423521984,24.168270618556697,4.1672094960433155,4.733144523115371,3.778877551020408,12.568507843955217,7.539916E8])
(0.0,[-1.388659793814433,9.577628865979381,-0.9044329896907213,30.310249226804128,38.09761619415807,28.231091602233672,4.353161866298226,4.967284514826232,3.9747199489850136,12.630277328104874,5.70003E8])
(0.0,[-1.3760606060606053,9.612727272727268,-1.100404040404041,32.74046697588126,35.563834322820036,24.51193248814677,4.668503213957758,4.978034894398531,3.812900724415877,12.60644567894444,4.55002E8])
(0.0,[-1.691030927835052,9.766494845360823,-1.1495876288659792,31.168015592783494,35.48878550257731,24.20492274484536,4.699370815176961,4.868015729620577,3.745365075991073,12.721099497162378,5.24292E8])
(0.0,[-1.2448484848484846,9.44878787878788,-1.37030303030303,32.14566808905379,37.975823005565864,24.32945398886827,4.674796449341904,5.133039485766758,3.731374349556165,12.53622795958665,9.3000025E8])
(0.0,[-1.4319191919191918,10.060404040404038,-0.8152525252525252,29.17371770768914,36.31119167182024,28.765214986600697,4.443469033772065,4.947050300989696,4.056269768390979,13.028121760763698,6.271407142857143E8])
(0.0,[-1.1809090909090907,10.0559595959596,-1.1334343434343435,29.555349165120596,37.501416161616135,23.862643186971752,4.379669421487604,5.061214161820219,3.5850096928884807,12.891158668272139,7.68346E8])
(0.0,[-0.9723469387755098,9.562448979591839,-1.2524489795918363,30.479787218598773,41.57430940458657,24.39189290974121,4.594639733444397,5.404593919200334,3.7410787172011664,12.642813923158979,7.0666E8])
(0.0,[-1.5089999999999997,9.923500000000006,-1.0373,29.096681818181803,37.817744191919196,22.973001727272727,4.286240000000001,5.029890000000001,3.6828079999999996,12.799098215054721,6.133371666666666E8])
(0.0,[-1.3069387755102042,9.701326530612246,-0.937755102040816,33.42161733641912,39.95765286135073,25.383778413633497,4.6247563515201975,5.279054560599749,3.8183256976259883,12.786707821676215,7.63331E8])
(0.0,[-1.5305050505050508,9.874646464646466,-1.0824242424242423,32.88495586477015,32.72540063904349,24.27719814471243,4.503732272217124,4.680061218243037,3.7201285583103765,12.758104874092513,7.06665E8])
(0.0,[-1.1484848484848484,9.921313131313127,-1.1704040404040403,28.249788497217075,39.48216458462174,23.431399835085553,4.400428527701256,5.236653402714009,3.551268237934904,12.696494145014547,5.46238E8])
(0.0,[-1.1540206185567006,9.98185567010309,-1.1417525773195876,31.06713470790379,39.814821520618544,23.16887918814432,4.6547008183653995,5.264531831225426,3.7302497608672547,12.952373247034364,7.583363333333334E8])
(0.0,[-1.3130612244897957,9.596122448979592,-0.9867346938775508,31.273040016831487,40.11037656217127,26.686717062907626,4.352040816326531,5.211507705122868,3.951491045397751,12.707082740987957,6.199951666666666E8])
(0.0,[-1.5095959595959596,9.775959595959597,-1.008888888888889,30.7411345289631,36.7694100391672,23.06007120181406,4.340214263850626,4.997577798183859,3.7063973063973052,12.663689816423837,7.420044E8])
(0.0,[-1.5689898989898987,9.879797979797976,-0.7374747474747476,30.787682642754078,34.4232387342816,22.830519068233357,4.543242526272827,4.838196102438527,3.6098255280073457,12.647851400502452,5.514221428571428E8])
(0.0,[-1.3106122448979594,9.631530612244896,-1.0199999999999998,29.023094466652633,35.97274505575426,23.11494020618557,4.388750520616414,5.043917117867556,3.6259183673469377,12.461724024539732,7.200014E8])
(0.0,[-1.1815306122448983,9.96061224489796,-0.5598979591836735,28.37009557121818,34.03758518830212,25.600060814222598,4.444277384423157,4.944044148271552,3.7390962099125375,12.50093651016101,5.728541428571429E8])
