(0.0,[3.971530612244896,9.292959183673464,0.0643491989795918,11.760437839259412,11.657456101409633,3.900835714147806,2.699410662224073,2.5510537276134935,1.4937198836693046,10.739242620505907,1.925003E9])
(0.0,[3.8962626262626276,9.364141414141411,0.14473338315151515,10.46709303236446,12.111473490002064,3.7295011958841946,2.4624875012753797,2.687931843689419,1.4393070675433115,10.723053977263945,1.383321E9])
(0.0,[4.001237113402062,9.312989690721649,0.07273546983505148,11.964083870274917,11.549292010309278,3.5213930527623165,2.6807333404187474,2.6047103836752044,1.4186875560089274,10.77987293890105,1.845032E9])
(0.0,[3.8246938775510184,9.296122448979592,0.1558001100204081,13.210301451714708,12.197646665264042,3.768544466168506,2.8417992503123695,2.8583798417326105,1.3968713354943774,10.738598090385251,1.060028E9])
(0.0,[3.9847474747474725,9.373737373737374,0.1250595586666667,12.495631313131316,13.13429303236446,3.9046407198026793,2.763573104785226,2.794935210692786,1.4758003421818182,10.83327894339757,3.150116E9])
(0.0,[3.7956565656565666,9.30636363636364,0.13441495060606062,11.496345227788085,12.183617254174404,3.3347733850910157,2.6144270992755847,2.776969696969697,1.408953481910009,10.667161138495784,6.933288333333334E8])
(0.0,[3.9013131313131315,9.50090909090909,0.06576289905050504,12.562776829519686,11.500836920222635,3.411797254121606,2.7245423936333037,2.737134986225895,1.3313226466833998,10.922492139165175,3.699982E9])
(0.0,[3.980707070707072,9.300404040404038,0.055306856545454516,13.659110719439289,12.940375345289628,4.327780558054967,2.9326762575247414,2.81884093459851,1.5573139632580353,10.833206622588392,6.99992E8])
(0.0,[3.7896969696969696,9.214949494949492,0.052417695919191945,8.345256029684602,9.585594640280354,2.717779557560924,2.4494031221303945,2.261456994184267,1.2233298492757885,10.484826460597189,1.825043E9])
(0.0,[3.683265306122449,9.410714285714285,0.06824072520408161,9.904457269093202,12.849231443298972,3.15244110569078,2.4288379841732617,2.716443148688046,1.293813916151604,10.710134090807044,4.209991E9])
(0.0,[3.935656565656565,9.094242424242424,0.04251200133333333,12.887363595135026,12.269306307977743,3.236563174761466,2.8351739618406278,2.6935169880624423,1.4019744631649833,10.590219381910163,2.150024E9])
(0.0,[3.875353535353535,9.365656565656566,-0.040585886343434324,10.890251659451657,11.278355431869718,3.072314108221731,2.660559126619734,2.6082440567289065,1.2646814616916644,10.743312018952407,2.1500245E9])
(0.0,[3.9580612244897955,9.212755102040816,0.06017969712244898,12.428570429202608,11.110449032190195,3.002929971045051,2.657448979591838,2.6753727613494376,1.2879170506268225,10.667262128232158,0.0])
(0.0,[4.070510204081633,9.264591836734693,0.2119492873673469,10.163258499894807,10.325150862613084,2.9068075727788822,2.419337775926697,2.591624323198667,1.3171914393885886,10.623225945676067,0.0])
(0.0,[3.9135353535353525,9.163333333333332,0.002338854707070726,11.424627169655741,11.090481632653065,2.6009728339615705,2.5996490154065914,2.5971043771043782,1.2134853038730742,10.54772655776426,1.449951E9])
(0.0,[3.890412371134021,9.243711340206186,-0.07750961577319591,11.690599828178692,11.562254832474226,2.9623796962614057,2.826198320756723,2.623796365182272,1.2579156222552876,10.686782406768907,7.219908E8])
(0.0,[4.038041237113404,9.310721649484531,0.11401775752577321,10.83997424828179,11.329163015463912,3.1864802806434107,2.6679179508980777,2.707828674673184,1.3458941801339146,10.709716204034336,0.0])
(0.0,[3.836122448979592,9.254285714285716,0.3992985641836733,7.568397180727961,7.720115463917523,2.3920372399669003,2.1562140774677205,2.084985422740525,1.1684028895939191,10.452405796223859,6.64978E8])
(0.0,[0.5096969696969699,9.735151515151518,2.965383583898991,4.028282560296848,9.515031354359925,4.988377309332517,1.540514233241506,2.467927762473217,1.590149541978574,10.532720602283158,5.50003E8])
(0.0,[0.7266666666666667,9.67292929292929,2.9623568354545453,5.097695918367348,8.20454745413317,5.494263484180033,1.7548148148148155,2.3461912049790827,1.7296910437465558,10.560658118764618,5.5249775E8])
(0.0,[0.7433673469387753,9.695816326530615,2.9032188017346936,5.613459678098042,9.505915306122452,4.250242575520292,1.8652686380674717,2.5205622657226137,1.466601123144523,10.551005283749113,7.02507E8])
(0.0,[0.7749494949494954,9.719595959595962,2.841424664949495,5.723747701504845,9.154420243248815,5.485700839972799,1.805207631874299,2.476941128456281,1.6568490773084374,10.631741281808276,6.49994E8])
(0.0,[0.654536082474227,9.743402061855669,2.908295277257732,5.783185459621994,9.220668513745704,5.515891987413011,1.9072441279625891,2.532369008396216,1.685159379298544,10.66132179010224,5.6501E8])
(0.0,[0.6678409090909089,9.817954545454546,2.812292240681819,6.020502181295716,9.96073369905956,5.419324988509129,1.9450826446280989,2.5700000000000003,1.6690554189876037,10.71862379770212,8.1749725E8])
(0.0,[0.6747474747474747,9.630202020202017,2.8869633953939395,5.782874170274167,8.983777509791796,5.499069944452611,1.8437853280277519,2.49132741556984,1.7003185567921641,10.555994743479594,9.2000575E8])
(0.0,[0.6569387755102039,9.712755102040816,2.765625510714286,5.446015274563434,9.311428413633495,4.920227125675254,1.897800916284881,2.5150562265722605,1.5636057064139943,10.56175579750811,1.9299775E9])
(0.0,[0.681734693877551,9.834795918367352,2.933795092142857,5.890371186618978,10.435517999158428,5.49858429196462,1.938904623073719,2.6751062057476056,1.688279257594752,10.76534764144047,8.1749725E8])
(3.0,[4.942121212121212,6.645454545454545,5.861313131313133,0.040386270871984986,0.03526178107606655,0.025027849927850006,0.1472482399755125,0.1514784205693299,0.10405876951331515,10.149640321677207,2.68985E9])
(3.0,[5.1574489795918375,6.7217346938775515,5.657857142857143,0.005598579844308882,0.004286650536503323,0.0064891752577318895,0.060058309037900735,0.05533735943356937,0.06737609329446077,10.188536305903655,0.0])
(3.0,[5.264040404040403,6.548080808080806,5.765353535353534,0.01186922284065149,0.029709544423830038,0.040510843125129294,0.08331598816447301,0.13880624426079016,0.17421691664115913,10.193136897633067,0.0])
(3.0,[5.336734693877548,6.4183673469387745,5.863775510204081,0.01185520723753418,0.02333957500525971,0.02077838207447939,0.08205331112036598,0.11802582257392746,0.11541232819658467,10.20308613519328,0.0])
(3.0,[5.364848484848483,6.574242424242428,5.674545454545457,0.024619109461966594,0.018004267161409966,0.023310760667903854,0.12157330884603615,0.10008570554024988,0.12185491276400441,10.210690575863293,0.0])
(3.0,[5.355638297872341,6.567978723404254,5.691702127659578,0.001128082818576976,9.582361015785559E-4,0.0018852436513383656,0.02882978723404257,0.025676776822091248,0.03478497057492056,10.208799934451656,5.236521505376345E7])
(2.0,[-0.4555670103092784,9.455979381443298,2.6194596711340212,0.06344160223367698,0.014432624570446676,0.01857668752246291,0.19135083430757785,0.09024976086725474,0.1113050002975874,9.826909934164595,5.124951041666669E7])
(2.0,[-0.6734693877551022,9.476734693877548,2.5930084418367345,0.010284746475909951,0.007199537134441392,0.007801209148439574,0.0775343606830487,0.060074968763014776,0.07359019931278636,9.84898734879145,5.0511E7])
(2.0,[-0.7869387755102044,9.41632653061224,2.732825489795918,0.006864759099516115,0.0025533768146433844,0.003531453401828982,0.0699042065805914,0.04189920866305772,0.04872347159516865,9.836955017953278,5.061796907216494E7])
(2.0,[-1.0051020408163267,9.394897959183675,2.71489663877551,0.016392257521565333,0.004115968861771512,0.009424007332094617,0.10131611828404831,0.05375260308204926,0.07730296568096634,9.832123664737765,5.0617020618556686E7])
(2.0,[-1.4249999999999994,9.539183673469386,1.975506358163265,0.053907731958762924,0.008226130864717,0.01947673568037567,0.20020408163265307,0.06842149104539753,0.1087415640982923,9.849015220926592,5.0623938144329906E7])
(2.0,[-1.3239795918367347,9.422959183673468,2.5306050061224488,0.025366473806017246,0.009241668419945347,0.009206691029695823,0.10614743856726355,0.05923365264473138,0.07083600907955027,9.848078064564492,5.060789690721653E7])
(2.0,[-1.2801041666666664,9.443125,2.45762146875,0.009813673245614057,0.0018532894736842378,0.0031158996633811166,0.0807378472222222,0.033776041666666895,0.042474935286458466,9.84194955776129,5.115774736842104E7])
(2.0,[-1.2753061224489792,9.443163265306122,2.4580557877551024,0.009637534188933289,0.0023785503892277964,0.0033362043350794435,0.07811745106205738,0.03810495626822163,0.042670683756768205,9.841456754105343,5.082435051546391E7])
(2.0,[-1.357171717171717,9.431414141414146,2.460192502020203,0.018936817151102885,0.007010224695938861,0.014582093733554137,0.10583817977757362,0.0638791960004089,0.09659733327211507,9.84270899625611,5.009179591836734E7])
(1.0,[-1.4667676767676763,8.711919191919192,0.8195596945858586,27.058891486291486,61.58244423830143,28.984210190282298,4.1218508315478015,6.466717681869198,4.4583354348968465,12.776932922576,3.849548E8])
(1.0,[-1.0768965517241385,8.531954022988506,0.42551844432183916,27.12053793103448,66.66027869553595,28.039614923143972,4.178152992469282,6.756644206632315,4.248803508601402,12.708582312188684,3.2666775E8])
(1.0,[-1.1116853932584272,8.683595505617973,1.1806852046067422,26.907384627170583,57.55156874361594,29.184931512201548,3.9891579346042176,6.199267769221058,4.547459450205781,12.618795364585607,4.522264444444444E8])
(1.0,[-1.1261111111111106,9.053555555555556,0.8679188386666667,35.481210549313346,67.10339171036205,28.373580293334328,4.944691358024691,6.818414814814815,4.280976210488888,13.466363016407817,3.2928471428571427E8])
(1.0,[-1.2834693877551027,8.652857142857144,1.1671804142857145,27.640558973280022,65.68635463917529,31.440456915631305,4.408925447730113,6.755393586005831,4.711766724489796,13.031959794298162,3.061546923076923E8])
(1.0,[-1.1974747474747474,8.326262626262627,0.7829636061616163,24.095494578437425,64.15673997114,36.73764206206943,4.032498724619938,6.575920824405671,4.904876029721456,12.710568992323376,3.736433636363636E8])
(1.0,[-1.272121212121212,8.577979797979799,1.1054494147474747,27.450392393320968,65.99580608122035,34.08088828968311,4.228882767064585,6.6695582083460865,4.998952474951535,13.041277688611428,3.180033333333333E8])
(1.0,[-1.3854545454545453,8.338585858585862,1.1209959044444446,31.668171985157706,65.52860002061429,26.758299356643978,4.488576675849405,6.7178777675747385,4.322457173916948,12.707150235093215,3.407135E8])
(1.0,[-1.2291954022988505,8.226091954022985,0.8626220478620691,31.137977252071636,68.31163571237637,29.23303781370343,4.424684898929846,6.759614215880567,4.345047519010704,12.879447210142278,4.3888677777777773E8])
(1.0,[-1.3168085106382978,8.797553191489362,0.9950098684042556,33.75641551132465,65.97790255090368,28.515222736489225,4.574255319148935,6.751161158895426,4.436398183553645,13.217286586972037,4.710114E8])
(1.0,[-1.7758163265306126,8.45061224489796,1.002485396122449,32.181896749421405,65.12633570376603,31.32380966854241,4.601563931695128,6.614581424406494,4.618662185193672,13.195458657447999,3.810089E8])
(1.0,[-1.9239393939393936,8.690404040404044,1.2402771481818187,37.84099758812615,59.65497534528965,21.438985827938314,4.9742944597490055,6.366217732884397,3.8061180156841146,12.92920314878904,3.475036666666667E8])
(1.0,[-2.3791836734693885,8.441632653061225,1.0736447646530616,30.420640563854413,63.58631895644856,23.555147827540633,4.5714785506039135,6.4704498125780905,3.911439376638068,12.770540528287768,5.188903333333333E8])
(1.0,[-3.1216326530612237,8.267959183673469,1.5511908217755104,24.216865348201136,54.082834967389026,20.410055787691622,4.088979591836734,5.944493960849643,3.685291110614328,12.17483266435897,5.82496625E8])
(1.0,[-3.047882352941178,8.35823529411765,1.4027355822588237,28.78292641456583,57.16472899159662,20.23794919818142,4.364224221453288,6.2702698961937715,3.6459022197337028,12.400395031357142,4.8624425E8])
(1.0,[-3.2408163265306125,8.258775510204085,1.5231162037755108,29.44988592467915,65.5666294130023,28.737257971147244,4.630799666805496,6.678796334860474,4.2649160600291545,13.06779457391093,4.290993636363636E8])
(1.0,[-3.210217391304348,8.461521739130433,1.1546205911956517,33.30970324892501,60.72391634018158,24.910371462366722,4.861294896030247,6.227310964083176,4.132967743395559,13.126724486780027,7.660034E8])
(1.0,[-3.1159595959595965,8.122323232323236,1.1830441379797985,31.317852896310043,67.19142618016905,28.800574863854692,4.660526476890111,6.663695541271296,4.432904159412306,13.130230593293511,5.122238888888889E8])
(1.0,[-3.221717171717173,8.345353535353537,1.2942081865656567,31.15163069470212,63.7075088023088,27.714436330596783,4.64129578614427,6.431317212529332,4.3626636808999075,13.123458353677552,4.670013E8])
(1.0,[-3.098080808080808,8.071616161616163,1.1886848803636367,30.694274850546282,60.91662797361368,24.00277170000174,4.619187837975719,6.415408631772269,3.8484923818842987,12.662877624220883,6.556571428571429E8])
(1.0,[-3.039239130434782,8.197499999999998,1.289935748586956,29.912651063067358,54.3298673076923,19.59586531314023,4.585342627599243,5.939076086956522,3.460900760108696,12.164809780392686,6.383208333333334E8])
(1.0,[-3.0756122448979606,8.112653061224487,1.0711430693877557,28.886348590363987,69.1987990742689,27.054621122411067,4.6127301124531455,6.859962515618492,4.362958734402334,13.136068534774363,5.737495E8])
(1.0,[-3.0667021276595743,8.183723404255316,1.1722192646808507,30.009693308167463,58.4609182452528,21.09908203230319,4.650248981439563,6.213143956541421,3.86222252580353,12.479298452468313,4.311082222222222E8])
(1.0,[-3.140816326530613,8.535816326530606,1.1609261732653058,25.418634378287397,59.53346169787502,22.115203652335307,4.221566014160767,6.2809371095376925,3.959799848354854,12.536792185010523,3.6769692307692313E8])
(1.0,[-3.1308163265306117,8.278265306122448,1.1903905694897956,25.876481800967813,57.77014232063959,19.592937320818262,4.302261557684299,6.099808413161181,3.790594936978342,12.33101409003547,4.36676E8])
(1.0,[-3.1826262626262625,8.325757575757576,1.4341263150505055,26.308588950731796,54.06257773654915,19.889306724104255,4.304715845321907,6.068007346189165,3.7653806475318867,12.22660713122641,4.670044E8])
(1.0,[-3.106701030927836,8.326185567010306,1.1896040000000003,27.817030670103097,59.117182173539526,22.463008838790685,4.2442916356679765,6.189322988627911,3.7818823030927846,12.37773710837482,3.1538038461538464E8])
(1.0,[-3.14888888888889,8.652828282828287,1.3550182421212118,26.129224263038548,61.0714041640899,22.29791320485732,4.062828282828282,6.416163656769716,3.7721901088644016,12.537283353799067,3.2466840000000006E8])
(1.0,[-2.9402040816326527,8.063367346938778,1.0666955950408166,27.403397896065663,65.02978338943825,27.314219580868638,4.258767180341522,6.444381507705122,4.1651715475127045,12.761877081510342,4.010041E8])
(1.0,[-3.0852040816326523,8.32112244897959,1.3277059329591838,28.44922109194193,61.618793572480556,23.34720083353495,4.40030612244898,6.393048729695961,3.821318747282383,12.516359292456405,4.3111166666666675E8])
(1.0,[-3.2088172043010736,8.29118279569893,1.2901251882795697,24.173356194483393,65.55050402057037,26.266123595145903,4.027406636605389,6.4333518325818,3.978565112669671,12.831999241592762,4.300062222222222E8])
(1.0,[-2.886565656565657,8.608383838383839,1.6043118993535355,24.23317992166564,53.68403001443002,18.481101420957213,4.123544536271811,6.073453729211306,3.2767963642371196,12.04070206754375,3.942209166666667E8])
(1.0,[-3.1577647058823533,8.302470588235295,1.2695766418352945,28.674143753501397,64.82213072829134,22.655184097856445,4.501713494809689,6.543504498269898,3.8110505851393763,12.837765556607613,5.657174285714285E8])
(1.0,[-2.173814432989691,8.44556701030928,0.6651503525773196,28.788646756872854,72.15802701890037,38.504299532593606,4.51037304708258,7.0297226060155165,4.935131558486556,13.467788779856429,4.070069E8])
(1.0,[-2.9853535353535348,8.536464646464644,1.0768329487474753,23.657784312512895,56.66817206761492,20.047014338297604,4.131439649015406,6.065936128966433,3.766428451669013,12.315288464295309,3.790039E8])
(1.0,[-3.0084848484848488,8.490404040404043,1.073255886565657,24.890082374768095,55.11281820243251,19.335391505148635,4.166115702479337,6.095567799204165,3.5433527097255393,12.15292870257354,5.01119E8])
(1.0,[-3.018888888888889,8.082424242424246,0.9999261357373737,33.52569569160998,55.866496103896104,21.584160200164483,5.005746352413019,6.13967554331191,3.7330147520718295,12.281164242770586,4.560028E8])
(1.0,[-2.8944444444444457,9.359595959595953,0.8492768244848485,7.240835147392291,14.490101875901876,10.421992375932065,2.1837261503928165,3.2236649321497817,2.180901014899297,10.588925000232702,6.016693333333334E8])
(1.0,[-2.9246938775510194,9.290816326530614,1.2783669027755107,7.695297328003364,13.694481800967807,12.486506166594362,2.2234693877551015,3.026326530612245,2.394878026702208,10.685438469601284,1.8249815E9])
(1.0,[-2.9118367346938765,9.346020408163266,1.0614142293061226,7.8592130864717005,14.025356164527663,10.651419341793858,2.2651020408163265,3.081653477717618,2.156025583746772,10.655857579900346,1.8249815E9])
(1.0,[-3.094123711340208,8.358969072164948,0.8263478921649485,33.16383906786941,66.9557030927835,25.52598527705027,4.75532362631523,6.646302476352429,4.068090562042726,13.091332027914309,4.272766363636364E8])
(1.0,[-3.138181818181818,8.329090909090914,1.0813730314545453,25.19572523191094,65.34154100185526,25.23051006021192,4.267768595041324,6.554012855831038,3.779594346413223,12.592005822934437,3.499990769230769E8])
(1.0,[-3.3670408163265306,8.505306122448987,1.083095593122449,24.92497362718284,63.43529526614768,26.624997573331186,4.192959183673471,6.535918367346939,3.876290817859226,12.765257373218429,3.059977333333333E8])
(1.0,[-2.771515151515151,9.130101010101011,1.5206636591111111,7.439735435992578,13.290133663162235,12.476161039061562,2.1987144168962343,3.054047546168758,2.4729526147699215,10.517895112504164,4.49981E8])
(1.0,[-3.2439583333333335,8.826041666666665,1.63075289225,17.105881008771927,27.69468942982457,15.51659698042846,3.2552907986111106,4.121875000000001,3.095176735625001,11.31955410658126,7.799986666666666E8])
(1.0,[-3.3009278350515463,8.495979381443297,1.4884091495463914,19.561135588487975,37.40781595790377,17.41261324944102,3.5382378573706026,4.7281028802210665,3.282574744741418,11.52288163676749,6.28009E8])
(1.0,[-3.4074489795918352,8.427244897959188,1.3657873387755102,29.965231569535028,67.40646965074689,25.959112593947644,4.591886713869223,6.859770928779674,3.938824763931694,13.040553264860389,4.559967E8])
(1.0,[-2.991122448979592,8.309693877551016,1.6263807243469384,28.990618314748573,59.72824217336417,23.207945663586752,4.4943190337359455,6.249712619741772,3.9188934337363603,12.640737180801874,5.57495125E8])
(1.0,[-3.242164948453608,8.197319587628865,1.6726348580824746,28.650848389175252,59.75045315721649,27.007436608849048,4.563747475821022,6.318805399085983,4.223494807433734,12.696740072334034,4.511444E8])
(1.0,[-2.9988888888888887,7.893111111111111,1.7661050844444446,31.432935830212223,58.77212729088642,24.141445463791104,4.8002716049382705,6.146320987654323,3.8904757709135804,12.57139591245961,6.333365E8])
(1.0,[-2.7198901098901094,9.22505494505495,1.1493477931208789,17.58797665445665,28.104949719169717,15.47126226333728,3.4708754981282466,4.273795435333896,2.8279894515966673,11.37264222574765,8.40042E8])
(1.0,[-2.8340404040404037,9.097777777777777,1.5272674726262627,5.8674610595753425,10.077464399092975,9.639394100438414,1.9361636567697174,2.67016835016835,2.200098197877767,10.356087055988874,1.02997575E9])
(1.0,[-2.7644897959183683,9.199591836734692,1.6291603581020406,7.494676541131915,13.59044725436566,11.163301662522514,2.1295210329029572,2.8356976259891713,2.345870894708872,10.608365889862524,1.00037E8])
(1.0,[-3.164897959183673,8.19183673469388,1.208875354040816,29.689942772985475,58.864507931832506,22.14614494023412,4.520828821324448,6.155435235318617,3.7556080666972096,12.452692517070489,4.85000625E8])
(1.0,[-3.1639393939393945,8.446969696969695,1.0321196863636362,27.73271187384045,62.782211131725404,22.892587848781385,4.559051117232935,6.416033057851241,3.8456157396694226,12.730198534570555,4.199968181818182E8])
(1.0,[-3.2063829787234037,8.238829787234044,1.2051109626595746,29.120105056051255,57.786083562113944,24.575324566686596,4.576188320507017,6.074323223177909,4.17213016156632,12.6779695357593,5.155673333333334E8])
(1.0,[-3.3146938775510204,8.348673469387753,0.9844175705714284,26.36218186408585,66.93416420155694,25.88259618818527,4.295018742190755,6.749366930445646,4.164456754997085,12.770674271824191,2.773294666666667E8])
(0.0,[-1.2506060606060603,9.941313131313134,0.3124425154545456,4.495748608534324,16.47556866625438,11.363844495433204,1.7137067646158552,3.4421344760738695,2.25304813886134,10.695445921649858,1.069977E9])
(0.0,[-1.1628282828282823,9.936969696969703,0.3105164117979798,4.469187837559266,16.360382560296852,13.27152988457765,1.687503315988164,3.483973063973063,2.4075983124819924,10.746879314241687,0.0])
(0.0,[-1.0968367346938772,9.870714285714286,0.06240341734693883,4.545475457605726,15.233206701030925,10.63936564150022,1.720177009579342,3.328265306122449,2.2105211769012914,10.596332116854835,6.083373333333334E8])
(0.0,[-1.1281818181818182,9.794747474747474,-0.04705211953535357,5.052519109461966,15.327890496804775,10.561139084641871,1.780422405876951,3.277532904805632,2.1311779326938067,10.550154121982176,0.0])
(0.0,[-1.184795918367347,10.062551020408167,0.16969844153061225,4.315847896065644,13.778229507679356,10.996655178676658,1.6740857975843404,3.189181591003749,2.2317487491732613,10.775134411008768,0.0])
(0.0,[-1.1799999999999988,9.927171717171719,0.08199727167676751,4.708236734693878,14.341498041640897,10.683108107047907,1.724444444444444,3.214745434139374,2.1286959761203947,10.655608063794439,3.129975E9])
(0.0,[-1.1533333333333338,9.750404040404042,0.3652729654949495,4.081577551020409,14.25514065141208,12.441228014593346,1.6175757575757574,3.115147433935313,2.3964557831853894,10.546965160544687,0.0])
(0.0,[-1.1034343434343425,9.915454545454539,0.3659608583030304,5.1829493094207395,15.992502597402598,13.428999699611245,1.8470298949086827,3.367107438016528,2.4760044005595345,10.81227173640477,1.050019E9])
(0.0,[-1.1946464646464647,9.870303030303027,0.33899531389898974,4.408219006390436,14.387053988868276,12.287416334821215,1.6921681461075406,3.0392837465564746,2.367678092877461,10.668099177682834,1.0500035E9])
(0.0,[-1.1004040404040407,9.809393939393942,0.030955322343434295,4.861065141208,13.062156771799632,10.516118063015917,1.7330864197530857,3.128099173553719,2.152815390773595,10.558646207617981,2.049988E9])
(0.0,[-1.1211111111111114,9.911919191919187,0.14665950929292917,5.372877324263038,14.152307503607505,10.085551995562591,1.8949719416386082,3.1275951433527185,2.134863397845116,10.654494690979114,1.050079E9])
(0.0,[-1.003163265306122,9.823163265306123,0.4320985798571426,5.593543498842835,15.387217725646959,11.763464307487611,1.8252144939608497,3.395139525197834,2.365393773775511,10.644659133823735,5.29587E8])
(0.0,[-1.1196969696969699,9.886767676767676,0.27240695202020193,5.047643784786641,12.45726699649556,9.633129702339584,1.7730700948882763,2.8712090602999694,2.0480050149352103,10.609773082367358,8.833416666666666E8])
(0.0,[-1.2803030303030305,9.865252525252528,0.4739605786868686,5.086598886827461,12.282504782519071,11.316380217782669,1.7697826752372205,2.8370329558208347,2.2786073199183767,10.718016518839898,2.1550295E9])
(0.0,[-1.1635353535353536,9.853131313131314,0.56586354989899,4.422480230880229,9.926184992784993,9.764785047963553,1.6368799102132432,2.6176328946025915,2.1525902863258866,10.560695725718821,0.0])
(0.0,[-1.0560204081632651,9.849285714285713,0.561352885979592,3.4232510098884923,11.804338659793816,10.398152709649501,1.4560162432319865,2.844212827988338,2.166905976951271,10.558372599829124,1.100006E9])
(0.0,[-1.0842424242424245,9.900303030303029,0.5986073895959596,3.6212307977736558,11.859898886827455,10.552329385500649,1.4965595347413525,2.8495990205081108,2.2032944745638203,10.613033394729555,1.6500245E9])
(0.0,[-1.0102020202020205,9.856464646464651,0.5036777060808081,5.864963224077509,12.93038023088023,10.38652039185723,1.9147372717069686,3.098996020814203,2.2028164376059594,10.629217639020894,8.299865E8])
(0.0,[-1.0170103092783505,9.911340206185567,0.29922639789690736,5.524223260309278,11.376834643470788,11.852278133695597,1.86963758103943,2.808487618237856,2.2565075718269743,10.773563399686351,0.0])
(0.0,[-0.9474489795918369,9.826020408163263,0.6764309379183672,5.24742538396802,15.102688123290553,11.68434804213603,1.8719429404414825,3.28332569762599,2.3582971214019173,10.627007924088236,1.100006E9])
(0.0,[-0.9277777777777778,9.917373737373737,0.31601959571717175,5.556425623582769,14.142613440527727,10.649162876019203,1.878294051627385,3.148011427405367,2.1562868694639317,10.675438483585951,0.0])
(0.0,[-1.0138383838383842,9.982525252525253,0.5159222700000001,5.739248381776955,11.790525190682333,12.518511091136427,1.9125497398224667,2.857094174063872,2.38782580969697,10.860297587107866,0.0])
(0.0,[-0.9445454545454541,9.91646464646464,0.2645649454141416,5.3833719851577015,13.604512883941453,10.879166463953059,1.7677502295684109,3.0931496786042247,2.191562749799816,10.695888925540512,2.150025E9])
(0.0,[-0.9408247422680415,9.94381443298969,0.529648977773196,4.838526396048112,13.528996756872848,11.639607417329886,1.7499054097141036,3.1429206079285787,2.3206588408047626,10.706559444265393,1.3750305E9])
(0.0,[-0.9148484848484848,9.915252525252525,0.6645078783838381,5.158804823747682,14.251666007008868,12.42862037787668,1.7721824303642486,3.149537802265075,2.406478234782165,10.756366908254746,1.599976E9])
(0.0,[-0.8677551020408159,10.030612244897958,0.32841716769387747,5.4246340837365885,14.042566631601094,10.688417760333076,1.772178259058725,3.042832153269473,2.122261209041233,10.802769191037093,2.100067E9])
(0.0,[-0.8931313131313136,10.02040404040404,0.3036374556969697,5.4159319315605,13.55664269222841,10.62149190938349,1.7658647076828893,3.015324966840118,2.1361002270547895,10.79422806194615,7.359984E8])
(0.0,[-0.887979797979798,10.006161616161613,0.3483507006666665,6.455297917955061,12.290550422593288,10.62961202678497,2.0008713396592186,2.9564024079175586,2.1785468858047135,10.79768830301777,5.46253125E8])
(0.0,[-0.8923469387755101,9.790918367346936,0.720210627795918,5.238354228908059,12.826495024195246,12.394148375644717,1.7545439400249896,3.023756768013329,2.44795825155352,10.648822849333508,2.249878E9])
(0.0,[-0.8046464646464646,9.817070707070707,0.6456595114141412,5.189604720676151,14.815208678622971,12.578938285697065,1.7972186511580455,3.162352821140699,2.4338495515539234,10.671078889354533,2.139984E9])
(0.0,[-0.9369387755102043,9.84846938775511,0.3977697533265304,4.299924552913948,12.561489385651173,10.648316372016623,1.661207830070804,2.946459808413161,2.1748762500733023,10.557800262069158,1.624954E9])
(0.0,[-0.8891919191919192,9.832929292929295,0.895916214787879,5.770587095444239,12.775535209235214,12.278786695467524,1.8964534231200898,2.9652647689011333,2.4197442028429754,10.706618618642253,9.550095E8])
(0.0,[-0.9460999999999999,10.013399999999997,0.5238385755599999,4.978121000000001,9.800543878787886,8.504411015858869,1.7237780000000005,2.57726,1.9558329093303994,10.655331164844492,5.750045E8])
(0.0,[-0.900408163265306,9.853979591836735,0.8227801770816323,4.812816326530612,10.663752040816325,10.924884486543446,1.6758850478967102,2.704999999999999,2.283816333768014,10.621092918472554,3.545116363636364E8])
(0.0,[-0.9896000000000006,9.8567,0.5407278135800001,4.858795797979799,10.120899101010103,9.425092368486014,1.7426559999999998,2.6771659999999993,2.0112622719804003,10.556574611886042,5.499875E8])
(0.0,[-0.8177551020408163,9.817551020408168,0.8466852931224488,5.050232021880918,12.47378569324637,11.182641171918107,1.7546730528946273,2.963519366930445,2.2825966942873808,10.585324018091182,5.033875E8])
(0.0,[-0.967070707070707,9.744242424242426,0.9272842745858587,5.191259699031126,11.65961038961039,11.485912200450935,1.817420671360065,2.8196388123660854,2.3945435624899503,10.581266580096624,6.657192857142857E8])
(0.0,[-0.9585714285714285,9.815510204081633,0.6407122795306122,4.820946391752578,10.727893035977278,9.928158932574773,1.6987755102040811,2.6745814244064965,2.133550036865888,10.570499860104176,3.399994E9])
(0.0,[-0.8291836734693878,9.734897959183677,0.719376730938776,4.883704481380181,12.095369577109198,9.61629068162008,1.7198125780924614,2.896734693877551,2.1687099281432722,10.462222990257871,1.130036E9])
(0.0,[-0.9624742268041235,9.872577319587625,0.7572632493814432,6.518768814432991,12.432221413230238,10.011227765637962,1.9314698692740986,2.9739377192050163,2.150011486799872,10.712029482855023,7.333066666666666E8])
(0.0,[-0.9363636363636362,9.756969696969698,0.6386429798383838,5.384884601113171,10.875900927643784,10.197193660826981,1.8081542699724515,2.704413835322925,2.170205981332926,10.53192828959345,0.0])
(0.0,[-0.961010101010101,9.939292929292932,0.5467399927474749,5.780254071325498,10.691812760255615,9.301911453713606,1.8160085705540252,2.6982471176410576,2.05438645225426,10.683138577267984,5.7743075E8])
(0.0,[-0.8509183673469384,9.777142857142854,0.9011666841632654,4.431886776772564,9.804408247422684,11.319672646861084,1.5331986672219904,2.592244897959183,2.3745581480124938,10.569236219403484,1.1533406666666667E9])
(0.0,[-0.8434020618556701,9.918865979381442,0.39091803041237105,5.121143513745705,11.330574742268036,10.430367471884757,1.7790328408970129,2.841192475289616,2.081404536635137,10.645342809039235,1.2569986666666667E9])
(0.0,[-0.7416326530612246,9.756122448979596,0.6277868513673471,4.0723869976856735,10.176314706501158,9.125305284947588,1.565002082465639,2.6426072469804236,2.021109846045815,10.41295344636395,1.119995E9])
(0.0,[-0.8712244897959183,9.890000000000002,0.7870615174285713,4.361503639806438,6.204445360824746,8.04860246864082,1.5242607246980426,2.038979591836735,2.052900098104955,10.538198395073033,0.0])
(0.0,[-0.6239795918367342,9.906530612244895,0.8022106928979591,4.031438638754474,6.257606395960446,8.886223674459359,1.6394897959183676,2.059795918367347,2.06400176131362,10.539964408020309,1.1733296666666667E9])
(0.0,[-0.8207070707070707,9.735151515151518,0.8038756839191918,4.1681025561739835,9.872308905380331,11.186963418432553,1.5050729517396189,2.6190388735843273,2.3405958237290077,10.496440102415013,1.356669E9])
(0.0,[-0.9211111111111115,9.856868686868683,0.6435958274141409,4.350926303854876,6.604617645846219,7.909548045631884,1.5336026936026932,2.0961677379859194,1.9628893041481479,10.495606279776322,1.349945E9])
(0.0,[-0.6550505050505053,9.793939393939395,0.8367571311919193,3.622731374974233,5.6756526901669755,8.354265996416963,1.5302520151005004,1.9398163452708905,1.9693013548331801,10.394597111444602,1.1733296666666667E9])
(3.0,[-5.140618556701031,-2.2040206185567017,7.75166286597938,0.00544961340206183,0.0022013745704467153,0.0018793143583489466,0.05985120629184829,0.03973217132532675,0.033433289913912013,9.5593055844385,0.0])
(3.0,[-4.988775510204082,-2.2765306122448985,7.8877101877551015,0.002773742899221483,0.0012764990532295258,0.0016710937415214844,0.035576842982090504,0.02916701374427327,0.029084393211161706,9.60682469745775,0.0])
(3.0,[-4.435408163265306,-2.263265306122449,8.229470295918365,0.0016189038501998744,0.00114386703134861,0.0010402568470352018,0.03048729695960034,0.02513952519783416,0.026004060183257526,9.61883416222845,0.0])
