(1.0,[3.6156565656565665,8.429494949494948,1.4289898989898986,31.83632073799217,54.59845586477013,11.695674479488767,4.8822446689113335,6.5645709621467185,2.767019691868177,11.821947736207544,4.460022E8])
(1.0,[3.608421052631579,8.199157894736842,1.7053684210526312,28.785185778275466,57.81397375139978,12.214480447928322,4.430792243767314,6.883762880886428,2.7636121883656504,11.689235972425948,3.407827692307693E8])
(1.0,[4.014545454545453,8.395757575757578,1.4323232323232322,31.57014341372912,52.020169573283866,13.373501690373123,4.720679522497704,6.3621242730333645,3.1033568003264977,11.895946060339712,4.0272663636363643E8])
(1.0,[3.9283838383838376,8.577474747474753,1.4873737373737377,26.837774912389204,53.10856600700883,11.264678746650173,4.376986021834508,6.419520457096211,2.708362411998775,11.736632844666088,3.683344166666667E8])
(1.0,[4.1364646464646455,8.607979797979793,1.826666666666666,28.013933292104717,47.41679995877139,11.784608163265306,4.31515763697582,6.075898377716562,3.0161616161616163,11.886526600875591,4.9334033333333325E8])
(1.0,[3.897575757575758,8.37646464646464,1.8350505050505055,24.523767532467534,45.93913329210473,10.03161708925995,4.13300887664524,5.940944801550861,2.4920722375267848,11.367931047830623,6.683298333333334E8])
(1.0,[4.097142857142859,8.699489795918366,1.3399999999999999,28.798649484536092,56.39834922154428,11.879084536082475,4.398833819241986,6.634183673469387,2.9028571428571426,12.053340163334862,3.3846346153846157E8])
(1.0,[3.8322,8.192599999999999,1.4111000000000005,27.741918343434335,56.91519115151516,11.46285433333334,4.114244000000001,6.723703999999998,2.8659220000000007,11.649445778830973,3.666610833333333E8])
(1.0,[3.7328571428571418,8.248265306122448,1.6265306122448975,26.985608247422682,56.99275469177364,12.424165158847044,4.360116618075803,6.67442315701791,2.8739566847147024,11.792462637409745,3.698755833333333E8])
(1.0,[3.7640404040404043,8.348080808080802,1.565454545454545,24.660163100391674,54.85964423830137,13.767296474953618,4.08610141822263,6.687315580042852,2.979724517906335,11.763742337263926,4.944526666666667E8])
(1.0,[3.875684210526316,8.24136842105263,1.4170526315789471,28.753277984322512,53.50575449048152,12.536316752519602,4.440542936288086,6.498703601108034,2.8607867036011077,11.833962749515903,4.109109090909091E8])
(1.0,[4.14295918367347,8.294795918367345,1.6193877551020406,31.09129733852305,53.66162109194192,10.081082095518621,4.503631820074968,6.575816326530614,2.5971178675551845,11.802125189454205,4.4300229999999994E8])
(1.0,[3.7663636363636366,7.867070707070706,1.767272727272727,26.661792764378475,53.51263316841888,11.98019350649351,4.333553719008262,6.363160901948779,2.8073461891643707,11.513430385682264,3.3908909090909094E8])
(1.0,[3.5624000000000002,8.375400000000004,1.5787,26.485559838383836,52.54193822222224,9.062748797979795,4.217599999999999,6.452616000000002,2.4035779999999995,11.4873005093895,4.9000033333333325E8])
(1.0,[3.666969696969696,8.478080808080811,1.7274747474747476,24.532480519480515,48.74419525870954,7.979745598845603,4.287444138353227,6.164207733904704,2.279773492500766,11.314130263927455,4.177788888888889E8])
(1.0,[3.715102040816327,8.334795918367343,1.644591836734694,23.8462726698927,50.642231401220286,8.809256017252263,4.006218242398999,6.246420241566015,2.5906039150354014,11.342844827083148,4.700012E8])
(1.0,[3.7638383838383827,8.350505050505047,1.6234343434343435,29.00421368789939,49.71417015048445,12.207351350237062,4.486534027140088,6.09727782879298,2.964744413835322,11.73547701592775,5.450325E8])
(1.0,[3.703232323232324,8.303434343434345,1.6741414141414137,27.422389445475154,55.27187992166561,12.140463285920431,4.373223140495868,6.562862973166005,2.7984777063564934,11.7889280363123,7.333271666666666E8])
(1.0,[3.7011000000000003,8.109799999999996,1.6148999999999998,29.932793727272724,52.1870625858586,11.545227262626263,4.630344,6.361783999999998,2.6850920000000005,11.589567947849934,5.4500575E8])
(1.0,[3.6403030303030297,8.087878787878788,1.5889898989898992,28.867031539888682,48.96660055658628,9.68191325499897,4.506978879706155,6.032041628405263,2.6673033363942453,11.415179424068123,7.233226666666666E8])
(1.0,[3.5529292929292935,7.905252525252522,1.596666666666667,28.65018418882704,48.426623149866,9.668995918367344,4.478632792572186,6.002477298234873,2.6593939393939396,11.219938757744295,5.759888E8])
(1.0,[3.6119387755102044,8.157959183673468,1.4587755102040816,32.764929192089205,51.348216410687996,12.353035598569322,4.684835485214495,6.2291836734693895,2.9083673469387756,11.787441157348068,4.5624925E8])
(1.0,[3.594444444444445,8.170505050505051,1.5330303030303032,27.97442698412698,52.084629334157924,11.371094805194806,4.398294051627385,6.3988837873686375,2.7765166819712284,11.583056870687368,4.811164444444444E8])
(1.0,[3.6639000000000004,8.4346,1.5841999999999998,24.642256353535362,51.610245292929285,10.233671070707073,4.095533999999999,6.369983999999999,2.6792839999999996,11.475604608215518,4.0000227272727275E8])
(1.0,[3.6601010101010103,8.232727272727269,1.5949494949494947,24.887566316223456,53.777358812615965,11.620068109668114,4.147780838689929,6.38497704315886,2.9179267421691684,11.580709572634225,4.922214444444444E8])
(1.0,[3.8676000000000013,8.081299999999997,1.6509000000000003,25.34549923232324,50.904179101010094,10.08169514141414,4.074704,6.1631779999999985,2.696482,11.28044599680299,3.6416375E8])
(1.0,[3.8518181818181816,8.381212121212117,1.1555555555555552,29.260617068645644,56.19072708719854,13.00242290249433,4.378292011019287,6.686225895316804,3.0993265993266,11.955326420500112,3.35452E8])
(1.0,[3.0394949494949492,7.478080808080808,1.3231313131313134,29.405147701504852,54.8086524015667,13.0476931560503,4.449994898479749,6.454829099071524,3.0197408427711463,11.357355090392998,4.73751E8])
(1.0,[3.6858999999999997,8.407499999999997,1.4491999999999996,33.08460827272727,54.350521969696985,12.968898343434343,4.7253099999999995,6.4899,2.9221519999999996,12.13837413793615,4.966633333333333E8])
(1.0,[3.5666666666666655,8.064848484848481,1.554848484848485,34.1182693877551,54.67218645640072,14.860088497217065,4.833198653198654,6.458224670951942,3.3231955922865013,11.944582581490723,3.9545509090909094E8])
(1.0,[3.654285714285715,7.9824489795918385,1.4761224489795912,29.93615876288661,52.41809084788556,14.196702335367133,4.4761224489795906,6.410866305705956,3.1740941274468977,11.628287479303541,6.654488571428571E8])
(1.0,[3.7532323232323215,8.393737373737379,1.9004040404040399,26.385573118944546,49.69567874665018,11.570675345289626,4.2461585552494645,6.133598612386489,2.8058626670747877,11.685861152824742,6.27145E8])
(1.0,[3.4423,8.012700000000002,1.4517999999999995,23.0269997070707,51.66693708080809,13.773374505050509,3.8380080000000003,6.309846,3.074891999999999,11.375706527852747,6.242762857142857E8])
(1.0,[3.587878787878788,8.090707070707065,1.8180808080808073,26.740714842300566,52.029025005153585,12.8236687280973,4.127309458218547,6.507409448015507,3.012808897051321,11.533917608258257,4.144524444444444E8])
(1.0,[3.420099999999999,8.176400000000003,1.6885000000000003,26.1086414040404,53.55783943434345,11.746703787878786,4.1277,6.420256,2.8883300000000003,11.549783991739703,4.71248625E8])
(1.0,[3.780909090909092,8.34313131313131,1.4696969696969695,21.34482875695733,49.86916254380543,11.161509090909089,3.766813590449957,6.294261810019385,2.7178696051423326,11.279035294838032,4.977823333333333E8])
(1.0,[3.7197,8.362000000000002,1.9295000000000007,24.381419101010106,48.43292121212122,11.725344191919195,3.9051120000000012,6.044199999999999,2.72372,11.585215493915113,3.724975E8])
(1.0,[3.741010101010101,8.438282828282828,1.3501010101010102,33.64939488765202,46.088226613069466,14.208790806019374,4.64847464544434,5.953786348331804,3.097679828588919,11.94435907237897,3.674965E8])
(1.0,[3.5533673469387748,8.247653061224485,1.40265306122449,30.225274111087725,59.03044907426888,13.852380517567852,4.644864639733444,6.830918367346939,2.9912786339025397,11.877033902572009,3.0E8])
(1.0,[3.7441237113402064,8.789278350515461,1.6110309278350519,20.278445317869423,50.846231765463926,13.711765592783507,3.733068338824528,6.428931873737908,2.960195557444999,11.773000615196601,3.708368333333333E8])
(1.0,[3.597979797979798,8.602424242424238,1.514242424242424,27.846091795506073,51.47836549165121,12.797489981447127,4.4403836343230285,6.349017447199267,2.8177349250076538,11.816014165655838,3.666636666666667E8])
(1.0,[3.584949494949495,8.564545454545454,1.5973737373737376,30.53076198721911,54.920347495361796,11.488656297670577,4.411772268135904,6.558163452708905,2.674529129680645,12.128024750214523,3.63077E8])
(1.0,[3.601717171717173,8.408787878787884,1.7833333333333334,25.385496000824563,59.13731280148423,11.468591836734692,4.039985715743293,7.062767064585244,2.862626262626262,11.610793261474011,3.4999669230769235E8])
(1.0,[3.8959595959595954,8.935858585858593,1.890808080808081,22.023542692228403,48.469732673675516,9.065785054627913,3.9368513416998274,6.1328354249566335,2.4614223038465464,11.797578805781512,3.783315E8])
(1.0,[3.4044444444444433,8.690303030303028,1.4738383838383837,27.667592290249438,54.605247866419276,11.282874912389204,4.173670033670035,6.643746556473828,2.747762473217019,11.839881010092894,4.222208888888889E8])
(1.0,[3.6080612244897954,8.48826530612245,1.4359183673469382,27.456945686934564,58.68417324847466,14.500106879865347,4.426882548937941,6.984893794252398,3.1104831320283215,11.81545219897107,3.0200399999999994E8])
(1.0,[3.9873469387755094,9.092857142857142,1.3923469387755099,25.635840311382296,53.047000000000004,14.664601651588475,4.154298209079553,6.472011661807581,3.131326530612245,12.263600230466015,3.461562307692308E8])
(1.0,[3.4155,9.026200000000001,1.0703999999999996,12.813996717171714,23.263577333333345,10.360286707070705,2.6857700000000015,3.5355999999999996,2.262656000000001,10.985781315052334,3.799928E8])
(0.0,[3.908484848484847,9.005656565656562,1.3828282828282832,7.63696604823748,11.887502370645228,7.476593960008244,2.242338536883992,2.718494031221305,1.8425283134374049,10.577091554170577,7.333476666666666E8])
(0.0,[4.051020408163264,9.090306122448983,1.3014285714285712,6.646104102671997,10.505363822848727,6.38002268041237,2.1744064972927957,2.444418992086632,1.674081632653061,10.618004886414557,4.80011E8])
(0.0,[3.8675757575757577,9.04858585858586,1.4962626262626266,6.711045083487942,13.22491838796125,7.484095073180789,2.090780532598713,2.836812570145903,1.8698908274665849,10.593135968908163,7.440004E8])
(0.0,[4.023200000000001,9.085599999999998,1.3223000000000003,6.9940583434343395,10.040839030303031,6.274415868686867,2.210416000000001,2.439448000000001,1.6313739999999999,10.616991452152238,1.314987E9])
(0.0,[3.8262626262626265,9.005959595959595,1.5226262626262628,7.388425685425683,11.087538610595757,7.0434399711399704,2.2006183042546685,2.5403979185797367,1.8555698398122638,10.512878819066396,1.4733173333333333E9])
(0.0,[4.0235714285714295,9.043877551020408,1.34765306122449,7.091740721649481,12.174230170418681,6.27302227014517,2.1694752186588926,2.648025822573928,1.6350499791753434,10.5802719963451,1.0999985E9])
(0.0,[3.749696969696969,8.995050505050504,1.4274747474747471,8.627947866419298,12.205649742321173,8.241357843743558,2.355439240893786,2.6950066319763293,2.0274890317314562,10.57658211361357,1.049988E9])
(0.0,[3.739200000000001,9.156800000000002,1.2504,10.241177131313135,14.370387636363631,8.04944428282828,2.5941839999999994,3.0844,1.9649120000000004,10.742397629090247,1.5666606666666667E9])
(0.0,[3.6433673469387764,9.049081632653062,1.3664285714285713,8.38284730696402,15.036047601514822,7.776806701030925,2.3860870470637225,3.036761765930861,1.9769679300291543,10.60342401277031,1.446655E9])
(0.0,[3.829183673469387,9.094795918367348,1.1295918367346933,10.135467367978121,14.68616335998317,7.005078182200716,2.574760516451478,2.9934402332361527,1.7794835485214489,10.709300311467727,7.5E8])
(0.0,[3.7161616161616164,9.011414141414141,1.313737373737374,10.082193279736135,14.800322469593903,8.040709358895073,2.548678706254465,2.8919028670543816,1.934604632180389,10.606038255421911,8.700012E8])
(0.0,[3.636969696969697,9.176868686868682,1.4748484848484849,8.643564192949906,11.600644176458466,7.02997421150278,2.3476890113253757,2.7016345270890727,1.907468625650444,10.648370606911133,1.07666E9])
(0.0,[3.9176,9.261999999999997,1.0248000000000002,9.753022464646461,11.927151515151515,6.3514130909090944,2.518744,2.59788,1.7040480000000007,10.82349300189891,0.0])
(0.0,[3.468585858585859,9.062323232323235,1.2903030303030296,9.122222469593899,12.350340465883326,7.147960111317255,2.416696255484134,2.758898071625344,1.8995837159473519,10.565441329625653,7.100016666666666E8])
(0.0,[3.7643000000000004,9.0594,1.3221999999999998,9.626277282828283,11.633282464646458,7.112494101010099,2.5324440000000012,2.6843759999999994,1.8565040000000002,10.635569151620853,1.9499815E9])
(0.0,[3.9345918367346946,9.058979591836733,1.5251020408163267,7.962579728592469,10.144889669682302,6.831814937933934,2.293792169929196,2.4754477301124544,1.8453394418992084,10.640617707369778,1.0900066666666667E9])
(0.0,[3.6417171717171715,9.103535353535353,1.494949494949495,8.4975286538858,14.07055165945166,8.247298721913005,2.3487705336190188,2.8606836037139067,2.0403367003367006,10.66297411868455,6.5401E8])
(0.0,[3.999393939393938,9.134040404040405,1.263838383838384,7.585513914656773,10.297993712636574,6.3951300144300145,2.2873278236914603,2.460006121824303,1.7268890929496987,10.668484411141387,0.0])
(0.0,[3.7589795918367357,9.032346938775511,1.563469387755102,6.694479360403956,10.18375216705239,7.443422890805808,2.159062890462307,2.459321116201584,1.9531112036651395,10.543535246404304,6.19477E8])
(0.0,[4.002929292929293,9.193737373737374,1.2929292929292937,7.634931127602555,9.578799154813442,6.235086229643374,2.263791449852056,2.399808182838486,1.720008162432405,10.712500558602784,9.5498675E8])
(0.0,[3.746868686868688,9.026969696969697,1.4629292929292927,9.100272747887031,12.366784601113169,7.874802556173984,2.5055116824813806,2.730388735843283,1.9034771962044685,10.647854841276239,1.069183E9])
(0.0,[3.856666666666666,9.126262626262626,1.2747474747474747,8.365675510204076,10.894395073180789,6.772502741702744,2.355622895622896,2.609735741250893,1.763501683501684,10.658354703659835,1.2366636666666667E9])
(0.0,[3.726565656565657,9.100000000000003,1.3751515151515152,9.95714930942074,14.05225714285714,7.95503339517625,2.487105397408428,2.8325252525252522,2.040814202632384,10.710832170983904,7.75009E8])
(0.0,[3.713939393939393,9.197979797979801,1.5707070707070712,8.737150649350648,12.293485673057104,8.092667862296434,2.419620446893174,2.785472910927458,1.9617794102642596,10.754458448462396,9.6749875E8])
(0.0,[3.8940816326530614,9.072142857142858,1.2613265306122445,8.87739553965916,9.759390206185564,5.870409562381653,2.3962807163681794,2.342201166180758,1.6161536859641805,10.59396473436626,1.059998E9])
(0.0,[3.6880808080808083,9.083535353535359,1.485959595959596,8.98188097299526,13.956053700267992,7.737940651412081,2.411511070298949,2.9329007244158776,1.9843485358636876,10.646660369001559,6.18459E8])
(0.0,[3.1891919191919196,8.804545454545456,1.7430303030303027,14.709717707689137,13.080196474953617,8.516572356215212,3.0765738189980603,2.827015610651974,2.2021793694520975,10.562030508194331,1.050018E9])
(0.0,[3.7121212121212124,8.953434343434346,1.2008080808080805,12.174125046382187,14.311398289012573,7.954823830138113,2.8196020814202627,2.861593714927049,1.980591776349352,10.631796308632445,6.216736666666666E8])
(0.0,[3.9459183673469393,9.155000000000001,1.1493877551020406,10.513469766463281,14.265371649484539,8.433948074900057,2.6462973760932944,2.9158163265306123,1.936634735526864,10.905315861225304,8.05008E8])
(0.0,[3.7267676767676767,8.805353535353532,1.3009090909090908,9.860571078128217,13.634937373737369,8.782771614100186,2.5068299153147646,2.9716049382716045,2.049494949494948,10.474838553295024,1.5E9])
(0.0,[3.9417171717171704,9.02151515151515,1.2004040404040401,8.890273551844981,12.835317068645637,7.4154508554937095,2.392170186715641,2.754551576369758,1.8130313233343534,10.592326219876018,6.99997E8])
(0.0,[3.8217171717171725,8.976666666666672,1.356767676767677,8.702524572253143,13.672818367346945,8.430856792413936,2.401232527293133,2.868013468013469,1.9989164370982553,10.614234918101022,5.549925E8])
(0.0,[3.8589795918367344,9.182142857142864,1.2107142857142854,8.778990700610139,11.918078865979384,7.2860706185567015,2.3008163265306125,2.6761953352769687,1.7825072886297377,10.756749212832817,2.269989E9])
(0.0,[3.792222222222222,8.952121212121208,1.4171717171717164,9.487086848072561,14.289039332096474,9.356181715110282,2.5835690235690243,2.836988062442606,2.1105111723293533,10.66477422893201,3.350006E9])
(0.0,[3.9718181818181826,9.008282828282828,1.3717171717171717,7.1507558441558405,10.828647021232737,6.828367429396005,2.2378879706152444,2.4903458830731555,1.7362289562289563,10.575328710590416,2.74002E9])
(0.0,[3.7910101010101016,8.911616161616163,1.647878787878788,7.348370397856111,11.775866749123885,8.789408719851574,2.3012835424956632,2.6011243750637694,2.101659014386286,10.547075616719265,2.224991E9])
(0.0,[4.004183673469387,8.906020408163268,1.5127551020408168,8.273785409215234,9.469397401641064,6.218131506417002,2.3215972511453553,2.321082882132446,1.6523177842565597,10.520674936662038,1.095009E9])
(0.0,[3.8312244897959182,9.001938775510201,1.2369387755102041,11.235942815064172,14.519758058068593,7.436761666316011,2.728163265306122,2.889733444398168,1.825905872553103,10.669909599627747,1.07499675E9])
(0.0,[3.970515463917526,9.00484536082474,1.1415463917525766,10.428104939862543,12.888104402920954,8.489663208762888,2.5909937294080145,2.897772345626528,2.0059730045700936,10.720042925843588,7.74994E8])
(0.0,[3.664343434343436,9.001010101010102,1.3403030303030308,9.921614615543186,15.206360193774481,8.648096846011132,2.5495786144270993,3.0679910213243553,2.0189837771655945,10.649115307877334,2.150009E9])
(0.0,[3.99050505050505,9.116767676767678,1.2172727272727277,8.917494640280353,13.583677200577197,7.170379220779217,2.368995000510153,2.7900153045607596,1.7553168044077134,10.714710806308261,7.960084E8])
(0.0,[3.7730303030303034,8.919292929292935,1.4122222222222225,8.253376437847864,11.398506637806637,8.474003174603178,2.39544536271809,2.6788246097337005,2.0008754208754214,10.527916117108326,2.870026E9])
(0.0,[3.8684848484848464,9.147474747474748,1.1907070707070706,9.849106864564007,12.900574170274169,7.511312760255617,2.440177532904805,2.7397183960820324,1.8196449341903889,10.790186296623345,1.684998E9])
(0.0,[3.793131313131313,8.882727272727273,1.5054545454545452,7.810997237682952,13.485148608534324,8.923596474953618,2.395890215284154,2.8169696969696965,2.038549127640036,10.53190410708334,0.0])
(0.0,[4.018080808080806,9.01090909090909,1.3654545454545453,7.326474850546277,11.650632838589983,7.298374025974028,2.2522028364452598,2.5220752984389345,1.8404958677685948,10.604912642942272,1.654984E9])
(0.0,[3.8177777777777764,8.764242424242425,1.7073737373737377,8.261862358276641,10.682541001855283,7.922619562976703,2.3967901234567894,2.541169268441996,1.9542230384654624,10.425631944128792,0.0])
(0.0,[3.997979797979798,9.054444444444442,1.4343434343434345,6.598683632240776,9.011957596371882,6.099516656359514,2.102283440465259,2.2413692480359146,1.6410835629017446,10.605594753757524,1.88501E9])
(0.0,[3.8857142857142866,9.034285714285708,1.4177551020408163,7.347944329896907,10.336682474226803,7.094052640437619,2.2419241982507283,2.5131486880466483,1.7145730945439401,10.549208045115304,0.0])
(0.0,[4.122307692307692,8.815384615384616,2.0165384615384614,4.9389224615384615,8.448569846153847,6.504087538461539,1.702544378698225,2.233550295857989,1.8744378698224848,10.492564764573153,1.750185E8])
(1.0,[-0.9451020408163259,8.073673469387757,-1.066734693877551,51.26198607195454,108.30545853145375,96.28331500105196,5.637967513536027,8.584339858392337,8.032040816326528,17.152525771113968,1.9280031999999997E8])
(1.0,[-0.824123711340206,8.24876288659794,-1.3124742268041236,41.139832817869404,102.57184220360824,95.75185839776636,5.2654883622063995,8.299239026464024,8.196471463492403,16.739310720673693,1.8514772E8])
(1.0,[-1.4315151515151514,7.951414141414143,-1.1725252525252523,50.04637217068643,107.0664857349,94.59516804782517,5.789935720844808,8.557822671156005,8.032143658810323,17.05517910680896,1.8480588E8])
(1.0,[-1.118041237113402,8.299072164948452,-1.7979381443298976,35.832455498281774,111.17197933848796,98.11386862113397,4.499472845148262,8.867031565522378,8.251986396003826,17.073925033322535,1.81106E8])
(1.0,[-1.0223958333333334,8.079687499999999,-1.676145833333333,50.545774199561414,110.33643253289482,78.22977762061403,5.461712239583336,8.810559895833332,7.440345052083331,16.767275469299356,1.9391265217391306E8])
(1.0,[-1.303814432989691,8.483814432989693,-1.514845360824742,43.19697384020616,101.2799321735395,89.47002106958762,4.950402805824213,8.344236369433524,7.910687639494104,16.688292870699808,2.1043460869565216E8])
(1.0,[-1.2717346938775513,8.388367346938779,-1.1910204081632652,44.71900211445403,102.94537668840734,68.71949791710497,5.7403415243648475,8.27965847563515,6.70838400666389,16.370845142054254,2.3299865E8])
(1.0,[-1.5722222222222224,9.016262626262629,-0.9818181818181818,51.50889092970523,91.85165425685426,75.43517012987014,5.910078563411897,7.781577390062237,7.122387511478422,16.745225642783712,2.4421131578947368E8])
(1.0,[-1.4573469387755098,8.634387755102045,-1.7550000000000003,48.82602587839258,100.50845786871452,85.01225618556705,5.556014160766345,8.258111203665134,7.6091836734693885,16.975798384554885,1.9400024000000006E8])
(1.0,[-1.118041237113402,8.299072164948452,-1.7979381443298976,35.832455498281774,111.17197933848796,98.11386862113397,4.499472845148262,8.867031565522378,8.251986396003826,17.073925033322535,1.81106E8])
(1.0,[-1.012083333333334,8.296770833333332,-1.6833333333333331,50.749031403508766,105.11185367324562,78.35231087719299,5.471380208333332,8.56634114583333,7.4470833333333335,16.72993629564503,1.9391265217391306E8])
(1.0,[-1.3337755102040814,8.564693877551019,-1.2466326530612246,47.31824229960025,99.31995299810644,85.71123493582999,5.424287796751351,8.119916701374425,7.723642232403164,16.757178606460013,2.0086934782608697E8])
(1.0,[-1.23,8.577040816326534,-1.273163265306123,44.327020618556695,101.74223960656425,69.89304452977066,5.681428571428572,8.201447313619328,6.695718450645564,16.442459517295,2.455002E8])
(1.0,[-1.0906122448979596,8.87734693877551,-1.3443877551020404,42.229051167683565,99.30725680622763,81.83908261098252,5.324119117034569,8.082353186172432,7.56936068304873,16.68063698105918,2.0208233333333334E8])
(1.0,[-1.1952577319587625,8.833711340206191,-1.5179381443298976,43.22262935996563,91.9416694158076,78.43052695446731,5.275642469975559,7.760969284727392,7.346170687639495,16.412532000299407,1.8436764E8])
(1.0,[-1.305257731958763,8.440103092783502,-1.4065979381443305,45.82486685996562,104.10586978092782,87.36948934707904,5.399343182059729,8.497821234987779,7.677255818896802,17.028716180572957,2.03331E8])
(1.0,[-1.0773195876288664,8.396185567010312,-1.504020618556701,44.842486490549845,95.44488009020621,81.34564929123711,5.47011584652992,7.8415368264427645,7.482121373153365,16.484465350458553,2.28508E8])
(1.0,[-1.5950515463917527,8.999999999999998,-1.3748453608247415,49.95850859106531,96.55020833333339,74.9240939862543,5.55377192050165,8.28783505154639,7.1987161228610885,16.624327358429003,2.204561818181818E8])
(1.0,[-1.3841414141414137,8.411818181818179,-1.6312121212121207,43.19252655122656,102.23758645640078,84.54058627087201,5.1154616875829,8.447786960514234,7.731784511784513,16.488769711335216,2.0086669565217394E8])
(1.0,[-1.4353061224489794,8.85938775510204,-1.6862244897959178,43.083981864085835,96.98598518830211,83.82418662949719,5.252244897959184,8.421428571428573,7.518369429404413,16.4838482117019,1.8769365384615386E8])
(1.0,[-1.6642857142857133,8.464081632653064,-1.5155102040816326,54.05002886597937,117.32185945718494,88.80329303597728,5.771574344023322,9.065251978342353,8.013519366930446,17.532285678358473,1.9480103999999997E8])
(1.0,[-1.649387755102041,8.447142857142856,-1.2790816326530607,47.879313023353674,105.1883979381443,66.7747383231643,5.554173261141192,8.467988338192427,6.896114119117035,16.219099765671466,1.7384688461538458E8])
(1.0,[-1.7786734693877557,8.86173469387755,-1.27469387755102,49.07940750052595,101.97379386703135,70.24618392594151,5.545830903790088,8.464548104956267,7.15554768846314,16.572335720413395,1.8320068E8])
(1.0,[-1.1821212121212128,9.254444444444445,-1.4901010101010095,45.83446994434137,99.77856167800454,80.52117856112145,5.503238445056628,8.089943883277215,7.516445260687686,17.074512122622085,1.8186103703703704E8])
(1.0,[-1.1976530612244896,8.651632653061224,-1.8792857142857144,45.39719134231012,104.25326741005684,83.44986030927831,5.184977092877967,8.455343606830482,7.852055393586008,16.959496134318517,1.9564817391304347E8])
(1.0,[-1.3883505154639175,8.711134020618553,-1.6560824742268032,41.41756391752576,101.64556849226803,82.79645949312712,5.0202253161866315,8.234360718461051,7.660444255500053,16.544236634387367,2.2524299999999997E8])
(1.0,[-1.454081632653062,8.837551020408167,-1.33234693877551,52.69547182831893,104.65841249737012,75.80055629076372,5.704331528529778,8.277646813827568,7.205985006247397,16.835575420367963,2.227255909090909E8])
(1.0,[-1.739285714285714,8.498163265306122,-1.2107142857142865,50.071573711340186,109.15146050915214,89.35626237113401,5.632915451895045,8.652598917117865,7.711865889212827,17.250605217896545,1.7653715384615383E8])
(1.0,[-1.7035051546391753,8.727835051546393,-1.5138144329896912,46.24577508591065,105.39570047250857,87.34696134020619,5.242180890636624,8.571688808587522,7.521320012753746,17.014663929296674,1.9599976000000003E8])
(1.0,[-1.3219191919191913,8.36030303030303,-1.7318181818181815,57.870995258709556,115.19645194805203,82.27401910946196,6.063787368635855,8.715212733394553,7.664077134986228,17.44065702183425,1.8653753846153846E8])
(1.0,[-1.1976530612244896,8.651632653061224,-1.8792857142857144,45.39719134231012,104.25326741005684,83.44986030927831,5.184977092877967,8.455343606830482,7.852055393586008,16.959496134318517,1.9564817391304347E8])
(1.0,[-1.3883505154639175,8.711134020618553,-1.6560824742268032,41.41756391752576,101.64556849226803,82.79645949312712,5.0202253161866315,8.234360718461051,7.660444255500053,16.544236634387367,2.2524299999999997E8])
(1.0,[-1.6830612244897956,8.793571428571425,-1.576326530612244,45.65094310961496,109.43635103092785,87.87661110877336,5.232290712203249,8.728309037900877,7.426422324031656,17.18166122669099,1.7464228571428573E8])
(1.0,[-1.6152083333333334,8.448437500000004,-1.731875,48.77087995614038,109.05393332236842,86.81846381578946,5.440750868055552,8.663040364583336,7.7245963541666685,17.1438565423024,1.9291429166666666E8])
(1.0,[-1.380510204081633,8.476836734693878,-1.4805102040816331,57.675225510204065,105.42330638544081,78.847963654534,6.090572678050812,8.211713869221164,7.398815077051229,16.98919164314589,1.854184166666667E8])
(1.0,[-1.6359183673469393,8.822755102040814,-1.5403061224489798,47.079698632442685,105.06958305280878,93.81928547233326,5.428192419825071,8.45993336109954,8.252730112453147,17.34518297960286,1.7357089285714284E8])
(1.0,[-1.4806250000000003,8.831354166666658,-1.1565625000000004,46.28514276315791,96.93192130482457,89.25463542763156,5.242135416666667,7.829405381944444,7.953938802083335,16.909352788564448,2.1000395454545453E8])
(1.0,[-2.009795918367348,8.725408163265305,-1.6057142857142852,50.293430885756365,100.39899828529356,84.05264948453605,5.729566847147022,8.01598708871304,7.4702332361516035,16.937347858318372,2.077248636363636E8])
(1.0,[-1.5109278350515465,8.567216494845361,-2.2152577319587627,49.48860433848799,106.50860571305839,92.18122935996566,5.539028589648209,8.406249335742373,7.985681794026997,17.226053598204675,1.9791029166666666E8])
(1.0,[-1.7791836734693878,7.9629591836734726,-1.7096938775510202,47.411473553545136,113.45381898800757,104.54598237954976,5.452569762598918,8.81445647646813,8.31051020408163,17.297517261418026,1.9708124999999994E8])
(1.0,[-1.6863541666666666,8.713437500000005,-1.8836458333333337,40.638787620614046,114.8570838486842,105.60667183114029,4.703967013888891,8.800156249999997,8.485501302083334,17.794120276402715,2.136313636363637E8])
(1.0,[-1.9169791666666667,9.311145833333331,-0.7726041666666666,52.41068446271931,101.15268183114037,97.12495841008773,5.48570529513889,7.909913194444447,8.152233072916667,17.703617787611176,2.1956009090909094E8])
(1.0,[-1.3015625,7.864062499999999,-1.863125,44.231556480263166,122.2274012171053,109.12755223684215,5.276757812500001,9.1904296875,8.543138020833332,17.68081855039599,2.154277272727273E8])
(1.0,[-1.959690721649484,8.52556701030928,-1.5255670103092784,51.71372802835055,110.47246451890037,111.29940201890038,5.918218726750982,8.159321925815707,8.584202359443085,17.994091981565134,1.870829583333333E8])
(1.0,[-1.6059595959595956,9.041515151515151,-2.1177777777777775,43.38921003916718,107.84486400742107,96.4498746031746,4.881450872359962,8.563599632690542,8.097328843995506,17.457036713342504,1.8499873076923078E8])
(1.0,[-1.448210526315789,8.299368421052632,-1.6984210526315786,41.624051019036955,120.76655278835386,105.0576985442329,4.828281440443211,8.871270914127424,8.442393351800556,17.76952562176776,2.2394255000000003E8])
(1.0,[-0.93969387755102,9.853979591836739,-0.3587755102040816,15.15867722491059,36.374923174836944,29.43158611403324,2.918296543107039,4.909002498958766,4.196784673052895,12.488930357754736,9.7059625E8])
(1.0,[-3.0356603773584907,9.45792452830189,-0.08018867924528306,10.988417343976778,17.57923599419449,12.376344194484757,2.4589248843004627,3.523246707013171,2.418661445354219,11.145326431526154,1.0510405E9])
(1.0,[2.0182474226804126,8.00721649484536,-1.7125773195876284,60.51551043814436,111.20955779639173,76.63104016323025,5.807276012328624,8.330521840790738,7.548064618981826,17.049095983736517,2.2091259090909088E8])
(1.0,[-1.6258333333333332,8.562916666666666,-1.5857291666666657,60.68683719298246,102.17092403508775,66.68947314692983,6.2849999999999975,8.158359375000002,6.8598046875000005,16.710149185290938,2.0304539130434784E8])
(1.0,[-1.5028723404255322,8.916595744680848,-1.6553191489361698,48.16749166094715,97.92197108213223,64.31187247769388,5.595212765957448,7.918166591217745,6.900497962879132,16.37678797483216,2.442161052631579E8])
(1.0,[-1.8078125,9.214270833333334,-1.8173958333333333,48.99984674342107,100.15279946271932,68.1355310416667,5.5304296875,8.056445312500001,6.893038194444445,16.743946131109556,2.5947489473684207E8])
(1.0,[-1.702916666666667,9.280208333333333,-1.7456249999999998,48.82123140350877,95.15285469298249,64.91847118421055,5.555442708333336,7.730186631944445,6.685937500000001,16.50224984769698,2.145496818181818E8])
(1.0,[-1.9693406593406593,9.604065934065938,-1.2808791208791204,50.23104400488397,91.49943550671546,73.18863255189255,5.823494747011231,7.703224248279193,7.225989614780823,16.865814822698752,1.958325833333333E8])
(1.0,[-1.9512500000000004,9.223020833333333,-1.7041666666666666,46.89880894736842,92.02804446271927,62.984283508771895,5.322135416666669,7.813437500000002,6.6201388888888895,16.132213152989667,2.181590454545455E8])
(1.0,[-1.9722580645161287,9.092043010752693,-2.082150537634408,53.0377263674614,100.03667512856475,86.23153662926602,5.82137356919875,8.053199213781939,7.994753150653254,17.375516433116967,2.0499072727272725E8])
(1.0,[-1.5419791666666667,9.2534375,-1.752291666666667,53.31863498903511,98.4714438486842,73.51175679824563,5.806061197916663,8.119817708333336,7.248832465277777,16.985835535416427,1.94582625E8])
(1.0,[-1.3117894736842106,9.31063157894737,-1.9172631578947368,46.71062761478165,96.92888257558789,67.31680732362821,5.39465041551247,7.9898349030470905,6.911016066481992,16.629867473390707,1.8833412500000003E8])
(1.0,[-1.8496842105263158,9.212842105263157,-1.7309473684210521,47.67563500559909,96.4604631131019,73.31615122060471,5.260088642659279,8.082934072022162,7.343745152354572,16.68240622188085,1.7999969230769232E8])
(1.0,[-1.6796774193548383,9.177096774193545,-1.6241935483870964,49.82771837307154,100.53931430575038,72.39213765778399,5.326777662157474,8.312861602497398,7.121886923343739,16.852775460425057,1.8799928E8])
(1.0,[-1.5694736842105261,9.200842105263156,-1.9552631578947361,46.83044333706606,97.83474609182534,82.64221881298995,5.396908587257617,7.963745152354571,7.605772853185597,17.011377771170572,1.842264230769231E8])
(1.0,[-1.6749473684210525,9.054947368421052,-1.9005263157894736,53.73567845464728,101.25666356103027,80.89241567749158,5.875521329639889,8.037110249307478,7.454149584487535,17.141507016010923,1.8958154166666663E8])
(1.0,[-1.9319587628865986,9.060206185567012,-1.941340206185567,46.10773674828179,93.39008954037801,56.845047143470794,5.240491019236902,7.921424168349452,6.4357168668296305,16.11142816706025,2.257152857142857E8])
(1.0,[-1.6871578947368417,9.352631578947369,-2.016105263157895,47.48602055991041,93.55096002239644,68.0012814781635,5.420828808864263,7.794958448753466,6.799831578947368,16.544839955521315,2.0217365217391306E8])
(1.0,[-1.8237113402061849,9.146701030927838,-2.4743298969072156,44.76824441580755,105.17200983676975,71.6750393900344,5.3896460835370394,8.318860665320434,7.128993516845572,17.05162765412118,1.7615215384615386E8])
(1.0,[-1.886804123711341,9.332680412371129,-2.191752577319588,51.38613447164946,94.8547948238832,70.95988127147767,6.013835689233713,7.764232118184717,7.136084599851205,16.868469715282796,2.1381052380952382E8])
(1.0,[-1.8784536082474224,9.067422680412369,-2.50360824742268,46.04231529209625,112.5592130798969,90.82910663659794,5.419372940801361,8.80261026676587,7.680180678074185,17.69094892635748,1.6433206666666666E8])
(1.0,[-2.0333684210526317,8.888105263157893,-2.2587368421052636,53.280407681970885,114.43754318029121,88.2346090257559,5.6093008310249335,8.836680332409976,7.862619390581718,17.82356331285635,1.8708420833333334E8])
(1.0,[-2.169368421052632,8.639052631578945,-1.9081052631578943,53.88648044792832,110.50978100783878,96.99716871220603,5.912782271468142,8.335352908587259,8.215798337950138,17.79684236852072,2.0521878260869566E8])
(1.0,[-1.9583333333333341,8.818854166666672,-2.4253124999999995,48.05865192982456,103.1201281469298,83.83242726973683,5.55902777777778,8.092194010416666,7.666119791666668,17.2317587737062,2.0090554545454547E8])
(1.0,[-2.014270833333333,9.106666666666667,-2.3860416666666664,46.164689989035075,95.55607719298249,87.38685995614033,5.466024305555556,7.719861111111112,8.060455729166668,17.301956168885084,1.9869330434782612E8])
(1.0,[-2.164791666666667,9.279583333333338,-2.3490624999999996,52.2977073245614,97.1983135087719,81.68065490131579,5.9446571180555585,7.624435763888891,7.61732421875,17.51836010115103,2.1904790476190472E8])
(1.0,[-2.3916494845360816,9.37783505154639,-2.3780412371134028,44.109228500859125,99.17678588917528,82.8413492482818,5.298847911574022,7.881864172600705,7.624242746306728,17.404472107755925,1.7839218518518522E8])
(1.0,[-2.1064893617021276,8.404361702127659,-2.1830851063829804,53.72002302676733,113.57667431937772,91.03364091741018,5.912297419646899,8.57756903576279,7.95454051607062,17.664708188687406,1.9304756521739128E8])
(1.0,[-2.360842105263158,9.170526315789473,-2.4970526315789474,55.47740566629339,98.29657525195961,79.67673377379623,6.221588919667589,7.969340720221607,7.499164542936288,17.401466931544125,2.409958E8])
(1.0,[-2.338041237113402,8.857422680412373,-2.002886597938144,52.874740914948454,104.00202557989685,87.221979080756,5.964825167392921,7.817768094377725,7.783530662132002,17.640366969782292,1.9708125E8])
(1.0,[-2.3172043010752685,8.845913978494623,-2.369784946236559,51.23543122954652,103.47735703599811,85.03232169237963,5.921234824835241,8.101988669210309,7.71938027517632,17.39191297099338,2.0772345454545456E8])
(1.0,[-2.1118750000000017,8.855416666666667,-2.4827083333333326,52.2507375,101.3129429824562,76.54439048245614,5.84852864583333,8.241328125,7.3591102430555555,17.08042528172742,2.2945405000000003E8])
(1.0,[-2.503368421052631,9.654421052631575,-2.3011578947368427,47.24590980963045,98.25709939529679,77.9749082194849,5.487545706371191,7.904354570637123,7.318311357340721,17.451442269548334,2.2999500000000003E8])
(1.0,[-2.3832989690721655,9.38731958762887,-2.4082474226804136,47.58579108676977,98.02171774054978,76.52246877147765,5.484089701349772,8.050256137740464,7.266827505579762,17.244031473997666,2.3048038095238096E8])
(1.0,[-2.2622340425531906,9.14989361702128,-2.5347872340425535,52.232069148936176,103.08781181651794,74.19231124456645,5.836396559529197,8.039486192847443,7.1906609325486635,17.352055392117524,1.8458175000000003E8])
(1.0,[-2.3057894736842113,9.048526315789474,-2.2043157894736836,57.36384804031355,110.50725312430015,96.27337798432248,5.857617728531856,8.469947922437674,8.063007202216065,18.09417487402915,1.9666670833333334E8])
(1.0,[-2.4707446808510642,9.339574468085113,-2.212872340425532,55.585394063143426,96.75001702127656,105.94107015557078,6.114850611136256,7.704966047985511,8.312050701674966,18.104025474066887,1.8999880000000003E8])
(1.0,[-2.177938144329896,9.485979381443293,-2.1795876288659803,44.33329778780069,100.7331742912371,80.52738732817868,5.2786566053778285,8.081549580189185,7.5029418641726044,17.242313608167724,1.9560180000000003E8])
(1.0,[-1.8065957446808512,8.550957446808512,-2.1260638297872343,62.788091512239745,108.52184315946006,92.91369939373145,6.491905839746493,8.526772295156176,8.09699185151652,17.76857855452875,2.0363550000000003E8])
(1.0,[-2.0748936170212757,8.41244680851064,-2.6819148936170207,50.61560375200183,113.88892190574244,99.13403070235645,5.598610230873701,8.851444092349475,8.230565866908098,17.87981902614873,2.1636268181818184E8])
(1.0,[-2.336736842105262,8.972736842105263,-2.2926315789473697,51.708371153415456,102.96654136618137,96.44061534154534,5.4385329639889175,8.247109141274239,8.155911357340715,17.7025950802218,2.150018636363637E8])
