(1.0,[-6.996464646464646,3.4008080808080807,-0.23797979797979782,109.7507026798598,44.462770768913614,53.15089791795505,9.063393531272315,5.425544332210999,5.371251913070094,15.21003628288421,8.19977E8])
(1.0,[-7.330259740259742,2.5559740259740256,-0.32064935064935074,106.62951835269993,50.48508752563227,59.08810878332192,8.884118738404451,5.795658627087197,5.935270703322653,15.552543260597563,0.0])
(1.0,[-6.48979797979798,3.1877777777777774,-0.12272727272727266,110.47547955060813,43.325211337868474,58.89142820037105,9.09053974084277,5.336812570145906,5.829127640036732,15.154288915688825,8.10517E8])
(1.0,[-7.039387755102041,3.3952040816326523,-0.01551020408163277,116.1815336419103,45.30280872080793,54.79952808752368,9.455381091211994,5.510951686797168,5.699000416493129,15.424275634537121,6.720214E8])
(1.0,[-7.364583333333334,3.4465624999999993,-0.1521874999999998,107.16385245614033,49.130408059210524,56.85185516447368,8.978593750000003,5.772519531250001,5.629752604166667,15.565650682234416,0.0])
(1.0,[-8.14,-0.5950000000000002,-1.68,74.4660857142857,21.656371428571425,49.31771428571428,6.5125,3.95,4.955,13.576474962489941,0.0])
(0.0,[6.014693877551018,8.525816326530611,-1.9375510204081634,33.347487018725005,17.75332561540079,11.284383631390702,4.716459808413162,3.3099979175343592,2.4447355268638065,12.255553236184415,1.13500225E9])
(0.0,[6.066597938144329,8.487525773195879,-1.8644329896907212,27.14241434707903,15.508660481099662,12.580881185567014,4.244393665639282,3.05822510362419,2.514745456477841,12.025376062362621,1.7150115E9])
(0.0,[5.983333333333334,8.433131313131307,-1.6585858585858582,25.977416326530616,12.342276829519685,9.553130632859208,3.993535353535353,2.6921028466483015,2.158279767370677,11.75533974800853,1.149994E9])
(0.0,[6.196428571428571,8.269387755102038,-1.8158163265306126,25.535491237113405,15.267937765621712,8.32357509993688,3.9656851311953356,2.894123281965847,2.1626551436901287,11.775522283709984,1.7546995E9])
(0.0,[6.365050505050506,7.942222222222226,-1.7198989898989896,30.71200484436199,18.201554195011344,11.904294887652028,4.434092439546985,3.2691358024691364,2.6189103152739515,12.044887170560965,1.730301E9])
(0.0,[6.7279591836734705,8.17173469387755,-1.919081632653062,28.934915379760163,14.9464247948664,14.002676467494211,4.3031820074968765,2.9355497709287794,2.5054477301124534,12.34649057054453,1.126465E9])
(0.0,[7.098585858585857,7.539999999999999,-1.098282828282828,26.69441226551227,18.007844897959185,10.50086130694702,4.096841138659321,3.3921212121212125,2.4645403530252006,11.903520464752017,3.359375E9])
(0.0,[7.023298969072165,7.406804123711343,-1.3310309278350516,29.33296400343643,17.80314905498281,10.03856350945017,4.411442236156872,3.1479307046444887,2.3016324795408654,11.872111239914185,1.6900025E9])
(0.0,[7.573838383838383,7.080505050505049,-1.291313131313131,26.161327973613687,18.26176810966811,9.349484992784994,4.091755943271094,3.2240363228242,2.327701254973982,11.89367591763705,1.684967E9])
(0.0,[7.401616161616162,6.670808080808081,-1.390808080808081,27.802278994021847,18.725938115852397,9.295815666872805,4.200348943985306,3.1484379144985204,2.3610570349964304,11.603431490982736,1.170013E9])
(0.0,[7.681313131313131,6.572222222222224,-1.5433333333333332,22.02795233972377,17.058997052154197,7.265389795918371,3.695749413325171,3.020089786756454,2.0291582491582494,11.569861415102274,1.735016E9])
(0.0,[7.883505154639173,6.457628865979381,-1.2287628865979385,23.351677169243974,14.940882860824741,10.957048453608246,3.792685726432137,2.776241896056967,2.4224062068232537,11.626490164294104,1.159973E9])
(0.0,[7.849600000000002,6.331899999999999,-1.1794000000000002,27.184521050505047,19.580118575757577,10.330999636363636,4.199583999999999,3.2612039999999998,2.2880040000000013,11.727473611936281,1.7050015E9])
(0.0,[7.6334343434343435,6.550505050505051,-1.4531313131313137,25.8052778808493,18.558866068851792,9.850342135642135,4.050009182736456,3.2518845015814715,2.3731864095500455,11.747241599319532,1.136668E9])
(0.0,[8.062346938775505,6.465,-1.299897959183674,26.199857321691564,17.80535103092784,9.016159783294764,4.098517284464806,3.2221428571428574,2.2919554352353186,11.83874559239116,2.2900085E9])
(0.0,[7.6334343434343435,6.550505050505051,-1.4531313131313137,25.8052778808493,18.558866068851792,9.850342135642135,4.050009182736456,3.2518845015814715,2.3731864095500455,11.747241599319532,1.136668E9])
(0.0,[8.063298969072166,6.48701030927835,-1.340103092783505,26.47268275343642,17.942852426975936,8.950015614261167,4.139827824423427,3.238569454777342,2.2689573812307366,11.863520697501256,2.2900085E9])
(0.0,[8.14070707070707,6.273333333333334,-1.1890909090909085,25.10946173984745,15.47402448979592,10.775565491651202,4.099948984797471,2.9336026936026944,2.4577961432506883,11.698450153072377,1.159974E9])
(0.0,[8.420612244897958,6.300510204081634,-1.3818367346938776,25.368302714075323,19.545773963812326,11.563877003997474,4.232844648063306,3.460462307371927,2.3370470637234484,12.033152153220964,1.4900003333333333E9])
(0.0,[8.14232323232323,6.01919191919192,-0.9375757575757577,27.091903731189454,18.890907503607504,11.92276345083488,4.3088113457810415,3.2410407101316188,2.5639424548515466,11.70015276908469,1.750061E9])
(0.0,[8.0567,6.3758000000000035,-1.1540999999999997,23.288840515151517,15.557471070707074,10.65682443434344,3.8986980000000013,2.964463999999999,2.4103620000000006,11.649821709464694,1.179993E9])
(0.0,[8.15424242424242,6.091919191919191,-0.9705050505050508,24.77901447124304,14.238609544423822,12.632578313749741,3.959755127027855,2.784828078767472,2.7640138761350883,11.69661879156957,0.0])
(0.0,[8.071979166666667,6.059479166666665,-1.203333333333333,25.03257814692982,16.443194462719294,10.461079298245616,3.9809765624999995,2.976026475694444,2.387291666666667,11.608259580580736,1.7446745E9])
(0.0,[8.424299999999997,6.226000000000002,-1.0539999999999998,26.067170212121205,17.920888888888886,11.636305050505058,4.206100000000001,3.157880000000001,2.43324,11.965562390312495,1.725006E9])
(0.0,[7.890408163265306,6.130816326530615,-0.9292857142857143,28.70978539869556,13.573378708184302,12.482357216494842,4.3250937109537695,2.793823406913786,2.573338192419825,11.53093894601681,1.1553195E9])
(0.0,[8.125050505050508,6.1830303030303035,-1.1433333333333329,25.87671913007628,15.916588682745829,10.991051020408168,4.1008570554025106,2.9834282216100396,2.4375084175084165,11.69576263317661,2.299988E9])
(0.0,[8.2929292929293,6.18848484848485,-1.0531313131313131,25.903651535765825,14.482641558441557,11.604919686662544,4.047427813488421,2.824628099173555,2.4636914600550974,11.767286615419872,1.1535543333333333E9])
(0.0,[7.863608247422679,6.1830927835051535,-0.9938144329896899,27.72171288659794,16.12821950171821,12.021590506872853,4.300403868636412,3.0136103730470825,2.534849612073546,11.582440399441609,2.299988E9])
(0.0,[8.011515151515152,6.086363636363635,-0.8232323232323233,29.616119109461962,16.757351948051944,12.670899649556794,4.397630853994488,3.0821854912764004,2.4651729415365775,11.597182928351678,1.1349945E9])
(0.0,[8.322346938775507,5.965306122448981,-1.1801020408163259,25.48961814643383,15.468730317694085,8.9055639070061,4.000822573927531,2.9882132444814675,2.370491461890879,11.66688119606198,1.149994E9])
(0.0,[8.207777777777777,6.196969696969698,-1.2960606060606061,30.673476643990938,17.36521929499072,10.413334322820035,4.588282828282831,3.121842669115397,2.3281726354453633,11.913781732329536,4.5E9])
(0.0,[8.36350515463917,6.131237113402062,-1.3771134020618563,25.93498966924398,18.04678387027491,10.25555199742268,4.060520777978532,3.269828887235625,2.5346731852481676,11.933955654781341,1.6849975E9])
(0.0,[8.174949494949498,6.075757575757577,-1.2482828282828284,32.9748599464028,18.32633896103896,11.875677633477636,4.813278236914601,3.124762779308235,2.4582430364248555,11.9187025668159,1.6950075E9])
(0.0,[8.596464646464646,6.143131313131315,-1.477070707070706,28.914874108431267,19.880723768295194,13.068480107194397,4.3982348739924495,3.3007529843893497,2.536243240485665,12.302605965233612,1.0750125E9])
(0.0,[8.069793814432986,5.961340206185569,-1.268041237113402,33.20323954037802,22.31740131013746,15.013313831615116,4.722863216069719,3.616158996705284,2.96935274736954,12.032310834905852,1.100007E9])
(0.0,[8.281515151515153,5.916666666666668,-1.2898989898989897,26.171643599257873,18.677538775510207,14.416045908060195,4.222056932966021,3.1721212121212123,2.965381083562902,11.797717865135962,1.6803285E9])
(0.0,[8.144536082474229,6.033608247422676,-1.2115463917525768,29.970002126288662,20.59061288659794,12.37867154209622,4.513223509405888,3.3106493782548614,2.530632373259644,11.983517702643688,3.360107E9])
(0.0,[8.215555555555559,6.032323232323232,-1.0883838383838385,25.733978004535143,19.188952710781287,9.478978994021851,4.105836139169472,3.2572676257524744,2.2838098153249664,11.746119250897022,2.27063E9])
(0.0,[8.406938775510202,6.026938775510204,-0.946122448979592,27.046635893120147,18.11469156322323,10.008613675573327,4.234160766347354,3.2342107455227,2.4376967930029156,11.892660491318804,0.0])
(0.0,[8.26080808080808,6.120101010101009,-1.0162626262626262,27.33647893217893,16.655223459080595,12.135154256854255,4.168274665850423,3.0536537088052236,2.5848831751862047,11.872439991664525,0.0])
(0.0,[8.467244897959182,5.8646938775510185,-0.9557142857142861,24.779686145592255,18.310256090889965,8.066197938144326,3.9071532694710536,3.1607413577675962,2.1168513119533525,11.710668702408695,2.2603455E9])
(0.0,[8.18734693877551,5.84877551020408,-0.9094897959183673,28.893648558804962,18.951097454239434,9.716522417420578,4.289987505206166,3.2880924614743856,2.362838400666389,11.599817957732084,1.7049865E9])
(0.0,[8.415555555555557,5.707272727272725,-0.7968686868686868,24.662635147392287,16.94113636363636,11.973556421356422,3.897553310886644,2.964481175390266,2.608921538618507,11.745489647836541,0.0])
(0.0,[8.147835051546398,5.9951546391752615,-0.98319587628866,25.888633805841934,18.955618986254294,9.829565721649482,4.084706132426399,3.3001849293229903,2.371361462429589,11.653474497479463,1.7099915E9])
(0.0,[8.491134020618553,6.0475257731958765,-0.8861855670103088,27.046120575601368,18.79801256443299,9.715017590206186,4.183460516526728,3.3309575937931757,2.2367562971622905,11.932220347460223,1.705322E9])
(0.0,[8.510600000000002,5.806699999999998,-0.9289999999999997,23.333959232323224,17.207644555555554,10.884241414141414,3.8470120000000003,3.0557060000000003,2.4250999999999996,11.802234022651755,2.319336E9])
(0.0,[7.5567010309278375,6.430206185567011,-0.7651546391752581,22.42369525343642,17.483679123711333,9.417093986254296,3.7511000106281234,3.2060112658093307,2.3676564990966096,11.456462900173365,1.169952E9])
(0.0,[8.646161616161619,5.927070707070707,-0.8636363636363636,24.755564708307553,19.937435209235204,9.30061113172541,3.9491296806448317,3.382081420263239,2.338365472910927,11.940864071668612,1.5166626666666667E9])
(0.0,[8.461212121212123,5.786363636363635,-1.0107070707070704,23.32565565862708,17.341453988868274,10.3208882704597,3.8349862258953182,3.0624058769513316,2.3588103254769925,11.748848873868438,2.319336E9])
(0.0,[7.320505050505053,6.463030303030304,-0.5902020202020202,23.540313007627297,15.855313172541743,9.565442815914247,3.865974900520356,3.050437710437711,2.4345066829915303,11.288656118442937,1.169952E9])
(0.0,[2.702727272727272,10.339090909090912,-1.2935353535353533,28.105960853432265,19.85303692022263,15.059123088023082,4.088448117539025,3.3790449954086323,2.7646036118763395,12.37598603120799,5.71250875E8])
(0.0,[2.513505154639177,10.028144329896907,-1.2255670103092784,32.207964669244,21.370756937285226,16.771497852233676,4.252902540121162,3.6006908279307033,2.8457370602614525,12.176064068697157,6.349995E8])
(0.0,[2.2653535353535355,10.118888888888888,-1.2655555555555555,27.127088394145538,20.151171201814066,18.194269841269843,3.79231915110703,3.4675420875420855,3.1031425364758696,12.11806965703689,5.734355E8])
(0.0,[2.6170707070707073,10.316262626262631,-1.2715151515151508,26.178545413316836,19.312650175221602,14.383957884972167,3.7587654320987642,3.4080440771349876,2.678163452708907,12.194697666776653,6.485682857142857E8])
(0.0,[2.5180808080808075,10.09646464646465,-1.2208080808080806,28.69869117707688,20.92990676149248,15.34479525870955,3.885187225793288,3.5254361799816345,2.6955535149474548,12.00866423073679,5.6749725E8])
(0.0,[2.3349484536082468,10.12721649484536,-1.395773195876288,27.653266924398633,19.53838071305843,16.034955906357393,3.936131363588053,3.4393984482941864,2.877068763949411,12.094691626039982,8.6000075E8])
(0.0,[2.4656122448979585,10.291326530612242,-1.5378571428571433,30.57022487902378,21.000446675783717,15.232810824742273,4.1135568513119525,3.5909308621407745,2.779548104956268,12.315221521018069,4.1090254545454544E8])
(0.0,[2.568979591836734,10.213367346938778,-1.370306122448979,28.46638451504313,18.088263801809386,13.15580093625079,4.091795085381092,3.2234381507705137,2.6084319033735945,12.157588594037772,5.917053333333334E8])
(0.0,[2.5401010101010106,10.053838383838379,-1.4138383838383841,26.476890806019384,17.586193279736136,12.543374912389192,3.757894092439546,3.208009386797266,2.6740271400877464,11.881070541153251,7.76001E8])
(0.0,[2.4266666666666667,10.215520833333331,-1.3795833333333327,27.34257614035089,19.25516604166667,13.748250350877194,3.871666666666667,3.39695095486111,2.7411631944444443,12.104428532515978,6.685835714285715E8])
(0.0,[2.641616161616161,10.050202020202022,-1.207474747474747,29.151091238919804,18.79704893836322,17.82103947639662,3.9070482603815924,3.4008264462809916,3.1288195082134473,12.111547433092522,7.166646666666666E8])
(0.0,[2.3657999999999992,10.094400000000002,-1.4489999999999996,27.05103874747475,16.67021882828284,13.327057575757578,3.8262840000000007,3.19924,2.6208200000000006,11.985202198626052,6.43336E8])
(0.0,[2.776938775510203,10.293775510204084,-1.5081632653061223,27.08229981064592,17.738246423311587,15.880953292657267,3.907663473552687,3.311761765930862,2.954102457309455,12.298321035062589,9.6000675E8])
(0.0,[2.2250505050505063,10.075555555555558,-1.3039393939393935,27.704243619872194,19.949539229024946,13.161087384044526,3.973286399347006,3.5358922558922568,2.5819344964799504,11.94136601658644,6.685834285714285E8])
(0.0,[2.3105050505050504,10.273535353535351,-1.5628282828282833,30.667388517831377,19.30705370026798,11.20866130694702,4.201591674318947,3.3442138557290066,2.440871339659219,12.144799134041708,5.885664285714285E8])
(0.0,[2.7319387755102045,10.238775510204086,-1.2222448979591838,29.022910635388172,19.302184052177584,18.351143362087104,4.123940024989588,3.4511245314452323,3.2765722615576838,12.447171871441197,5.428685714285715E8])
(0.0,[2.004999999999999,10.021632653061227,-1.4807142857142852,27.781802577319596,21.818558131706286,13.241249999999997,4.007755102040816,3.703431903373594,2.651530612244897,11.889010598568603,5.77499375E8])
(0.0,[2.607777777777778,10.281010101010105,-1.325555555555556,31.213850113378683,18.594641826427544,15.217561678004543,4.110190796857463,3.4484154678094088,2.865499438832772,12.347027582602417,5.866546666666666E8])
(0.0,[2.5753061224489793,10.189693877551022,-1.3942857142857141,26.55757567851883,18.39723804965286,16.18069896907216,3.8307580174927107,3.3964035818409,2.8632653061224502,12.130382355327061,6.33306E8])
(0.0,[2.4893,10.218499999999997,-1.4663999999999997,28.812844959595957,20.096586616161613,10.676821252525254,4.191629999999999,3.4690600000000003,2.4384319999999993,12.098402152579789,5.7750325E8])
(0.0,[2.393333333333333,10.21414141414141,-1.3226262626262626,32.37452653061226,19.966706143063277,15.916772624201196,4.280404040404036,3.5026997245179063,2.9766146311600856,12.31609289753686,9.204894E8])
(0.0,[2.460729166666667,10.227604166666667,-1.3678124999999997,27.358457357456125,18.965759462719305,16.73424253289474,3.9995551215277776,3.443604600694444,2.9781054687500004,12.225377599550093,5.399998571428572E8])
(0.0,[2.5182653061224487,10.206020408163266,-1.318979591836735,25.315703145381868,18.111696370713226,14.55419894803282,3.7896584756351515,3.2393690129112866,2.8274344023323605,12.084852439812126,6.433461666666666E8])
(0.0,[2.116185567010308,10.012061855670101,-1.3658762886597935,26.143700923539523,19.44198320446736,15.360745317869421,3.879051971516633,3.4800276331172277,2.9158231480497405,11.871239143689877,6.185738571428571E8])
(0.0,[2.425757575757575,10.358989898989899,-1.257070707070707,27.617200185528755,19.471127540713262,13.870514801071945,4.003367003367006,3.426513621059075,2.752878277726762,12.186949885905241,5.800018750000001E8])
(0.0,[2.484226804123712,10.217319587628864,-1.2048453608247427,31.478814239690738,19.353686490549837,17.492902319587625,4.212985439472846,3.407888192156446,3.1039154001487943,12.248138434315505,5.937652500000001E8])
(0.0,[2.5351515151515165,10.20444444444444,-1.523030303030304,31.090490538033386,20.559798412698417,16.443009090909097,4.29401897765534,3.4338047138047134,2.9067891031527395,12.391560821492693,4.088915555555556E8])
(0.0,[2.258265306122449,10.087551020408162,-1.476632653061225,27.496257784557123,20.655123837576276,17.853156585314547,3.864139941690962,3.5869970845481047,3.1923573511037064,12.09421692287979,6.085684285714285E8])
(0.0,[2.5829292929292933,10.289292929292928,-1.3829292929292933,29.451431127602564,21.248755617398473,16.166404596990308,4.0203673094582175,3.568680746862564,2.972670135700438,12.290917513231204,5.08884E8])
(0.0,[2.2746464646464637,10.182222222222222,-1.25969696969697,24.959327169655733,18.63328888888889,15.06812337662337,3.7700255076012645,3.351245791245791,2.8700887664524033,11.950089874237529,4.787445E8])
(0.0,[2.4893814432989685,10.392886597938144,-1.42958762886598,28.729393363402057,21.258660330756022,13.4893560781787,4.2408056116484225,3.573935593580615,2.8273057710702525,12.353810349115232,5.0111222222222215E8])
(0.0,[2.226632653061224,9.917448979591837,-1.2648979591836735,32.92407823479908,22.926899610772153,12.658998443088569,4.4216638900458145,3.748004997917533,2.580537276134942,11.94422699215352,5.971461428571428E8])
(0.0,[2.552323232323232,10.130101010101008,-1.2664646464646476,27.796007812822097,19.892778561121425,14.28524553700268,4.084958677685949,3.5029384756657493,2.7762881338638925,12.08439580365814,5.2428757142857146E8])
(0.0,[2.433814432989691,10.176391752577322,-1.3596907216494851,34.286755090206185,23.016206636597932,12.863805111683847,4.57014773089595,3.801211605909237,2.656258901052185,12.297637647988273,5.477803333333334E8])
(0.0,[2.288585858585858,10.16323232323232,-1.2342424242424246,27.714132673675525,19.068403731189434,17.057467532467534,3.9747046219773465,3.3761820222426273,2.958322620140802,12.103907098831701,7.539918E8])
(0.0,[2.3565979381443296,10.287216494845362,-1.1903092783505156,27.99230393041238,18.84308071305843,11.261059278350515,4.149271973642257,3.371769582314805,2.494668933999362,12.058600794904793,9.259888E8])
(0.0,[2.6728571428571417,10.18295918367347,-0.9344897959183676,28.30418556701031,17.94999836945087,12.917792005049442,3.9644314868804664,3.3767909204498125,2.6286047480216577,11.998325799877394,1.1633196666666667E9])
(0.0,[2.34020202020202,10.12525252525253,-1.3688888888888886,32.92026934652649,23.628639476396614,12.241434467120179,4.398591980410159,3.772396694214877,2.586644219977554,12.178939992785297,4.819946E8])
(0.0,[2.5696969696969694,10.264444444444447,-1.4097979797979803,29.26827439703155,21.181273922902488,14.890469346526494,4.159057239057237,3.579820426487093,2.84833384348536,12.287200773145454,5.033332222222222E8])
(0.0,[2.3566666666666656,10.219898989898994,-1.1143434343434346,27.898177551020414,19.58707856112142,15.928681962481962,4.024713804713806,3.427156412610959,2.8782226303438416,12.132674585134271,6.283315E8])
(0.0,[2.5452525252525247,10.330303030303034,-1.2245454545454542,26.779208864151727,17.511229499072357,11.683300556586275,4.02775022956841,3.263960820324457,2.5216712580348943,12.111716200122821,1.162506E9])
(0.0,[2.855050505050504,10.199595959595959,-1.0694949494949495,29.92491708925995,18.097905957534532,10.849019130076273,4.023183348637894,3.297716559534742,2.444419957147231,12.122087241994508,7.619934E8])
(0.0,[2.882371134020618,9.995051546391752,-1.1365979381443296,25.946851610824737,18.407702341065292,14.07286226374571,3.698516314167286,3.2687193112976938,2.750056329046656,11.92903114513789,4.78752125E8])
(0.0,[2.9522448979591838,10.035408163265311,-1.0354081632653067,26.380232021880925,18.424439522406892,10.913575604881125,3.7712244897959195,3.308392336526448,2.4109121199500194,11.877660743295518,9.160096E8])
(0.0,[2.9641414141414146,10.007171717171715,-1.041111111111111,31.43336532673675,20.79003885796743,14.50122426303855,4.202665034180187,3.474608713396592,2.8616610549943875,12.16281171851445,7.216645E8])
(0.0,[2.613333333333334,10.103030303030305,-1.0817171717171719,27.343828571428563,16.773068274582567,8.312702123273557,3.9222222222222225,3.1497092133455773,2.207211509029691,11.77474144247352,8.7250525E8])
(0.0,[2.8176767676767667,10.265858585858588,-1.134343434343435,26.954471078128215,18.086614306328592,12.70109012574727,3.929774512804814,3.29452096724824,2.6352270176512604,12.136533528659196,7.750091666666666E8])
(0.0,[3.080404040404041,10.029494949494945,-1.1289898989898983,26.351487590187592,17.917386477015047,12.839656112141823,3.782444648505255,3.1664891337618597,2.6445791245791255,12.00171702035998,4.9856557142857146E8])
(0.0,[3.024040404040404,10.10323232323232,-1.1934343434343442,26.641318202432497,20.249603731189445,13.250349309420738,3.8673563922048753,3.4259442913988365,2.6623650647893067,12.093089154450636,7.783355E8])
(0.0,[2.661212121212122,10.122222222222227,-1.1558585858585864,26.006247495361777,15.825711337868476,8.768383694083694,3.690541781450872,3.0139842873176215,2.0686909499030715,11.781400950984025,5.99996E8])
(0.0,[2.7624742268041227,10.283814432989697,-0.7997938144329897,24.846495897766317,15.119336340206189,11.915345790378005,3.6560059517483263,3.0054543522159642,2.514889998937188,11.94478077359651,1.206665E9])
(0.0,[4.955,13.115,-3.425,0.036449999999999885,4.590450000000003,0.008450000000000015,0.1349999999999998,1.5150000000000006,0.06500000000000017,14.443865944883932,0.0])
(2.0,[0.6466666666666666,9.930202020202023,-1.204231357818182,0.22994897959183658,0.06281220366934646,0.18198157408611412,0.3766329966329967,0.19677787980818282,0.3275470566538107,10.044297929097965,1.2024995000000001E8])
(2.0,[0.7822680412371139,9.915979381443298,-1.356137302577319,0.11349063573883156,0.044222207903780085,0.0910908152809732,0.24237644808162392,0.17494739079604615,0.24583504661494326,10.049145644695974,1.2050923076923075E8])
(2.0,[0.7595918367346939,9.927551020408169,-1.309082195306123,0.22769261519040607,0.03482899221544287,0.11114722088109949,0.39190337359433564,0.15719700124947972,0.27164963345689297,10.059077184428835,1.1512421951219511E8])
(2.0,[0.8017,9.910699999999999,-1.3158618034,0.05591728282828282,0.030362131313131275,0.05562378417200112,0.17783600000000008,0.1408999999999998,0.18165185219200003,10.035334623526843,1.3638899999999997E8])
(2.0,[0.751212121212121,9.89838383838384,-1.2742592046464647,0.28082096474953616,0.03597695320552462,0.08497755430154766,0.3321640648913376,0.15415773900622387,0.22645548179981637,10.02642527666952,1.3628628571428573E8])
(2.0,[0.632061855670103,9.926082474226806,-1.2763810456701035,0.02921653780068728,0.013794909793814383,0.03925921024371415,0.14162822829206081,0.0937379105112128,0.1564204772133064,10.031208873189094,1.3939133333333337E8])
(2.0,[0.3016326530612245,9.946938775510201,-1.0384820259183676,0.07157668840732169,0.014637954975804713,0.0921681152398496,0.21095376926280718,0.09100374843815094,0.2203648551103706,10.013804860859487,1.3416461111111113E8])
(2.0,[0.6258163265306123,9.92969387755102,-1.2495974176530606,0.026102934988428358,0.008947328003366289,0.029782859271859315,0.13960849645980836,0.07784464806330696,0.13349188066638906,10.030399104738944,1.5032959375E8])
(2.0,[0.41010204081632656,9.942653061224496,-1.0918515595918368,0.20192885545970965,0.017100105196717886,0.0542989297862376,0.3231653477717617,0.09658475635152024,0.1740522661141191,10.02352492964013,1.3457205714285716E8])
(2.0,[0.3761224489795919,9.961020408163265,-1.0753125595918365,0.11736006732589946,0.020231937723543016,0.053968746854156285,0.24833402748854633,0.10810495626822131,0.1799973391920034,10.034444095233884,1.1756265853658536E8])
(2.0,[0.5477,9.925600000000003,-1.1281734102000005,0.2240623333333333,0.04397034343434355,0.14656741276675858,0.3555299999999999,0.1553360000000002,0.3064605471879998,10.022961182398765,1.4454236363636366E8])
(2.0,[0.6137755102040816,9.921938775510203,-1.194838055408163,0.14237632021880922,0.03028589312013475,0.14217163521279985,0.28701790920449805,0.145039566847147,0.31934921240733033,10.026621149194831,1.2948768421052627E8])
(0.0,[3.6336734693877557,9.609489795918364,-0.9513395959183677,16.72568327372186,38.99161726278139,10.039331356161254,2.9259058725531024,5.531143273635984,2.3737554604623066,11.669940409287646,5.12497E8])
(0.0,[3.225151515151516,9.930404040404037,-0.5461896916565658,11.836741558441563,27.545999835085546,6.931943408051263,2.554227119681665,4.441401897765535,1.954545600550148,11.40059415499523,7.100068333333334E8])
(0.0,[3.1730612244897958,9.907244897959178,-0.3717798991224492,10.833283315800546,25.98692532084999,11.361516681748315,2.4978467305289467,4.344704289879215,2.490450226158684,11.485229945795725,7.399962E8])
(0.0,[3.2334343434343435,10.15969696969697,-0.4911579900404041,10.265720737992165,26.234417254174392,9.880032715106145,2.4257096214671976,4.273847566574839,2.2787379601554947,11.674966731132491,6.229248571428572E8])
(0.0,[3.017474747474747,10.002222222222223,-0.4172779105252524,11.581847639661927,24.25040113378685,10.96455317905341,2.6349699010305065,4.080538720538722,2.3124824082416087,11.55916375052681,1.1200253333333335E9])
(0.0,[3.474848484848485,9.59989898989899,-0.5800341836767678,11.047390538033397,30.095368357039785,9.89318606233289,2.499932659932661,4.6863626160595855,2.550060954149984,11.359115650036772,5.1570785714285713E8])
(0.0,[3.3656565656565656,9.9249494949495,-0.4816650187878786,12.498647268604412,29.04773749742321,9.389415187610645,2.608297112539538,4.564497500255076,2.371091156216713,11.597837486849853,6.285792857142857E8])
(0.0,[3.2616326530612243,9.800816326530615,-0.555793576020408,11.856817925520723,28.2681580896276,9.330072535795125,2.4778842149104543,4.540545605997499,2.375953636709704,11.434407466021852,6.083475E8])
(0.0,[2.9357291666666687,9.897395833333333,-0.48635991341666673,11.219748936403512,24.95091209429824,9.428037268773,2.428914930555556,4.229533420138886,2.108860192954862,11.339264509802188,5.2428328571428573E8])
(0.0,[2.9775,9.639772727272733,-0.17814795143181816,12.843729310344832,24.74443902821316,11.346886521171928,2.660397727272727,4.226813016528927,2.405919040774793,11.255339139584935,9.4750225E8])
(0.0,[3.216734693877551,9.538979591836732,-0.5717766527755102,10.902073763938564,30.783425752156525,12.979904219702034,2.427359433569346,4.85079550187422,2.619355661329446,11.257397341452375,6.5E8])
(0.0,[2.71060606060606,9.973535353535356,-0.48276564478787876,12.558687384044529,31.022543496186366,11.552612359009787,2.648803183348637,4.761550862156922,2.5929106469237837,11.563851131300874,5.133395555555556E8])
(0.0,[3.2023469387755097,9.803877551020403,-0.40735957830612257,10.53803464127919,29.360685840521768,13.415759405069174,2.3807371928363197,4.6692294877134515,2.692852239490213,11.489939415133929,1.083364E9])
(0.0,[2.93838383838384,9.967575757575757,-0.29799670925252525,11.758862667491242,29.929057328385912,10.57482161908645,2.520661157024793,4.6895684113865945,2.4890257733708805,11.495608009014122,4.844462222222222E8])
(0.0,[2.7582474226804115,10.087835051546394,-0.0484435142268041,13.674108354810997,22.72432130584193,10.547580331677699,2.8283324476564995,3.9310086087788307,2.5408542217812737,11.611490401976512,6.44989E8])
(0.0,[3.0076543209876543,9.808641975308642,-0.27644262728395064,10.07730317901235,22.28634938271606,10.453119545202592,2.436826703246457,3.9077945435147083,2.4212954859106826,11.294063037961571,1.100006E9])
(0.0,[2.8476767676767674,10.069292929292928,-0.19164792852525248,8.952987404658836,23.403394392908698,9.20352946363041,2.297526782981328,3.981579430670341,2.4433800233441496,11.408723818768687,5.5750275E8])
(0.0,[2.817731958762887,9.827010309278354,-0.04493311663917524,10.881217719072163,26.72001284364262,12.804805821248864,2.455506430013818,4.346319481347646,2.5891196797602305,11.369092988555007,1.13748925E9])
(0.0,[2.8316326530612232,9.82979591836735,-0.17414588177551024,10.841292152324852,24.80106799915842,11.229687395765502,2.4403373594335696,4.1467346938775504,2.4172741953044556,11.288885820436548,8.666586666666666E8])
(0.0,[2.879292929292929,9.874343434343432,-0.3533035546060606,11.713559699031128,29.07844726860442,10.459403845119326,2.6450586674829113,4.619934700540763,2.5307581573223144,11.405954877642355,5.5125425E8])
(0.0,[2.874897959183673,9.816224489795918,-0.19777299857142855,10.679439680201975,24.423223742899218,12.20562051274535,2.4841649312786354,4.162782174094127,2.5698578359183677,11.284912841420667,6.371371428571429E8])
(0.0,[3.032941176470588,10.187647058823528,-0.17578261494117645,12.909211484593838,28.773177731092442,12.516199633274036,2.718519031141867,4.480844290657441,2.670805969129411,11.796719403454414,5.900086E8])
(0.0,[2.8564646464646475,9.784848484848487,-0.26305156620202025,10.945502679859823,27.366600742115025,11.79331641214544,2.4834751555963694,4.379351086623815,2.523262189654118,11.341958257678963,8.016815E8])
(0.0,[2.6122448979591844,10.118979591836734,-0.25864762612244907,10.090739238375765,23.251091731537965,9.835759965573578,2.4427696793002918,3.996184922948767,2.333427642740526,11.48049576859604,4.7856785714285713E8])
(0.0,[2.9305050505050496,9.563939393939389,-0.5262406986262628,11.723864028035456,32.49524452690167,10.53619763621122,2.5548841954902577,4.906121824303643,2.502491866228343,11.20260239544635,5.38749625E8])
(0.0,[2.9380612244897963,9.556224489795918,-0.35134937000000005,9.340900326109828,27.564959825373432,9.57786692602007,2.273379841732612,4.431199500208246,2.386357543265306,11.020283542785863,6.083221666666666E8])
(0.0,[3.063979591836734,9.998673469387759,-0.3835934560204082,13.216422143909115,30.86547760361877,10.497410486717058,2.7169158683881705,4.80551645147855,2.4933632177321945,11.667106938629496,5.750045E8])
(0.0,[3.025656565656565,9.891818181818177,-0.3728398145454545,10.807557472686046,27.302276252319103,9.995224846049092,2.48668911335578,4.438898071625344,2.4892787225160693,11.387417844665388,4.5624925E8])
(0.0,[2.8603614457831315,9.506867469879522,0.8605434107228915,8.518464501910081,21.270414457831336,19.703908464007778,2.2670953694295264,3.7488779213238494,3.37794904104224,11.347019396523393,5.91986E8])
(0.0,[-1.3991836734693874,9.966428571428573,-0.3777561728979591,9.702834378287395,24.872802577319586,10.484538505841327,2.272823823406914,4.168877551020408,2.3801628505272805,11.095145540949968,5.41248375E8])
(0.0,[-1.1357731958762882,10.200103092783511,-0.19756524659793834,9.431397573024052,26.02663853092783,15.142701705120944,2.2265384206610697,4.293905834838981,2.9709642284110944,11.41913149420876,5.928475714285715E8])
(0.0,[-1.0673737373737373,9.73636363636364,-0.4277339478787876,8.71736446093589,26.58894582560298,12.8070784316537,2.0844607693092554,4.370578512396695,2.540185803807776,10.867858359627776,7.133381666666666E8])
(0.0,[-1.0432323232323233,10.10555555555556,-0.07291700898989902,9.656932302618017,27.0896188208617,15.683658121832474,2.2061524334251605,4.414343434343433,2.980311633549638,11.312620847596834,6.500041666666666E8])
(0.0,[-0.9540404040404044,10.109696969696968,-0.43626385549494956,11.35390187590188,26.930658070500918,16.687765896479537,2.4588327721661063,4.442944597490052,3.191830729330069,11.507851963001434,8.719972E8])
(0.0,[-0.5545918367346943,10.051428571428572,-0.27351882026530605,9.84559209972649,27.561035051546387,11.347140199585802,2.393631820074969,4.416967930029154,2.472124318622241,11.181933881058777,5.1429100000000006E8])
(0.0,[-0.6165656565656567,9.91020202020202,-0.24227709874747488,9.852318697175836,28.481630571016286,12.440159904305371,2.3895867768595034,4.547052341597794,2.55484704793266,11.0928816210785,5.4498675E8])
(0.0,[0.5295918367346938,10.096224489795915,-0.15232552959183676,9.006069934778038,24.011619619187876,13.346729633030286,2.243240316534777,4.111988754685548,2.781245488109121,11.142222109074057,5.856628571428572E8])
(0.0,[0.7370103092783507,10.02360824742268,-0.4732017586597938,10.26065451030928,23.783985803264603,11.011965752198506,2.3960739717291966,4.072379636518228,2.442189603088533,11.067147376976092,5.8749775E8])
(0.0,[0.8601010101010096,9.981616161616165,-0.36926274503030315,9.933966316223461,21.872015728715734,10.288334004791848,2.3946597285991236,3.8348678706254464,2.465359373596572,11.032632945434685,5.1857214285714287E8])
(0.0,[0.4627551020408163,9.866020408163271,-0.4439121615306123,10.152189238375763,28.472042762465808,11.968470628093486,2.3736838817159507,4.60606205747605,2.622912496524366,11.03594838236393,4.97779E8])
(0.0,[1.1636734693877548,10.014897959183674,-0.5898444522448981,10.678658531453816,24.884948958552492,13.785533255664332,2.4698917117867545,4.311528529779259,2.6715849503540183,11.278803272393464,6.071384285714287E8])
(0.0,[0.44806122448979563,9.981428571428575,-0.3852612758163267,10.107646717862401,27.73512577319588,11.5797221496218,2.341734693877549,4.514518950437316,2.576231179323199,11.102471480748866,4.97779E8])
(0.0,[1.8492857142857135,9.950102040816326,-0.40082739020408154,12.066270618556702,27.30369380391331,13.216348864698594,2.6808892128279873,4.5194877134527305,2.635636579133694,11.296414232421379,5.7250975E8])
(0.0,[2.5836082474226796,9.905154639175265,-0.44708440171134034,12.253262886597946,24.66109190292097,12.414696495169459,2.721543203315975,4.118709745987884,2.493798952416197,11.371280003412508,5.46249375E8])
(0.0,[2.1829292929292934,9.709494949494953,-0.4915707316767677,12.88629439290868,23.11038647701505,13.5240524605286,2.795839200081626,4.055045403530254,2.6428227481677387,11.156324605020528,6.519896E8])
(0.0,[2.2869696969696975,9.834343434343433,-0.3603201163636364,14.066564192949908,24.835428901257465,14.339613793311159,2.8838261401897762,4.19128252219161,2.7616161831588624,11.349586995156072,5.38746E8])
(0.0,[2.7407142857142857,9.715918367346942,-0.37747823520408164,12.292744845360826,23.169412034504525,13.236491085083513,2.7163265306122435,4.025630987088714,2.723195925847564,11.26619309223967,7.833353333333334E8])
(0.0,[4.57319587628866,9.449690721649482,-0.2670711317525774,15.809730304982821,21.37263636168385,13.842031189278032,3.149958550324156,3.74814751833351,2.6451644847231357,11.689306711149719,8.199845E8])
(0.0,[9.388265306122449,4.788265306122448,-0.628064805346939,28.08947015569114,16.436319640227232,19.413127065455367,4.480412328196581,2.8854269054560597,3.2808189688013325,12.076290210219833,0.0])
(0.0,[9.259285714285713,4.786224489795918,-0.37136293479591814,28.83065824742268,17.978963949084783,16.42364081460965,4.584795918367349,3.1286193252811336,3.003096639539776,11.892368734701446,1.099975E9])
(0.0,[9.667010309278346,4.276907216494845,-0.48682211453608254,28.12169617697595,18.782150751718213,19.42090359522081,4.559081730258263,3.080076522478477,3.21451497843554,12.12299582561718,1.0769856666666667E9])
(0.0,[9.39659793814433,4.106185567010309,-0.6188130991546392,28.118753930412378,14.087084256872854,15.351624309540155,4.536637262195769,2.73583165054735,2.8608028443099154,11.597187050361361,1.080048E9])
(0.0,[9.738163265306119,4.060816326530612,-0.6066613975918367,29.471592467915006,17.490203450452338,18.239663854790997,4.632040816326532,2.9639941690962104,3.1125416349895882,12.1013159822185,2.150024E9])
(0.0,[9.258636363636361,4.059886363636364,-0.0010834484318181905,28.65341421107628,17.98383561912226,20.584825372232704,4.550382231404958,2.9748631198347106,3.414517777531507,11.81960658185799,1.066681E9])
(0.0,[9.75122222222222,4.0571111111111104,-0.3694141127111111,26.512006354556785,18.918440998751564,10.826497041225075,4.283140740740741,3.047930864197531,2.252173254283456,11.828277207006655,2.2350615E9])
(0.0,[9.39173469387755,3.685918367346939,-0.035301710489795926,21.493585619608673,11.038805848937516,14.126410558632363,3.88027072053311,2.5421990837151176,2.682635574850478,11.290591688250663,2.25998E9])
(3.0,[3.142222222222223,9.312929292929295,1.27329613989899,0.05706235827664396,0.02695153576582145,0.02574994405895326,0.1492031425364757,0.11171513110907104,0.10778710474441382,9.91569621405118,5.072053608247423E7])
(3.0,[3.1453061224489787,9.298265306122453,1.2161024795918374,0.004654029034294138,0.0033278876499053234,0.003289523540204321,0.046405664306539265,0.03980841316118251,0.04598355068721358,9.891330871530798,5.0712350515463896E7])
(3.0,[3.1536734693877566,9.308163265306119,1.2154075632653056,0.019759562381653693,0.006872880286135057,0.0069760880264910135,0.07974177426072475,0.05788004997917442,0.058202718992086754,9.90425126064824,5.072178350515465E7])
(3.0,[3.163979591836735,9.308469387755096,1.1821905973469387,0.025255133599831666,0.00834917946560066,0.005783285623337228,0.12161182840483131,0.07005622657226053,0.058548778596418216,9.904104040994264,5.062834020618557E7])
(3.0,[3.1963636363636363,9.296161616161614,1.1472735424242433,0.021674397031539883,0.008244300144300188,0.0033158834838549205,0.097722681359045,0.05863891439649101,0.04227437116620779,9.898580679097767,5.031881632653061E7])
(3.0,[3.2655555555555558,9.287171717171711,1.1219589648484851,0.04878820861678002,0.014700082457225346,0.011973540016616433,0.1237485970819304,0.0735067850219368,0.07045448295071936,9.911838449863113,5.060947422680413E7])
(3.0,[3.2395918367346934,9.289591836734697,1.1338244675510207,0.07685343993267413,0.017459625499684446,0.008143718597965647,0.1412328196584756,0.058188254893794436,0.06393224265306122,9.908324797996713,5.234121276595745E7])
(3.0,[3.222828282828284,9.297979797979803,1.1062749222222217,0.0023653885796742816,0.0015285301999587745,0.002633369949010519,0.03990613202734446,0.025317824711763408,0.040570576655443474,9.902938682872037,5.051032653061225E7])
(3.0,[3.2282051282051287,9.2974358974359,1.104645135897436,0.002625641025641041,8.195681511471114E-4,0.002038649129993937,0.042919132149901486,0.01943458251150564,0.03460157633136093,9.903964573644163,5.131528947368422E7])
