(1.0,[1.312828282828283,8.887676767676764,0.06818181818181819,94.00656130694702,60.85953434343439,33.37062319109464,8.08349760228548,7.072090602999694,4.2955555555555565,15.236485618290104,3.342830714285714E8])
(1.0,[1.4007142857142862,8.319795918367346,0.11877551020408174,92.03666855670104,67.89059377235432,39.959097454239405,8.015262390670552,7.268592253227822,4.809566847147023,15.491001941695867,3.879974E8])
(1.0,[1.7255555555555553,8.476868686868684,0.012828282828282713,93.01684126984127,64.12753397237682,39.44943273551845,8.187362514029179,6.971786552392612,5.055355575961635,15.534260861354042,2.731246875E8])
(1.0,[1.4527551020408163,8.552959183673472,-0.1007142857142858,94.51942222806642,60.593946823059106,42.57076546391751,8.441137026239065,6.830185339441899,5.218527696793006,15.502223506664105,3.3727472727272725E8])
(1.0,[1.537551020408163,8.65857142857143,-0.42591836734693883,97.6822269303598,63.636812371134035,42.23986358089628,8.384735526863805,7.224081632653063,5.247634319033738,15.812564260401205,3.6922746153846157E8])
(1.0,[1.341958762886599,8.54381443298969,-0.18515463917525776,107.06637008161516,63.27152800687282,37.73210440292096,8.870315655223722,7.091659049845891,5.115816771176532,15.923405846313454,3.7000072727272725E8])
(1.0,[1.5901020408163262,8.632040816326532,0.1880612244897959,87.70944844308855,73.55527208079108,37.28363022301705,7.759683465222823,7.629712619741777,4.710957934194086,15.579181421954834,2.5941194117647058E8])
(1.0,[1.5269000000000006,8.359799999999996,-0.5022000000000001,101.5132983737374,64.40267470707069,33.30269612121212,8.626671999999997,7.086808,4.5918000000000045,15.50348824464564,3.891678333333334E8])
(1.0,[2.253737373737373,9.127878787878789,0.014848484848484837,93.84965833848693,62.27439035250464,35.33224564007423,7.9856953372104895,6.9901499846954405,4.6208631772268145,15.77708494928867,4.7299500000000006E8])
(1.0,[1.5271717171717174,8.64777777777777,-0.1471717171717171,92.20506538857967,63.375860317460315,44.835628653885784,8.172664013876135,6.990527497194165,5.542224262830325,15.651921216593202,2.893351333333334E8])
(1.0,[1.3098979591836732,8.753979591836737,-0.2808163265306122,106.66527524721226,62.14955204081632,39.94252922364823,8.877869637650969,7.061245314452311,5.186905456059976,16.018536006563487,3.624954166666666E8])
(1.0,[1.1784848484848487,8.034747474747476,-0.8129292929292934,106.90541094619662,75.25300070088643,40.311318882704605,9.162289562289557,7.689441893684321,5.235567799204163,16.015163661119576,3.4538861538461536E8])
(1.0,[1.2611224489795925,8.465408163265304,-0.813877551020408,98.10917501577951,74.49894880075742,36.94098480959394,8.649806330695545,7.729379425239482,4.7545356101624305,15.960902627440564,2.841114705882353E8])
(1.0,[1.671111111111111,7.977878787878785,-0.5713131313131311,91.62647528344674,69.80690667903527,36.68804825809113,8.212278338945005,7.393774104683193,4.705823895520863,15.397409672793833,4.379975E8])
(1.0,[1.6809000000000007,8.242799999999999,-0.8677,104.78995170707067,72.18535571717172,42.5144077878788,8.913374000000001,7.535744000000001,5.1175,16.127932027696946,4.411146666666667E8])
(1.0,[1.6961616161616166,8.382424242424241,-0.761818181818182,96.86222389198102,72.62226549165122,46.93931094619666,8.72208958269564,7.49406795224977,5.183011937557392,15.972941116619493,3.3785349999999994E8])
(1.0,[1.7444444444444445,7.983838383838383,-0.9306060606060609,105.75103718820863,78.27038919810346,42.69336289424861,8.906778900112236,7.844809713294563,5.0723048668503194,16.090628830827544,2.9374887499999994E8])
(1.0,[1.9046,7.560399999999999,-0.7435,98.05531802020201,77.86758165656565,48.06773813131311,8.799063999999998,7.861399999999999,5.335029999999997,15.857810778489347,3.4000338461538464E8])
(1.0,[1.2001010101010103,8.143131313131315,-1.3891919191919186,107.7419989692847,79.11280131931558,39.166766687280955,9.033221099887772,7.828415467809408,5.014416896235078,16.206904017889176,2.4833000000000003E8])
(1.0,[1.6476767676767672,7.321515151515153,-1.1548484848484852,105.51909556792414,72.66230278293135,42.15834972170685,9.085005611672283,7.428460361187636,5.127817569635753,15.586587115961555,3.318231818181818E8])
(1.0,[1.2205102040816331,8.706530612244897,0.36612244897959184,72.19233066484328,63.35883732379552,33.5138363559857,6.975162432319865,7.08639733444398,4.388513119533528,14.754425806684402,3.291651666666666E8])
(1.0,[1.6974489795918366,8.392142857142858,0.44193877551020405,97.15538620871028,71.01294690721647,38.097170429202606,8.41929404414827,7.5176822157434415,4.695770512286548,15.821973660566195,5.0249475E8])
(1.0,[1.6798,8.334999999999994,-0.48030000000000006,103.4817656161616,67.36916666666663,43.09604940404041,9.193015999999997,7.144099999999999,5.140293999999999,15.946041047963305,3.625005E8])
(1.0,[1.6574489795918361,8.412448979591838,-0.7532653061224489,98.27279857984433,71.67939600252471,38.42928613507259,8.603779675135357,7.4165306122449,4.644227405247813,15.858457933119237,3.220235333333333E8])
(1.0,[2.3362999999999996,8.360299999999992,-0.0770999999999999,78.274571020202,68.66876657575759,34.62263291919191,7.206492,7.430500000000003,4.3767520000000015,14.558478119818018,2.717626470588235E8])
(1.0,[1.8559000000000003,8.351800000000006,-0.3973000000000002,101.16844463636366,66.88603713131313,38.25001384848482,8.788592000000003,7.278764000000003,4.777991999999998,15.744795295986941,4.041671666666667E8])
(1.0,[2.160505050505051,8.362121212121213,-0.737878787878788,103.68566810966811,65.82669851576995,41.540974025974,8.62103458830732,7.222014080195897,5.073516988062445,15.870844853676202,3.658345E8])
(1.0,[3.1622222222222214,6.571616161616161,0.0217171717171717,86.18196848072564,78.59139532055245,64.8436898783756,7.48931537598204,7.736986021834508,6.318196102438526,15.667881898714977,4.339966E8])
(1.0,[1.7568000000000004,8.601099999999997,0.10559999999999997,83.25396541414142,67.70168261616162,41.28189357575757,7.571047999999999,7.060545999999998,4.879552000000001,15.356017164044374,3.6416375E8])
(1.0,[1.716262626262626,8.236060606060606,-0.6744444444444442,93.79308078746648,72.15843636363637,40.12349229024943,8.700440771349864,7.490847872666052,4.842312008978674,15.739599594052384,2.906657333333334E8])
(1.0,[1.8554081632653059,8.46938775510204,-0.16183673469387755,88.9486725120976,66.65972127077639,33.73302133389438,7.74331736776343,7.226109954185754,4.45933361099542,14.86799570738937,2.973327333333333E8])
(1.0,[1.964343434343435,9.939494949494955,-0.2882828282828285,42.42943298289011,34.525598721913006,33.50193273551845,5.301410060197938,4.678014488317518,4.348903173145597,13.601599192857668,3.799988E8])
(1.0,[2.5349999999999997,8.811836734693879,-0.004183673469387757,99.68400670103091,68.2264275194614,43.48594623395747,8.376938775510203,7.269554352353186,5.1142690545606,16.201405059512776,2.5972743749999997E8])
(1.0,[1.9631313131313135,9.069797979797977,-0.24505050505050507,65.5984176458462,49.80355914244489,34.85669259946404,6.739677583920009,5.918604224058771,4.553080297928781,14.335568608544637,4.932895555555556E8])
(1.0,[2.2096000000000005,9.954299999999998,0.5415000000000003,45.31533317171718,26.563747989898992,31.954776515151515,5.3510159999999996,4.020529999999999,4.315540000000001,13.250466831922468,5.400051111111112E8])
(1.0,[2.044545454545454,10.041717171717174,0.09959595959595954,41.18422096474953,25.342616408987833,28.190567182024328,5.126629935720846,4.087870625446382,4.000763187429855,13.101658962213133,5.614275714285715E8])
(1.0,[2.3299999999999996,10.164242424242424,0.3688888888888889,39.375618367346924,28.619810389610397,28.608471201814062,4.807878787878787,4.297092133455768,4.028103254769922,13.247576697230135,4.833323333333333E8])
(1.0,[2.2392929292929287,10.042525252525255,0.14939393939393955,39.051525005153565,25.923651721294586,26.95320371057514,4.946356494235283,4.089119477604327,3.9073829201101926,13.015945115753604,7.959962E8])
(1.0,[2.1054545454545464,10.000909090909092,-0.04444444444444451,34.4790352504638,19.56938589981447,26.370984126984123,4.764866850321397,3.4729292929292925,4.0375533108866435,12.758432853694913,1.080017E9])
(1.0,[2.236734693877551,10.111734693877557,0.13642857142857137,38.52697067115506,23.050024794866395,26.243936597938138,4.8366722199083725,3.8579362765514387,3.7250145772594747,12.901852404594816,8.939942E8])
(1.0,[2.608913043478261,10.389130434782608,0.2708695652173912,33.47230323671498,16.091385893719803,21.899119227053138,4.554272211720228,3.2793761814744795,3.7966351606805295,12.905335102275044,4.9987E7])
(1.0,[2.2998989898989897,10.112121212121215,0.20222222222222208,36.99255203050918,20.34622504638218,24.615097052154198,4.79464952555862,3.640581573308846,3.7880583613916947,12.818790954239493,6.524885E8])
(0.0,[-2.534343434343435,9.365454545454543,-0.6086868686868688,23.15470032982891,17.113396474953618,12.183995196866622,3.4590123456790125,3.3472727272727276,2.3097112539536777,11.089671886259213,8.278624E8])
(0.0,[-2.6393548387096772,9.266236559139788,-0.7001075268817206,26.319669144460025,18.10528676951847,12.256279336138379,3.750114464099897,3.4596092033761137,2.2481119204532316,11.110765072171745,8.099976E8])
(0.0,[-3.055102040816326,9.200102040816324,-0.5665306122448979,26.271800504944242,17.799349474016406,9.611394024826424,3.7285672636401506,3.355630987088712,2.163356934610579,11.109981990409247,3.49976E8])
(0.0,[-2.9476767676767683,9.261414141414145,-0.6956565656565655,18.795324139352722,15.202230632859203,9.415449309420737,3.1910805019895925,3.0474012855831045,2.1382756861544747,10.835902037105075,1.529999E9])
(0.0,[-2.843535353535354,9.099393939393945,-0.4447474747474747,25.664202679859816,15.871515955473084,11.017537435580289,3.60383226201408,3.178316498316499,2.105597388021632,10.992092645105389,7.5500475E8])
(0.0,[-3.631010101010101,9.40838383838384,-0.7383838383838384,19.158105091733663,9.449213687899402,8.928693279736136,3.2070605040302005,2.4364513825119896,1.9475420875420875,10.981267504881192,1.006673E9])
(0.0,[-3.5201020408163273,9.123571428571429,-0.7148979591836738,25.37060926783084,15.96516340206186,12.440734525562801,3.798252811328614,3.2402769679300287,2.3603706788837977,11.164687283649718,1.4800105E9])
(0.0,[-3.184591836734694,9.002142857142857,-0.5542857142857143,28.018884883231646,18.73800463917526,11.745243298969074,4.054922948771343,3.4826093294460643,2.1011370262390665,10.994673153436773,5.614275714285715E8])
(0.0,[-3.3494897959183683,9.235816326530609,-0.5999999999999998,27.835672932884506,18.745991594782236,11.322711340206185,3.9332153269471055,3.5452852977925864,2.152244897959184,11.265013433985004,1.269989E9])
(0.0,[-3.241734693877552,9.16244897959184,-0.6801020408163264,23.379474279402476,15.56713208499895,9.814031948243215,3.538638067471886,3.181878384006665,2.023815077051229,10.934293235549998,1.0E9])
(0.0,[-3.176767676767677,8.988787878787878,-0.5044444444444445,22.745387404658835,16.276416883116884,9.51418820861678,3.6186776859504137,3.2346127946127936,1.916318742985409,10.819738437252173,3.029998E9])
(0.0,[-3.548,9.145200000000004,-0.5596000000000002,24.578288888888892,14.751687838383852,10.913056404040407,3.6205600000000007,3.0703200000000006,2.1540399999999997,11.155220422867169,7.21997E8])
(0.0,[-3.4828282828282826,9.245555555555557,-0.6578787878787873,25.8359755926613,17.339249433106577,11.8364107606679,3.860348943985308,3.4287991021324364,2.2334496479951027,11.230757334291905,7.3999025E8])
(0.0,[-2.28969696969697,9.568383838383838,-0.8385858585858583,22.989425417439698,17.490368789940227,12.927493898165327,3.4867891031527396,3.351133557800224,2.2852137536986024,11.154756983052105,7.64984E8])
(0.0,[-1.6768131868131877,9.740769230769233,-0.7728571428571428,27.564601953601954,20.996987179487174,14.264171746031744,3.9464992150706433,3.739357565511411,2.484803767660911,11.648783961890238,1.0219802499999999E9])
(0.0,[-1.0580808080808077,9.858282828282828,-0.5304040404040408,28.08874015666873,21.653014368171515,18.239603916718202,3.9407346189164376,3.7127701254973986,2.878477706356495,11.89319517987975,4.56665E8])
(0.0,[0.027906976744186282,9.928139534883721,-0.12546511627906995,32.98638380300959,25.031714145006845,22.486850957592342,4.41345051379124,4.105916711736074,3.166143861546783,12.229222909229206,8.125E8])
(0.0,[0.7561,9.864199999999999,0.6133,27.345171505050516,29.142986222222213,22.086183949494952,4.181168000000002,4.208800000000002,3.369504,12.461445850708728,8.333333333333333E8])
(0.0,[1.0658585858585856,9.926666666666664,0.46505050505050516,25.416751041022465,25.216128571428563,20.921970150484437,4.106321803897563,4.022356902356902,3.4803489439853066,12.413184638511295,1.710007E9])
(0.0,[1.2053535353535354,9.90232323232323,0.653030303030303,25.669453700267983,25.16213638425067,23.003592764378492,4.107940006121823,3.9960983573104785,3.5671808999081733,12.433458378944948,7.625045E8])
(0.0,[1.0604255319148934,10.089361702127661,0.10978723404255322,32.7042428277282,31.084016792495994,21.856677373598714,4.365690357627888,4.469574468085106,3.2826075147125393,12.630579933601362,6.666666666666666E8])
(0.0,[1.1214285714285712,9.926632653061223,0.476938775510204,29.89200618556701,30.45783699768568,22.671437954975804,4.30250728862974,4.455951686797169,3.4049271137026245,12.5623346652781,5.52497875E8])
(0.0,[-0.505959595959596,9.97010101010101,-0.36343434343434333,26.352763100391662,19.066635703978566,17.840469717584003,3.8399979593918983,3.438298132843587,2.972174267931844,11.836646749383593,1.019989E9])
(0.0,[0.6822093023255814,9.718139534883719,0.4075581395348836,34.21033035567717,30.710311792065664,24.720364555403567,4.711668469442941,4.526554894537591,3.431268253109789,12.574309967725336,5.671431428571428E8])
(0.0,[1.154747474747475,9.980202020202025,0.2904040404040404,32.399412945784384,29.969432611832612,21.65403656977943,4.354820936639118,4.3515171921232545,3.2103866952351816,12.525687215000623,6.666666666666666E8])
(0.0,[0.9742391304347823,9.954456521739129,0.3638043478260869,30.607451063067366,30.7741766244625,22.362478774486384,4.353653119092626,4.483249054820413,3.3811034971644602,12.55595218687338,5.52497875E8])
(0.0,[1.012127659574468,10.123085106382975,0.5718085106382975,29.12818037062456,27.86220650880805,20.62859131777625,4.2142553191489345,4.1975531914893605,3.3166455409687634,12.600641191715702,4.455601111111111E8])
(0.0,[1.2040816326530608,9.915918367346935,0.6080612244897959,26.4119522406901,26.47957698295813,20.87390651167683,3.9917534360683056,4.044202415660144,3.3993523531861736,12.33783942280272,6.099956666666666E8])
(0.0,[0.9361616161616165,9.908787878787884,0.4224242424242425,30.355070830756535,29.03155157699444,22.003345083487936,4.279028670543822,4.320771349862259,3.371502907866544,12.459902971901991,4.630066E8])
(0.0,[0.7940404040404043,9.723030303030303,0.7068686868686868,29.660350855493697,26.142535621521343,22.272723768295194,4.300083664932149,4.024211815120907,3.492874196510561,12.360438644422668,0.0])
(0.0,[0.8170408163265309,9.59867346938775,0.7991836734693882,27.530697338523037,25.55767760361877,24.453531285503878,4.1260807996668065,3.9610266555601856,3.556459808413161,12.250916724756454,3.199952E8])
(0.0,[0.8567676767676768,9.889292929292928,0.59,30.65963026180169,31.787273984745394,23.20332857142857,4.317132945617794,4.459385776961533,3.343636363636363,12.712769023335785,6.14998E8])
(0.0,[0.7768686868686866,9.924848484848487,0.4665656565656565,23.381174788703362,23.563739517625233,22.318102370645228,3.829488827670645,3.846115702479338,3.48457300275482,12.191327147371421,1.3564453333333333E9])
(0.0,[0.6370408163265305,10.044591836734694,0.4216326530612244,28.544394245739536,25.409608594571857,20.67397875026299,4.1417117867555175,4.035297792586422,3.2778342357351113,12.251190505500535,5.02221E8])
(0.0,[0.5485858585858588,9.997979797979804,0.16787878787878793,25.02411634714492,23.458504040404048,16.94325361781076,3.9167248239975514,3.8093929190898894,3.1426997245179047,12.044127441109183,5.199991666666667E8])
(0.0,[0.7768686868686866,9.924848484848487,0.4665656565656565,23.381174788703362,23.563739517625233,22.318102370645228,3.829488827670645,3.846115702479338,3.48457300275482,12.191327147371421,1.3564453333333333E9])
(0.0,[0.6596938775510207,10.046122448979588,0.43642857142857144,28.54126485377655,25.407071407532094,20.72079639175257,4.138698458975426,4.033798417326116,3.2877988338192425,12.257139184588858,5.02221E8])
(0.0,[0.530909090909091,10.047676767676773,0.31565656565656586,33.855526716141014,26.68121801690374,19.12121053391053,4.475684113865933,3.986617692072239,3.4006183042546683,12.508955920491708,6.04004E8])
(0.0,[0.42408163265306115,10.015714285714285,0.3608163265306122,34.477098632442676,29.168088659793803,20.388500357668843,4.556780508121616,4.363935860058308,3.3126738858808835,12.582255875615955,4.449981E8])
(0.0,[0.3934693877551019,10.055,0.38418367346938764,35.056379591836716,25.475033505154634,21.459764790658536,4.654498125780925,4.009591836734693,3.398940024989589,12.587543903008937,4.921231111111111E8])
(0.0,[0.5091836734693878,9.980102040816329,0.5946938775510202,28.303863244266765,25.067972154428798,20.73741073006523,4.1776384839650165,3.9319408579758437,3.488946272386505,12.435532305760377,7.156006E8])
(0.0,[0.3552525252525251,10.093232323232318,0.5026262626262626,32.64446600700886,27.64978536384251,19.722066501752213,4.432664013876135,4.19343128252219,3.2197510458116523,12.540734706316234,1.016673E9])
(0.0,[0.5518367346938776,9.94,0.5588775510204081,30.289732674100566,29.45559587628866,23.69685542815064,4.3414452311536875,4.334081632653062,3.5150478967097043,12.691687861054708,1.0E9])
(0.0,[0.6073999999999998,9.812899999999997,0.5603999999999999,31.780777010101012,30.714220797979813,20.0615654949495,4.368660000000003,4.443874000000002,3.2239520000000006,12.45672259172651,1.580002E9])
(0.0,[0.44272727272727247,10.076060606060604,0.3785858585858585,34.32437717996288,24.566403710575138,20.198081653267373,4.599173553719009,3.9601469237832867,3.229909192939496,12.551425593876033,6.685704285714287E8])
(0.0,[0.38414141414141423,9.933434343434342,0.6333333333333336,31.60105716347145,28.531971758400328,21.26095918367347,4.454402611978369,4.236467707376799,3.282356902356902,12.586237905116144,1.7849885E9])
(0.0,[0.5528571428571428,10.028163265306121,0.5508163265306125,32.58445154639174,31.70179659162633,21.98114571849358,4.3834110787172005,4.5398125780924605,3.314323198667222,12.717266575761927,1.580002E9])
(0.0,[0.6428282828282829,9.829696969696966,0.6173737373737374,31.088130694702123,31.927841743970333,23.633201195629777,4.3317192123252735,4.478469543924089,3.504024079175595,12.628594280828878,6.6999825E8])
(0.0,[0.4569696969696969,10.13222222222222,0.6346464646464642,31.634051948051944,26.02566031746031,21.25335574108431,4.450333639424548,4.074298540965207,3.2178022650749925,12.56676486175183,8.01996E8])
(0.0,[0.5068367346938778,10.125,0.6334693877551021,30.33522803492532,24.040631443298977,21.249239385651162,4.34392544773011,3.842959183673468,3.325351936693044,12.524996042154672,4.110016E8])
(0.0,[0.38632653061224487,9.977040816326532,0.24285714285714297,35.68279461392804,25.85235713233746,20.555515463917523,4.698367346938776,3.9976530612244905,3.222886297376092,12.468984276540048,6.140014E8])
(0.0,[0.5475000000000003,9.9332,0.23330000000000015,28.75608762626262,22.358698747474765,20.66576576767677,4.37045,3.831663999999999,3.539776,12.29777524902239,1.0333353333333334E9])
(0.0,[0.3321428571428573,10.201224489795921,0.3297959183673469,26.315901546391757,17.871270650115722,14.736012329055336,3.8303498542274035,3.3428321532694714,2.7467763431903385,11.904772037757455,9.5249175E8])
(0.0,[0.38989898989899,10.073535353535354,0.3102020202020204,34.46221325499897,25.99783329210472,20.416993836322405,4.542528313437404,4.064913784307723,3.185415773900623,12.505868766574231,6.140014E8])
(0.0,[0.45202020202020204,9.847272727272728,0.2616161616161617,27.6042081220367,20.314899628942495,19.178401443001437,4.2434159779614316,3.5667952249770423,3.315486174880113,12.027218453676408,8.8250725E8])
(1.0,[-3.3671134020618556,7.425567010309278,-1.5695876288659791,109.22767491408932,67.81081660223369,55.562547744845354,9.236314167286643,7.180539908598151,5.941009671591031,15.659338530600111,3.307682307692308E8])
(1.0,[-6.555510204081637,3.647653061224491,-0.8844897959183674,107.5564703555649,42.49644701241322,55.7453466442247,8.942907122032484,5.32561224489796,5.75378592253228,15.144822194646995,5.49998E8])
(1.0,[-6.545833333333332,3.6138541666666657,-0.7618749999999999,105.42621192982459,47.39101130482455,54.328526973684205,8.92498263888889,5.6822352430555565,5.627799479166667,15.141408968900608,7.0098E7])
(1.0,[-6.784536082474228,3.565360824742269,-0.4642268041237113,109.23290629295535,39.06703762886598,51.38906423969073,9.08130300775853,5.386889148687425,5.710836433202253,15.033377143813695,1.067482E9])
(1.0,[-6.524242424242424,3.5272727272727264,-0.6207070707070709,103.86545732838596,37.64102615955472,51.386102556173995,8.761346801346802,5.076473829201102,5.207568615447404,14.600692260094062,7.8501125E8])
(1.0,[-6.436458333333332,3.5891666666666673,-0.6970833333333335,112.91325048245614,41.98947719298247,59.15679350877194,9.177647569444447,5.45329861111111,6.090807291666667,15.39465966069904,1.530487E9])
(1.0,[-6.810918367346938,3.6277551020408176,-0.7224489795918365,104.2851610035767,43.16224645487061,50.272639301493804,8.816538942107451,5.463398583923368,5.28728862973761,14.922906108702698,1.022316E9])
(1.0,[-6.404693877551021,3.508469387755102,-0.44938775510204065,107.46514475068385,41.18469763307386,53.495948074900056,8.923373594335699,5.47956892961266,5.92326530612245,14.93450464067182,1.067482E9])
(1.0,[-6.431546391752578,3.459896907216495,-0.627422680412371,109.8685798754296,45.10612186426116,58.857775579896895,9.067207992347752,5.733083218195342,5.925802954617917,15.147965592572463,4.119903E9])
(1.0,[-6.624948453608244,3.483711340206185,-0.8146391752577322,107.11064817439866,45.20083191580755,56.32222304553267,8.915006908279308,5.729622701668615,5.666447018811773,15.067363979919973,0.0])
(1.0,[-6.859072164948456,3.3952577319587625,-0.19381443298969078,108.68304183848797,48.60902935996563,56.80239884020617,8.983114039749179,5.880493144861303,5.833289403762354,15.288575261859632,0.0])
(1.0,[-6.8960606060606064,3.7332323232323232,-0.6875757575757577,109.29874860853432,39.706838425067,50.312904267161436,8.954276094276098,5.431333537394144,5.307701254973982,15.057394958618703,6.86145E8])
(1.0,[-6.36448979591837,3.3437755102040803,-0.3546938775510202,106.90037138649272,41.13915982537344,38.957051967178614,8.982877967513542,5.461738858808828,4.938546438983758,14.426271201485957,8.4265125E8])
(1.0,[-6.998659793814433,3.404536082474228,-0.4751546391752576,121.44611172680413,43.61028962628867,70.21180856958762,9.60726538420661,5.598152832394515,6.636966733978107,16.169141791429276,8.833413333333334E8])
(1.0,[-6.609489795918368,3.804387755102043,-0.5850000000000002,110.73558427309065,41.71079188933305,63.08656340206183,9.003398583923364,5.57241149521033,6.4447959183673476,15.490548238467724,5.0018E7])
(1.0,[-5.9745918367346915,3.544387755102042,-0.5587755102040817,117.40727251209758,44.11595889964232,70.65100054702293,9.282082465639315,5.590778842149105,6.6245397750937105,15.658552616910383,5.0018E7])
(1.0,[-6.695104166666668,3.6110416666666665,-0.6461458333333336,109.88939788377186,47.81001364035089,61.416615515350856,9.056336805555558,5.78127170138889,5.968324652777778,15.495592028812988,1.840087E9])
(1.0,[-6.523737373737373,3.085858585858585,-0.512929292929293,114.5216379303236,41.87724695938981,52.061557658214774,9.363928170594837,5.291929394959699,5.58742781348842,15.007281039380095,8.500065E8])
(1.0,[-6.51704081632653,3.6183673469387765,-0.39775510204081654,113.37115300862611,43.82110452345886,53.27643202188092,9.347523948354855,5.345068721366099,5.214714702207413,15.14732420022493,0.0])
(1.0,[-6.832499999999998,3.136354166666666,-0.9522916666666665,102.05959789473684,38.705242357456136,57.058653640350876,8.688125,5.1037022569444455,5.553702256944444,14.725484470756934,1.1849825E9])
(1.0,[-6.093469387755102,3.179387755102041,-0.4612244897959182,105.07508268462021,35.717653229539245,53.525419103723955,8.74481049562682,4.949579341940857,5.69326530612245,14.457999903910071,6.739928E8])
(1.0,[-6.476666666666666,2.9255555555555546,-0.43545454545454526,107.78836326530616,37.285686167800456,51.84426382189237,9.018653198653196,4.982312008978673,5.667309458218549,14.694110612933065,7.00073E8])
(1.0,[-6.423232323232324,3.1949494949494954,-0.14010101010101023,103.94268128220986,43.13390688517832,62.37375407132552,8.744156718702172,5.298840934598509,6.092417100295887,15.0176273276339,1.07499675E9])
(1.0,[-6.858163265306122,3.396326530612244,-0.8469387755102039,107.35589349884285,44.05431007784557,56.24095341889334,9.009816743023741,5.4038567263640145,5.4717742607246995,15.146851965261808,1.3600363333333335E9])
(1.0,[-6.1888888888888856,3.228787878787879,-0.5081818181818183,108.19247936507928,33.77321076066791,55.456096660482395,8.902828282828281,4.896075910621366,6.023048668503215,14.61975063163188,8.300232E8])
(1.0,[-6.648061224489797,3.4368367346938777,-0.5648979591836736,105.53345084157372,45.21918061224491,46.3264788554597,8.905487296959604,5.333163265306123,4.931124531445233,14.802643948170775,1.349986E9])
(1.0,[-5.914166666666668,3.036979166666666,-0.5343749999999999,105.29523087719298,45.70299183114035,50.10106907894737,8.772309027777782,5.371145833333335,5.312408854166669,14.533559611808705,5.399955714285715E8])
(1.0,[-6.600102040816326,3.0699999999999994,-0.6702040816326529,100.29049380391334,42.85160206185569,49.98457521565327,8.527026239067055,5.32591836734694,5.232232403165347,14.604220644370892,2.0599975E9])
(1.0,[-6.786666666666668,3.2027083333333337,-0.34552083333333344,109.11737192982454,41.94628732456142,54.51130919956142,9.037152777777774,5.478880208333335,5.958875868055554,15.132800829024143,0.0])
(1.0,[-6.382346938775512,3.272244897959184,-0.37755102040816324,111.67586350725854,40.06421552703556,67.8590722911845,9.054868804664725,5.262611411911707,6.439591836734693,15.302027325096367,0.0])
(1.0,[-6.825252525252525,3.3643434343434335,-0.12414141414141427,112.58663947639666,41.30070441146155,58.98772655122654,9.197916539128663,5.4388001224364855,6.1057157432915,15.38568562304817,8.15033E8])
(1.0,[-6.275102040816328,3.0891836734693867,-0.3548979591836736,111.88305205133592,44.60009829581317,53.18018194824324,9.309587671803415,5.762332361516034,5.885510204081633,15.134621960158075,1.03752125E9])
(1.0,[-6.595959595959597,3.2292929292929307,-0.28787878787878773,113.16646718202436,44.93207194392909,51.3270638218924,9.365942250790743,5.782014080195897,5.759718396082033,15.27747686553783,1.03752125E9])
(1.0,[-6.15875,3.2627083333333338,-0.6330208333333334,112.82769526315793,48.09725574561404,59.44728235745615,9.165963541666667,5.791154513888889,6.19433376736111,15.310393525863924,1.659912E9])
(1.0,[-6.569898989898991,3.2737373737373736,-0.40747474747474755,102.41878060193774,49.94592364460935,47.330517027417045,8.599308233853689,5.747535965717783,5.391337618610345,14.895398411797455,8.10029E8])
(1.0,[-6.779081632653062,3.6739795918367335,-0.6057142857142854,110.80367440563853,43.258191216074046,65.80142474226805,9.006411911703458,5.571897126197417,6.532623906705539,15.71456703427902,6.882731666666666E8])
(1.0,[-6.570416666666667,3.4784375000000005,-0.07989583333333339,111.81615982456142,40.02511858552629,60.49630841008776,9.207039930555556,5.360533854166666,5.844470486111111,15.269318781864103,0.0])
(1.0,[-6.295918367346938,2.992959183673469,-0.2463265306122449,112.38821203450453,39.15612826635808,62.35711213970124,9.258942107455225,5.2601770095793405,6.257067888379843,15.11542725465244,3.389984E9])
(1.0,[-5.991340206185567,3.1087628865979386,-0.6369072164948453,104.18589714347075,46.903465120274916,58.79604241838491,8.607401424168357,5.628672547560845,6.2264385163141664,15.013907344797994,8.55011E8])
(1.0,[-6.343298969072165,3.076907216494846,-0.4476288659793817,106.92472442010306,44.62349033505154,49.58843286082475,8.81268572643214,5.331593155489425,5.067903071527261,14.701167843059507,2.0250095E9])
(1.0,[-6.191237113402061,3.211546391752578,-0.4220618556701031,103.1987026202749,41.36387154209621,58.01912695446736,8.696431076628757,5.401594218301627,6.009711977893508,14.61311191215807,8.99994E8])
(1.0,[-6.666122448979591,3.3159183673469395,-0.6880612244897959,112.62266316010941,33.929061519040594,46.746659088996445,9.06410245730945,4.847217825905872,5.197613494377343,14.620622457187832,0.0])
(1.0,[-6.802061855670103,3.236082474226805,-0.3124742268041238,101.32979987113406,40.75787199312715,48.47595631443298,8.719929854394728,5.189775746625569,5.338529067913698,14.721128304065276,0.0])
(1.0,[-9.725454545454545,2.522727272727273,-2.1963636363636367,3.139727272727273,8.56414181818182,13.823725454545457,1.419504132231405,2.275206611570248,2.9385123966942146,11.226843442032743,0.0])
(1.0,[2.1183505154639177,7.781546391752577,-0.858350515463917,54.96107225085908,75.01082779209618,53.389055584192455,6.300669571686684,7.659024338399406,5.235340631310447,14.080671885419687,2.5842284210526314E8])
(1.0,[-1.7480208333333322,8.433645833333337,-1.0064583333333332,80.60864130482454,67.47013709429825,51.03372416666665,7.748769531249997,7.104971788194448,5.7236154513888895,15.104014034729879,2.2190199999999997E8])
(1.0,[-1.506770833333333,8.372083333333332,-0.7511458333333335,78.435325252193,65.93672824561402,48.84505867324562,7.577610677083332,7.120338541666664,5.289550781250002,14.700651202610192,2.5611366666666672E8])
(1.0,[-3.1105102040816326,8.537346938775508,-0.6172448979591837,93.11767705659585,66.82123618767093,55.396925320849974,8.422551020408163,7.223810912119948,5.75324031653478,15.629915746697442,2.3476738095238096E8])
(1.0,[-1.4432291666666666,8.304583333333333,-0.5240624999999998,72.83236104166663,72.20967771929824,46.084295953947375,7.332395833333332,7.500381944444448,5.301809895833334,14.66581562635409,2.2648315E8])
(1.0,[-2.842164948453609,8.25072164948454,-0.6701030927835049,90.11495880584191,66.07316509879726,52.713880197594506,8.238269741736637,7.137489637581043,5.613081092570943,15.298111689747078,2.2848510000000003E8])
(1.0,[-1.5357291666666673,8.428958333333341,-0.4653124999999999,73.30518893640352,69.8854831140351,47.256528322368446,7.32918185763889,7.413268229166668,5.336549479166668,14.676143797142153,2.2648315E8])
(1.0,[0.6195833333333332,8.146562499999998,-0.8489583333333335,51.65877877192982,75.03968384868422,54.61758837719298,6.115208333333332,7.628020833333334,5.743068576388886,14.437443366082475,2.5999955555555558E8])
(1.0,[-0.7402127659574468,7.607127659574467,-1.3599999999999999,67.53352253488906,74.6031024136353,50.765688172043006,6.918741511996377,7.467005432322318,5.471063829787235,14.372832555859773,2.7875331250000006E8])
(1.0,[-3.4257291666666667,7.8759375,-0.7868749999999998,104.08249841008768,73.20002858552631,50.435518552631585,8.969984809027773,7.282558593749999,5.505833333333335,15.892354222244387,2.4450074999999997E8])
(1.0,[-4.174591836734694,8.148877551020409,-0.8773469387755104,115.34354673890172,73.79566367557328,54.51425062066064,9.412882132444818,7.3926863806747205,5.884081632653061,16.62301504458118,2.594733157894737E8])
(1.0,[-5.061237113402063,7.808144329896908,-0.9818556701030925,122.71568595360823,70.22035277061856,64.06265693728521,9.80738441917313,7.214428738441919,6.403356360931022,17.00601233376043,2.764731176470589E8])
(1.0,[-5.885252525252525,7.313333333333332,-1.3508080808080811,123.59453335394763,58.85329795918369,65.01799525870953,9.701138659320478,6.404242424242424,6.255280073461894,16.906204399517527,3.40771E8])
(1.0,[-7.089285714285715,3.2441836734693874,-0.07959183673469379,112.64285206185569,45.354575099936866,57.999931790448144,9.130349854227404,5.498929612661391,6.111012078300706,15.605183952971597,1.649994E9])
(1.0,[-7.063541666666667,3.306145833333334,-0.39812499999999995,107.46374732456144,42.50399235745615,64.63503013157892,8.900329861111107,5.320776909722222,6.281497395833335,15.531765787226364,0.0])
(1.0,[-7.252020202020202,3.571111111111112,-0.2977777777777777,107.11162853019991,47.27276303854876,58.236882766439905,8.84421997755331,5.631447811447814,5.740089786756453,15.584640148131067,0.0])
(1.0,[-7.114141414141414,3.41929292929293,-0.07343434343434349,108.03664900020617,43.40849031127601,57.7472615543187,9.00933782267116,5.422850729517395,5.628254259769412,15.25830430533197,6.799866E8])
(1.0,[-6.944183673469387,3.303061224489796,-0.2612244897959183,108.24542252261733,40.59602352198614,55.69670776351779,9.108450645564348,5.295289462723868,5.4854060807996685,14.96319077612701,1.02999875E9])
(1.0,[-6.8853125,3.5188541666666664,-0.25020833333333337,107.335029375,43.32308393640351,49.34512627192982,8.979453124999996,5.422877604166668,5.303771701388889,15.044261396320612,6.828831428571428E8])
(1.0,[-7.064183673469388,3.6221428571428578,-0.26826530612244903,110.16869468756573,41.928924226804135,51.396845413423094,9.088944189920865,5.398002915451897,5.551326530612246,15.124347409779672,6.1512E8])
(1.0,[-7.073469387755102,3.6788775510204075,-0.24561224489795921,108.48373629286766,43.777208005470236,55.190490858405205,9.007267805081218,5.401959600166598,5.821122448979591,15.280690469245743,1.0E9])
(1.0,[-6.905729166666666,3.310416666666667,-0.3235416666666666,113.78784788377192,38.61878298245615,50.8431410087719,9.246501736111112,5.000460069444443,5.52993923611111,15.084068282514444,9.9976E7])
(1.0,[-6.845252525252525,3.6347474747474733,-0.20919191919191923,117.60453335394763,45.3979925376211,63.714911585240124,9.28162840526477,5.674280175492297,6.309017447199264,15.669540956272947,1.209976E9])
(1.0,[-6.670947368421054,3.590315789473684,-0.2528421052631579,111.17907888017913,49.27500096304591,53.495952474804035,9.19517340720221,5.6272930747922425,5.46034570637119,15.21232137556829,0.0])
(1.0,[-7.1516161616161575,3.4725252525252532,-0.30939393939393944,110.43521368789942,42.60733743558029,46.34482207792208,9.051400877461486,5.213614937251299,5.134325068870523,15.07720004729528,0.0])
(1.0,[-7.160204081632654,3.030102040816326,-0.23867346938775522,109.69838552493161,50.89332266989269,51.362063170629064,8.87386505622657,5.800112453144524,5.769150354019159,15.430302995352745,1.080007E9])
(1.0,[-6.519895833333333,3.4205208333333337,-0.42104166666666676,112.09913998903508,45.992666041666645,56.98020100877192,9.059071180555563,5.4485026041666655,5.828211805555557,15.306043224028027,0.0])
(1.0,[-7.146600000000001,3.086299999999999,-0.4024,111.19312165656565,47.28206596969696,52.93081842424241,9.124808,5.658529999999999,5.641136,15.397944037603452,0.0])
(1.0,[-6.645463917525772,3.138247422680412,-0.34134020618556704,110.56525629295537,50.79335418814431,49.17496381013746,8.887337655436284,5.755574449994687,5.583938782017216,15.16561975490399,1.126648E9])
(1.0,[-6.973333333333332,3.3165625000000007,-0.4587500000000001,109.64629192982453,44.754822796052636,59.532166842105234,8.919791666666667,5.482727864583334,5.932786458333332,15.432589294168102,0.0])
(1.0,[-7.354500000000001,3.223299999999999,-0.4323999999999999,111.778222979798,47.54468293939395,57.152767919191895,9.220469999999997,5.632698000000001,5.761583999999999,15.688818564999252,0.0])
(1.0,[-7.585858585858588,3.1944444444444446,-0.5005050505050506,106.02613063285918,44.48780861678006,58.344676272933434,8.783354759718394,5.431627384960717,5.96623813896541,15.609002861032154,8.60016E8])
(1.0,[-6.441649484536083,3.3604123711340197,-0.21206185567010305,110.5999035008591,46.19446857817869,54.311189454467375,9.059846955043048,5.297357848868105,5.458171963014136,15.114330937260654,0.0])
(1.0,[-6.580204081632651,3.358469387755102,-0.2980612244897957,98.56940201977699,48.42556567431096,53.433995171470634,8.588546438983755,5.688673469387755,5.592675968346522,14.8083054632214,0.0])
(1.0,[-7.134,3.072947368421053,-0.0566315789473683,106.56166255319151,48.26308696528555,60.90176512877939,8.921936842105264,5.456997229916899,5.97469916897507,15.47653562890048,3.300049E9])
(1.0,[-6.700309278350512,2.7774226804123696,-0.13123711340206184,103.84120302835049,46.81386099656357,64.15406095360824,8.868734190668512,5.578526942289298,5.988904240620681,15.121829766560328,0.0])
(1.0,[-7.151313131313132,2.8541414141414134,-0.11333333333333337,107.4039523397237,48.963591857348995,48.711032653061245,9.01945515763697,5.6966534027140066,5.537441077441076,15.113814458614375,1.6350095E9])
(1.0,[-6.585876288659795,3.09319587628866,-0.133505154639175,103.88471406786944,52.357805304982826,51.86118550257732,8.945403337230312,5.836960357104899,5.839757678818151,15.128294505991638,7.899983333333333E8])
(1.0,[-7.403535353535355,3.1261616161616166,-0.23484848484848483,107.43680880230876,44.677311647083066,67.23407012987009,8.954514845423935,5.407142128354252,6.4051974288337945,15.700044905298002,5.56661E8])
(1.0,[-6.519999999999999,3.0681632653061226,-0.40122448979591857,104.05331340206185,47.629693498842826,51.725470650115724,8.689591836734689,5.53988754685548,5.513190337359432,14.759425157937324,2.419983E9])
(1.0,[-6.878144329896907,3.1009278350515466,0.148659793814433,104.51944235395189,52.06775225515463,58.922340893470796,8.787091083005627,5.779513232011905,5.606111170156233,15.376089083651587,8.12024E8])
(1.0,[-6.911632653061223,3.5162244897959174,-0.31622448979591844,105.25093132758263,49.76777632021883,57.44833095939406,8.75054977092878,5.7219346105789235,5.60637442732195,15.326133995763106,4.671368571428572E8])
(1.0,[-6.714897959183673,3.100510204081631,-0.24683673469387754,116.95113246370715,39.22879870608036,60.432225973069656,9.362565597667635,5.1221949187838405,6.0647313619325285,15.294650130054709,1.1950075E9])
(1.0,[-7.103838383838385,3.253333333333334,-0.12959595959595968,107.90885654504225,46.25800612244898,44.92660595753453,9.080910111213141,5.507542087542089,5.124222018161412,14.98532991713984,5.77507E8])
