(1.0,[-2.3204494382022474,9.968314606741576,-1.5786516853932588,24.661088432073544,39.511427808988756,32.81620952502555,3.806287084964019,4.693313975508142,4.321169044312586,13.420630203283276,4.60628E8])
(1.0,[-2.7682352941176473,2.4447058823529413,6.927647058823529,15.518077941176474,7.634501470588236,12.395906617647059,3.1285121107266436,2.009204152249135,2.8157093425605537,9.486964425840117,0.0])
(1.0,[-2.0318279569892472,9.84537634408602,-2.0900000000000007,27.881623796166444,50.49905991117346,42.809141304347854,3.9589339808070285,5.34359810382703,4.843010752688173,14.094433337993316,3.944366E8])
(0.0,[-0.42908163265306126,10.362346938775508,-1.3954081632653057,15.46601873553545,29.99817072375342,29.998264264674937,2.9658350687213657,4.265624739691795,4.222015826738856,12.809999343053203,5.233156666666667E8])
(0.0,[0.02474226804123711,10.088144329896908,-1.437628865979382,17.373521026632304,34.69041735395188,34.6554682774914,3.222285046232331,4.7196832819640795,4.389444149218832,12.833186414348964,7.551473333333334E8])
(0.0,[-0.10612244897959186,10.359081632653062,-1.4931632653061229,15.574310582789813,34.24025378708185,33.75763422049232,3.0375510204081637,4.701382757184504,4.469500208246565,12.987894094971452,8.499818E8])
(0.0,[0.09226804123711346,10.195979381443298,-1.4361855670103092,15.703769802405489,32.081638874570444,33.76824050687286,3.001513444574342,4.608929748113509,4.428115633967477,12.753121683273168,6.616668333333334E8])
(0.0,[0.18696969696969684,10.488484848484847,-1.353939393939394,13.822884601113168,31.102443599257864,30.732622077922077,2.8515029078665446,4.488148148148149,4.299987756351392,12.893441287844174,9.19989E8])
(0.0,[0.10877551020408167,9.937448979591833,-1.5075510204081626,13.973856217126025,33.893819198401026,39.19041249737009,2.8855351936693037,4.646484798000833,4.701982507288627,12.763741288911985,6.70636E8])
(0.0,[0.13806122448979596,10.094693877551022,-1.5327551020408168,14.360151872501575,30.8021158847044,31.041995423942765,2.858100791336945,4.516459808413159,4.162213660974594,12.513090727232196,6.820068E8])
(0.0,[0.04785714285714279,10.052448979591835,-1.8742857142857146,12.3511675257732,36.34201249737009,35.92023711340206,2.762434402332362,4.9097501041232805,4.615189504373179,12.867017610425146,7.26007E8])
(0.0,[0.10917525773195871,10.05432989690722,-1.6700000000000006,12.266157646048109,30.50289980670105,35.006218749999995,2.581022425337444,4.369673716654267,4.5334020618556705,12.617403560843558,6.517588333333334E8])
(0.0,[0.2732653061224489,10.200000000000001,-1.2642857142857142,13.173624279402482,32.43890721649485,32.39858969072165,2.9439441899208667,4.65469387755102,4.190204081632655,12.616000350638718,5.71262375E8])
(0.0,[0.1625510204081632,10.536836734693875,-1.309591836734694,12.616239816957705,28.946366179255197,30.983166841994535,2.775052061640982,4.26518325697626,4.25210745522699,12.748576458250273,6.214294285714285E8])
(0.0,[0.3567676767676766,9.965555555555554,-1.4151515151515148,12.54345475159761,32.82436780045352,30.459698701298706,2.6988919498010397,4.575757575757579,4.212464034282217,12.456651526732687,6.56667E8])
(0.0,[0.2318367346938776,10.234285714285718,-1.388163265306123,13.008639890595413,29.31978969072166,32.01086669471913,2.685010412328196,4.278279883381926,4.118388171595169,12.535286929604952,9.249345E8])
(0.0,[0.27226804123711346,10.081134020618558,-1.520721649484536,13.09958021907216,34.29717265893472,34.533102598797264,2.6708385588266554,4.858165586140929,4.550521840790734,12.674866078115162,7.166646666666666E8])
(0.0,[0.49377551020408145,10.254897959183674,-1.508877551020408,15.901739206816744,35.485249989480316,35.40203068588259,3.068038317367763,4.813377759266973,4.495749687630153,13.042334339372461,6.342904285714287E8])
(0.0,[0.30927835051546376,10.502164948453608,-1.4430927835051546,17.135104682130578,34.4890379725086,33.36110700171822,3.156973110851314,4.721434796471465,4.412908916994366,13.132708061088561,5.55004125E8])
(0.0,[0.37711340206185556,10.194123711340202,-1.514742268041237,15.820268664089348,32.9415953178694,38.64709602663228,2.870105218407907,4.52365607397173,4.735436284408545,13.05184158506818,7.660034E8])
(0.0,[0.17216494845360833,10.360721649484539,-1.185876288659794,14.74385047250859,37.64608176546391,33.48348281786944,2.948489743862261,4.895132320119033,4.512269104049314,13.068429299542464,7.933298333333334E8])
(0.0,[0.21989898989898982,10.499898989898988,-1.3475757575757579,13.98859080601938,31.50063774479489,31.574473654916524,2.8879869401081524,4.479096010611162,4.285521885521887,12.956094948671405,9.86674E8])
(0.0,[0.49489795918367374,10.164285714285715,-1.230408163265306,13.41940669051126,36.66298556701032,35.74937715127289,2.6835651811745103,4.868979591836735,4.643002915451896,12.814958095353472,5.311516666666667E8])
(0.0,[0.23082474226804126,10.449175257731957,-1.3952577319587627,14.790578479381443,35.420826396048135,33.94218144329896,2.855678605590391,4.6613816558614065,4.543305345945372,13.110353117313196,6.32782E8])
(0.0,[0.39585858585858574,10.228787878787879,-1.4425252525252525,16.85982451041022,37.80422912801484,36.91152314986601,3.1028037955310688,4.981475359657176,4.66355882052852,13.152581290479592,4.6143014285714287E8])
(0.0,[0.45142857142857123,10.275714285714283,-1.3985714285714288,16.206237113402064,39.219455670103095,39.72675051546392,3.109008746355685,5.1102040816326575,4.959154518950437,13.306930172778046,5.56243875E8])
(0.0,[0.1814141414141415,10.470303030303027,-1.3679797979797972,16.898704102246963,32.88069072356215,32.41455710162853,3.0510682583409863,4.522301805938167,4.400063258851138,13.101204095763492,7.119996E8])
(0.0,[0.3423958333333334,10.091250000000002,-1.4609375000000007,13.305519462719296,37.4752952631579,35.248553848684196,2.8315125868055557,4.910338541666667,4.552903645833331,12.851090205075138,7.400105E8])
(0.0,[0.40581632653061217,10.263163265306128,-1.2838775510204088,13.89301427519462,35.130638344203675,36.64343223227434,2.8034006663890043,4.660605997501042,4.798754685547687,13.006957896106606,6.299481428571429E8])
(0.0,[0.5967010309278353,10.182268041237114,-1.537010309278351,16.637707753436427,39.88170938573884,37.6054190936426,3.10958869167818,5.1755064300138125,4.728360080773728,13.19011449911292,5.50010625E8])
(0.0,[0.20275510204081643,10.601122448979588,-1.4072448979591845,16.483770681674738,35.65181831474858,35.47712325899432,3.1189337775926695,4.794023323615157,4.617730112453145,13.33577558386856,5.56243875E8])
(0.0,[0.47173469387755107,10.15132653061225,-1.4344897959183673,12.628156753629282,33.75769409846412,34.63336520092573,2.845239483548522,4.690905872553102,4.394685547688464,12.78608197644509,8.2250975E8])
(0.0,[0.3909278350515464,10.325876288659789,-1.3081443298969073,19.454966838487973,38.344811984536086,36.724888187285224,3.2925603145924107,4.994815602083113,4.783173557232437,13.40649798463962,6.385758571428572E8])
(0.0,[0.5378350515463917,10.087422680412372,-1.3515463917525772,18.981225472508587,36.611510996563574,36.838694458762895,3.2356169624827293,4.829979806568179,4.75924540333723,13.182662859337505,6.766713333333334E8])
(0.0,[0.3341836734693878,10.52061224489796,-1.245306122448979,18.41915241952451,37.26841817799285,38.46490557542603,3.3804248229904212,4.9114035818409,4.767321949187839,13.468387819944727,6.685922857142857E8])
(0.0,[0.29443298969072157,10.711443298969067,-1.1311340206185572,15.651818685567013,32.73189372852233,31.866985158934707,3.1872738867042183,4.647465192900414,4.347443936656392,13.200846223706728,5.90004E8])
(0.0,[0.4739795918367348,10.249387755102044,-1.200612244897959,15.302774721228698,31.720830549126873,38.903350136755726,2.9865493544356525,4.503940024989586,4.7254727197001225,12.962949931614784,8.940062E8])
(0.0,[0.18081632653061222,10.402346938775509,-1.1074489795918363,13.328257058699766,31.06431917736167,27.04803363139071,2.8110537276134937,4.537401082882131,3.8622511453560997,12.593447405002339,8.5E8])
(0.0,[0.48581632653061235,10.113979591836737,-1.1841836734693871,12.938154481380185,33.99777059751736,38.77321221333896,2.738673469387754,4.857573927530198,4.633552686380673,12.779931247217776,6.516621666666666E8])
(0.0,[0.30464646464646467,10.259090909090911,-1.322929292929293,14.499872067614925,31.988012430426714,33.121345413316845,2.820948882767065,4.547199265381083,4.434237322722171,12.775827370093033,8.599976E8])
(0.0,[0.3755102040816327,10.167346938775509,-1.305612244897959,11.476497159688615,32.19218876499053,33.42676714706502,2.589775093710954,4.628692211578508,4.402744689712618,12.621980886611713,9.964496666666666E8])
(0.0,[0.25848484848484854,10.262727272727274,-1.1634343434343435,12.744931354359927,32.496207792207805,32.18041869717583,2.8196204468931745,4.525399449035812,4.395912661973267,12.729294896103267,7.533265E8])
(0.0,[0.12816326530612232,10.364387755102037,-1.012448979591837,13.709947107090256,29.513723848095946,34.443379507679374,2.8694252394835487,4.406478550603917,4.294802165764264,12.771346197592774,8.19989E8])
(0.0,[0.32010204081632654,10.309081632653067,-0.9498979591836735,16.579042257521568,31.3423733747107,38.38085462865559,3.0282736359850064,4.540177009579343,4.755224906289045,12.967866158190223,7.533265E8])
(0.0,[0.2808163265306122,10.342551020408164,-1.1175510204081627,11.206844687565747,26.438031569535017,28.271536208710273,2.578113286130779,4.152294877134526,3.994939608496459,12.391366086250393,5.699375714285715E8])
(0.0,[0.17845360824742265,10.382783505154643,-1.1322680412371129,14.21860279209622,32.10722654639175,28.68422605240548,2.892838771389096,4.668355829524923,4.027531087256882,12.70617735167511,7.460144E8])
(0.0,[0.5059793814432989,10.239793814432991,-1.1112371134020613,12.654797207903782,32.53048954037801,37.61809428694158,2.689792751620788,4.678563077904133,4.505246041024551,12.763559914662078,7.516428333333334E8])
(0.0,[0.28242424242424247,10.229595959595956,-1.4604040404040406,15.24287161410019,32.17381412079982,35.43522432488146,2.8932047750229564,4.567293133353739,4.642581369248034,12.903331556596969,8.621338E8])
(0.0,[0.14959183673469398,10.504081632653058,-1.0020408163265304,13.147133852303808,28.289616158215868,32.49355455501789,2.5675093710953774,4.255539358600585,4.328608912952938,12.77654624625183,9.224855E8])
(0.0,[-0.8490322580645161,9.682580645161288,-1.0155913978494624,5.9760805750350645,18.311495441795227,14.6220466573165,1.8721401318071464,3.385619146722162,2.739983813157591,10.814796218315227,7.45041E8])
(0.0,[-0.9223809523809524,8.141904761904762,1.2295238095238095,17.336199047619047,20.307026190476194,32.477424761904764,2.6779591836734697,3.6037188208616784,5.076507936507936,11.09723875845381,0.0])
(0.0,[-1.0996774193548384,9.286451612903226,-0.6687096774193543,7.948753155680223,15.52300575035063,15.710963534361849,1.9542976066597288,3.0892681234824835,2.9411515782171342,10.623358558354386,1.6800845E9])
(2.0,[3.1514999999999995,8.5444,0.3998,0.5283159090909094,2.4305359999999987,0.3815676363636362,0.5676900000000001,0.8136879999999999,0.4311840000000002,9.188063388058211,4.0039E7])
(2.0,[3.898469387755102,8.106020408163266,0.5840816326530612,0.30328113822848735,0.13812523669261506,0.07366151904060593,0.40872136609745935,0.2762244897959182,0.21013744273219487,9.040506055828576,0.0])
(1.0,[-0.20380000000000004,7.896600000000001,0.23019999999999993,64.24223793939393,104.65874185858581,25.608252484848485,6.409627999999997,8.986063999999999,4.173835999999999,15.130246855352793,1.6785974999999997E8])
(1.0,[-4.003199999999999,8.542399999999997,1.678,73.6958543030303,86.1074265050505,26.315363636363656,7.105271999999999,7.522856,3.9077200000000007,15.604068761879212,2.424858888888889E8])
(1.0,[-9.028999999999995,1.4219000000000002,0.4321000000000001,91.85406767676764,67.25120342424238,27.355434939393955,8.013720000000005,6.786090000000001,4.023942000000001,15.648624183561296,8.00018E8])
(1.0,[-6.7704040404040375,-7.892727272727274,2.08929292929293,84.7244957534529,97.25594044526902,24.53606990311276,7.156706458524643,8.581175390266294,3.8877992041628398,16.757937951654082,0.0])
(1.0,[-2.19939393939394,-9.019898989898993,1.1497979797979798,86.12251391465682,93.86372958152955,23.421804040404048,7.669384756657483,8.360512192633397,3.5821875318845016,16.05554061489219,7.99957E8])
(1.0,[-1.225151515151515,-8.426262626262623,1.7360606060606065,55.683090538033404,99.58850119562976,21.634281261595543,6.1354759718396075,8.767791041730439,3.632145699418427,14.99837781153853,1.20002725E9])
(1.0,[-2.307142857142858,-8.752244897959182,0.6481632653061221,54.762288659793775,98.14758459920048,26.764679065853137,6.115976676384837,8.714943773427743,3.8609995835068727,15.314597143091214,0.0])
(1.0,[-1.8753535353535336,-9.464444444444444,0.8469696969696976,60.39905982271696,96.0208351473923,21.13590500927644,6.3039506172839515,8.561593714927046,3.538738904193449,15.693373886786611,0.0])
(1.0,[-2.0746464646464644,-9.100303030303037,1.6398989898989895,49.8240924757782,91.66358256029685,24.833792846835706,5.421583511886542,8.188191000918277,3.6413141516171823,15.287669045865758,0.0])
(1.0,[1.3163,-9.251299999999999,1.0344999999999998,67.73275485858584,88.21763364646459,22.337762373737384,6.418373999999999,7.590196000000001,3.4866700000000006,15.364135733236282,3.169922E9])
(1.0,[5.238888888888889,-8.543535353535354,1.7702020202020199,105.95752630385492,85.93915778190062,19.57034281591425,8.922693602693604,7.549380675441279,3.3492949699010315,16.565219440645254,8.40179E8])
(1.0,[8.831616161616163,0.737070707070707,0.0339393939393937,92.60585858585854,72.75701071943926,23.98987513914656,8.173759820426488,7.080593816957454,3.6972390572390563,15.454389639445308,7.99957E8])
(1.0,[3.182525252525251,7.686464646464646,0.516868686868687,50.271480292723155,106.69341084312514,18.074323768295198,5.513406795224978,8.939732680338743,3.2190470360167334,14.717899353693419,1.9304226086956522E8])
(1.0,[-6.308181818181818,7.083838383838387,1.4044444444444446,83.27717217068646,80.66022185116474,16.654022902494333,7.488833792470158,7.4139944903581245,3.059820426487093,15.373370927561771,3.6000472727272725E8])
(1.0,[-9.747400000000003,0.1257000000000001,0.5036000000000003,73.25110630303028,49.71456415151518,32.92507781818181,7.2029999999999985,5.878300000000002,4.393311999999996,14.934870138247206,1.599823E9])
(1.0,[-3.6247000000000003,-8.597900000000001,1.2644000000000006,53.04325546464647,103.69268342424243,21.761917818181814,5.959723999999999,8.888226000000001,3.638976000000001,15.40662063536186,0.0])
(1.0,[4.701818181818185,-7.354040404040406,0.4030303030303031,109.46322319109464,61.87219983508557,19.31252745825603,9.021285583103763,6.245328027752269,3.3136271808999065,15.220912419623618,0.0])
(1.0,[8.126767676767678,2.4157575757575755,-0.1828282828282832,79.65368332302614,92.42900834879407,23.659853143681715,7.542112029384756,8.013865932047752,3.8255402509947967,15.175717391085342,4.050215E8])
(1.0,[1.2791836734693878,7.910714285714285,0.995204081632653,41.93487767725649,89.66543556701029,21.231334494003775,5.160491461890878,7.882492711370262,3.495718450645564,13.910345829801534,2.3103894736842108E8])
(1.0,[-4.039600000000001,8.438600000000005,1.2778999999999996,78.10270690909091,85.55961418181819,21.40098241414141,7.264615999999999,7.751796,3.5567320000000002,15.338087735155378,2.3526647368421054E8])
(1.0,[-7.895959595959595,1.7794949494949481,0.5253535353535351,103.62156922284068,66.52466402803547,33.16868635332921,8.912402816039181,6.797308437914499,4.318322620140801,15.505824858186228,1.5800015E9])
(1.0,[-5.941010101010102,-7.609898989898991,0.9073737373737374,62.046062234590806,112.86978468357036,19.964482828282836,6.140432608917457,9.24515865727987,3.3793245587184972,16.06973962017251,0.0])
(1.0,[-1.9168686868686864,-8.966666666666672,1.071515151515151,47.12970336013194,92.91178979591834,18.258155844155837,5.5396653402714,7.936565656565652,3.3077134986225887,14.949152592900573,1.560058E9])
(1.0,[0.281010101010101,-9.603434343434342,-0.14494949494949477,56.93360713254998,76.61100237064522,32.1861293341579,6.019746964595449,7.510066319763292,4.2620650953984285,15.128500079905027,0.0])
(1.0,[0.4831313131313132,-8.459898989898988,0.7703030303030303,47.46424621727479,78.12684998969284,24.393096846011126,5.631255994286299,7.173637383940415,3.829403122130393,14.078152326951875,7.59888E8])
(1.0,[0.9186868686868684,-9.031212121212114,0.24828282828282833,52.869403360131926,96.13279239332097,19.39661640898784,5.978912355882053,7.956430976430975,3.115235180083664,15.112297916742916,7.799886666666666E8])
(1.0,[0.37509999999999977,-9.175100000000002,0.6403999999999994,38.1611504949495,83.74802524242422,20.49762004040404,4.974492,7.697793999999999,3.265656000000001,14.124226325996872,8.00019E8])
(1.0,[1.7181818181818183,-9.283232323232323,1.5144444444444445,52.840155844155824,76.06060169037312,20.82485759637188,5.901138659320476,7.382665034180185,3.6085072951739616,14.618410372614745,0.0])
(1.0,[7.986800000000003,-2.5377000000000023,0.8516999999999999,104.99328864646459,55.859597686868696,29.33274758585858,8.644192000000002,6.23347,4.267632,15.329091416681536,0.0])
(1.0,[8.009693877551022,5.452551020408164,0.9659183673469389,61.86440299810645,120.7890831159268,22.915981106669488,6.2921990837151185,9.762138692211579,3.760000000000001,16.14860220937101,3.1261771428571427E8])
(1.0,[-3.4495918367346943,8.314999999999998,-0.006020408163265297,73.8990039553966,71.20030979381443,23.857296370713236,7.400441482715537,7.0313265306122466,3.6307184506455648,14.63285523592488,4.3285854545454544E8])
(1.0,[-8.504800000000003,3.7655999999999987,0.7419999999999999,85.0591545050505,49.4506794343434,34.27662626262626,7.865303999999997,5.806239999999999,4.491640000000001,15.122588450632852,7.39929E8])
(1.0,[-9.387575757575755,-3.1973737373737388,1.2385858585858585,94.04873079777367,88.38033384869098,30.822263285920428,8.109048056320786,8.045332108968475,4.304285277012549,16.683543728526764,8.00018E8])
(1.0,[-2.437777777777777,-8.475959595959592,1.1823232323232318,47.43741541950114,97.36294065141205,25.641618016903735,5.427923681257012,8.251637588001229,3.8579634731149874,14.92248409208601,0.0])
(1.0,[7.607373737373737,-5.354343434343436,0.3474747474747476,114.66829099154816,62.826996248196274,27.938043558029293,9.251743699622486,6.541497806346293,4.003609835731048,16.0608131102921,0.0])
(1.0,[2.034900000000001,7.643699999999999,0.9052000000000001,47.63776665656565,96.48683970707073,31.04893026262627,5.461602000000002,8.539426,4.400295999999999,14.503858101315206,1.9922986363636366E8])
(1.0,[-8.144299999999998,6.107800000000001,0.7123999999999998,103.14144900000004,64.58409612121214,23.901083070707077,9.140842000000003,6.4850200000000005,3.7099839999999995,16.179970304430118,5.19989E8])
(1.0,[-9.138080808080806,-0.08494949494949491,1.1960606060606063,89.30309117707692,53.8126844361987,20.601489424860848,7.63081930415264,6.017728803183348,3.550976430976431,14.97987881029768,0.0])
(1.0,[-7.334949494949498,-6.407878787878788,0.43,55.34100484436198,96.97684545454544,22.204155102040815,5.981973268033875,8.448288950107129,3.4927272727272722,15.32315635099426,0.0])
(1.0,[-1.1161999999999999,-8.435800000000008,0.16859999999999992,38.323676323232306,92.8854347070707,24.248840444444447,5.0838959999999975,8.091484000000005,3.765115999999999,14.3882862510224,7.60071E8])
(1.0,[2.2963999999999998,-8.762799999999999,0.47579999999999995,66.3187869090909,112.33335975757578,21.11324076767676,6.555392,8.766407999999997,3.383012,15.972141225897222,0.0])
(1.0,[5.1975757575757555,-8.245858585858583,1.0542424242424235,102.46053896103896,73.20237961245098,20.584077736549162,8.693859810223442,6.755928986838079,3.1673706764615845,16.045412488897068,0.0])
(1.0,[-7.752222222222221,3.1160606060606058,0.3236363636363637,112.07051337868486,96.29802615955472,23.15477235621521,9.270347923681259,7.583452708907253,3.6187878787878796,16.542433269254982,0.0])
(1.0,[-8.463299999999997,-1.133,0.11080000000000008,103.39427081818182,78.5570191919192,22.357158949494956,8.673238,7.251879999999999,3.7106320000000013,15.747099469798403,1.224945E9])
(1.0,[-9.416868686868687,-4.963939393939394,1.3954545454545453,135.54316866625436,114.95913024118737,25.0377413729128,9.674906642179367,8.932066115702476,3.8123783287419655,18.80705159362355,1.3501386666666667E9])
(1.0,[-9.362121212121211,-5.951616161616161,2.1950505050505056,144.28390667903525,140.0818463409606,23.158600762729336,9.784370982552801,10.110631568207332,3.8114661769207214,20.047270064509092,3.9856E7])
(1.0,[-5.354545454545453,-8.943939393939393,2.7755555555555547,127.76586994434139,100.96340371057512,43.338739229024945,9.041359044995412,8.903213957759412,5.151784511784514,18.621470462788345,1.170014E9])
(1.0,[-1.4662626262626268,-10.15545454545455,2.1778787878787877,102.64800323644612,95.65833729128013,78.62227606679039,8.037081930415262,8.482295684113865,6.812341597796143,18.708962134026567,3.509858E9])
(1.0,[-3.108888888888888,-10.09575757575758,1.7932323232323228,99.71970589569162,84.49610426716141,59.8302139352711,7.754702581369248,7.8251178451178465,6.0354106723803715,17.972613919316455,0.0])
(1.0,[-2.6167999999999996,-9.705100000000005,1.7457000000000005,105.58627652525252,86.79825352525248,62.337947989899,7.931792000000004,8.001794000000004,6.075616,17.77384316190188,0.0])
(1.0,[-1.6737999999999993,-8.9549,2.0702999999999996,89.7339975353535,90.55462322222222,42.628631222222225,7.066268000000001,8.129704,5.404293999999998,16.436890618013482,0.0])
(1.0,[-2.2818181818181813,-9.78252525252525,2.0953535353535346,103.930000742115,82.87700682333538,55.40789451659453,7.935114784205692,8.019973472094685,5.854780124477093,17.39392087792857,0.0])
(1.0,[-5.061010101010104,-8.858080808080807,0.7022222222222222,87.42258264275408,95.45602791177078,51.57940521541947,7.195484134272012,8.486219773492504,5.681324354657687,17.250493396884135,4.777648E9])
(1.0,[-2.4862999999999995,-9.2808,0.5661999999999999,92.28885788888886,100.9264478383839,44.94800763636362,7.477218000000001,8.689151999999996,4.832827999999999,17.100885601217325,0.0])
(1.0,[-2.1822999999999997,-9.164999999999997,1.5898999999999999,89.7469391010101,96.57110606060607,31.128221202020207,7.171762,8.387099999999998,4.195718000000001,16.218715388166515,0.0])
(1.0,[-2.6092929292929288,-9.534444444444441,1.0802020202020202,102.66110459699031,103.09917188208614,37.342073428159146,7.950525456586065,8.764848484848482,4.50322212019182,17.428099957667516,0.0])
(1.0,[-2.4198989898989907,-9.861818181818181,0.9196969696969698,78.05005203050919,95.02141094619664,64.54541929499077,6.658491990613203,8.335904499540861,6.391747780838692,17.820121510845983,0.0])
(1.0,[-1.1325252525252518,-9.536969696969697,1.1021212121212123,73.04752110904967,105.48451521335811,45.671320964749526,6.575375982042647,8.715812672176307,4.950394857667585,16.921378841826265,0.0])
(1.0,[-3.8727272727272726,-9.338989898989901,1.6626262626262633,80.81621391465677,92.05958876520297,49.941033848691006,6.959706152433426,8.355404550556063,5.253339455157636,16.98878386668927,0.0])
(1.0,[-2.686767676767677,-9.453535353535356,1.02979797979798,96.44311393527109,89.99919859822717,37.655397917955064,7.635647382920112,8.334741352923173,4.662458932761962,16.828543072361217,1.670044E9])
(1.0,[-2.307373737373737,-9.314141414141414,-0.11191919191919189,58.67542772624199,95.92405104102247,44.039527911770776,5.765385164779102,8.25090500969289,5.022146719722478,16.23104506233857,7.99988E8])
(1.0,[-1.3686999999999998,-8.829200000000002,-0.17449999999999993,77.42481344444445,89.98529026262624,39.787271464646466,6.682978000000001,8.382031999999999,4.9967799999999984,15.945115736051845,0.0])
(1.0,[-3.0928282828282816,-8.657777777777778,0.8181818181818181,88.68631028653886,89.38214807256237,29.255180333951753,7.542918069584737,8.146644219977556,4.334949494949493,15.908380911460544,7.998655E8])
(1.0,[-2.610505050505051,-9.388686868686866,0.688181818181818,79.41282525252525,98.07653193156047,38.60569870129871,6.691166207529844,8.3880726456484,4.980716253443527,16.47001430187728,0.0])
(1.0,[-3.89929292929293,-9.577878787878788,0.5405050505050505,68.97278827045974,77.84591484230056,32.468433415790564,6.216124885215794,7.739038873584327,4.358196102438529,15.904545993859147,8.5025E8])
(1.0,[-3.69939393939394,-9.612020202020203,-0.3921212121212121,80.08510779220778,100.65738771387338,31.35339647495362,7.01788184879094,8.819977553310888,3.96529537802265,16.790937555117704,1.600006E9])
(1.0,[-2.9111111111111105,-9.019696969696968,0.7932323232323227,58.176940589569156,95.65624786641925,39.29231189445475,5.573400673400674,8.259546985001526,4.63823283338435,16.020325085933997,0.0])
(1.0,[-5.4761616161616145,-9.397272727272728,1.41060606060606,75.87098103483817,96.28111391465676,50.29578126159553,6.368507295173961,8.181616161616166,5.314012855831035,17.449211798990387,0.0])
(1.0,[-2.9689999999999994,-10.027100000000003,0.31699999999999995,66.58213434343433,94.91838443434342,29.79901111111112,6.071319999999999,7.988564000000003,4.146539999999997,16.517851996412624,1.640198E9])
(1.0,[-4.267979797979797,-9.51818181818182,1.317070707070707,77.53032853019991,97.74955788497222,46.46632296433726,6.525517804305682,8.569329660238754,5.115578002244669,17.26101871791561,0.0])
(1.0,[-2.246868686868686,-9.484747474747474,0.3395959595959596,62.16987274788707,94.5602578437435,40.94558554937126,5.887115600448935,8.10261401897765,4.572198755229058,16.11858090380352,0.0])
(1.0,[-2.5463000000000022,-9.474199999999994,0.5677999999999999,85.50069223232326,94.68751551515153,49.58560319191919,7.271218000000001,8.390664000000001,5.219484,17.11610365886664,0.0])
(1.0,[-1.9026999999999996,-9.434199999999997,2.0733000000000006,80.49937748484847,80.728865010101,42.68967485858587,7.085922000000001,7.700315999999999,5.014437999999999,16.43467971566793,0.0])
(1.0,[-3.548000000000001,-9.4258,0.016400000000000046,64.21449494949495,99.11201450505048,44.91553640404043,5.857039999999997,8.285535999999997,4.8001520000000015,16.79215758355407,2.359985E9])
(1.0,[-0.5029999999999999,-10.007599999999998,1.093,41.215843434343434,91.6327962020202,42.04957474747474,4.74698,7.962335999999999,5.02756,15.784429719256917,2.396241E9])
(1.0,[-0.7093000000000002,-10.344499999999998,0.7274000000000002,56.28548334343433,89.69167752525253,53.543320444444426,5.536127999999998,8.175960000000005,5.634064,16.849572773428676,0.0])
(1.0,[-0.9287878787878786,-10.546565656565653,-0.16888888888888873,47.84851076066789,85.95059828901259,50.15382018140588,5.005038261401895,7.870558106315686,5.692570145903479,16.613969729605724,0.0])
(1.0,[-1.3256565656565649,-10.199797979797982,0.768686868686869,58.139581962481955,79.14872853019996,39.368187033601316,5.867672686460565,7.28506070809101,4.61068870523416,16.05528612057261,0.0])
(1.0,[-2.307474747474749,-9.03292929292929,-0.4369696969696966,69.92848233353946,112.26107806637806,19.9920866419295,6.437049280685644,8.756045301499851,3.3286685032139585,16.097001368988167,2.406159E9])
(1.0,[-2.0250505050505048,-9.112828282828282,0.9405050505050508,59.436706885178296,103.10190008245725,32.362878313749746,6.248831751862056,8.54306295275992,4.2272870115294365,16.071093428685497,8.46558E8])
(1.0,[-0.9074747474747474,-9.380808080808084,0.7470707070707072,63.25663539476397,103.42975648319938,33.13633316841887,5.953563922048769,8.727554331190694,4.143254769921436,16.138359185919622,0.0])
(1.0,[-1.1137373737373737,-9.622121212121213,0.6397979797979798,41.256850175221594,70.20835565862707,29.558146897546912,4.800771349862258,6.647107438016528,3.790947862463013,14.42552641231835,0.0])
(0.0,[6.492399999999999,6.5817,-1.0949,18.258545696969698,10.457555666666662,4.9510414040404065,3.288295999999999,2.1507039999999997,1.6371939999999987,10.181191445912482,1.885254E9])
(0.0,[6.690101010101011,6.703838383838386,-0.7824242424242425,18.63173162234591,11.027442259327971,4.901741001855288,3.4053545556575866,2.319834710743802,1.7053259871441686,10.47820494997459,0.0])
(0.0,[6.755800000000002,6.6238,-0.9262000000000001,17.3255943030303,9.49220359595959,4.438185414141413,3.1350440000000015,2.07558,1.5926479999999996,10.353794385542669,0.0])
(0.0,[-4.693,8.6003,-0.6635000000000001,26.664403030303042,27.733578696969694,12.019283585858588,3.7416999999999985,4.325894,2.3013500000000016,11.914460162314807,8.8326E8])
(0.0,[-4.5922,9.127400000000002,-0.36,30.823508242424243,34.52724165656565,17.583424242424243,3.9112919999999995,4.777791999999999,2.823800000000001,12.546819339509092,5.03323E8])
(0.0,[-4.86969696969697,8.780909090909095,-0.18373737373737373,23.09734786641929,24.70913692022264,13.818076705833844,3.5154882154882134,4.048962350780533,2.6907213549637787,11.92714652546106,8.566386666666666E8])
(0.0,[-3.243838383838382,9.950909090909093,-0.6098989898989898,27.89736470830756,24.220585899814477,14.77834590806019,3.9910886644219974,4.0500091827364555,2.623132333435365,12.34768034778038,1.15249625E9])
(0.0,[-4.144141414141417,9.15151515151515,-0.1784848484848485,29.568200020614317,31.806204823747663,11.845255844155837,3.9602816039179687,4.605509641873277,2.24153045607591,12.100545060398284,6.639832E8])
(0.0,[-4.100400000000001,8.806200000000002,-0.8661999999999999,33.51366852525252,29.881005616161616,7.2684015757575775,4.070712000000001,4.3177520000000005,2.024104000000001,11.801726997653951,6.09985375E8])
(0.0,[-4.2496,8.861899999999997,-0.18899999999999995,28.704270545454545,24.912801404040408,13.626447474747472,3.854264,3.868338,2.619039999999999,11.968092746993221,5.371442857142857E8])
(0.0,[-4.433232323232323,9.031010101010102,-0.2667676767676766,35.891505772005786,32.90337243867244,13.177193527107807,4.306580961126418,4.565605550454036,2.594018977655341,12.491663940452112,4.459961E8])
(0.0,[-4.462929292929294,9.397979797979799,-0.21676767676767683,30.863096433724994,31.53342853019994,12.29682413935271,4.038849097030916,4.5000999897969605,2.4176553412917037,12.644841731263021,5.16265875E8])
(0.0,[-4.401818181818182,9.009494949494952,-0.036060606060606015,31.03798441558441,33.09924974232118,14.501707792207792,4.022277318640954,4.594590347923682,2.7534680134680136,12.429075735607196,4.539856E8])
(0.0,[-4.611300000000002,9.283299999999997,-0.14799999999999996,26.589934656565664,29.171785969696977,16.256456565656563,3.8429440000000006,4.47163,2.71708,12.427405669903575,4.9557500000000006E8])
(0.0,[-4.636868686868688,9.18343434343434,-0.5636363636363634,34.65897887033602,31.100012574726843,16.960325417439694,4.245360677481889,4.431613100704008,2.7953719008264466,12.695663885122515,4.71248625E8])
(0.0,[-4.4573,9.225600000000002,-0.3809,24.832646171717172,30.649430949494942,13.590214333333334,3.773040000000001,4.505511999999995,2.571246,12.163489805093857,7.400156666666666E8])
(0.0,[-4.603000000000002,9.315099999999997,-0.7415,32.25205353535353,30.72938685858588,17.308273484848495,4.00778,4.417295999999999,3.0878599999999996,12.803495921396635,6.200256666666666E8])
(0.0,[-4.438099999999999,8.982099999999997,-0.5278999999999997,34.82613675757576,34.537404636363654,9.971194535353533,4.191556,4.897593999999999,2.285445999999999,12.341792554224588,7.00007E8])
(0.0,[-4.3856565656565625,9.011212121212116,-0.5243434343434343,26.189404411461545,24.85361688311688,20.237608493094207,3.613521069278647,3.9992041628405244,3.3540761146821754,12.356802416838194,8.579772E8])
(0.0,[-4.466900000000002,8.760800000000003,-0.2432000000000001,28.619952919191913,25.7726943030303,14.12719773737373,3.658595999999999,4.035384000000003,2.8297680000000023,12.098152001450623,6.299998333333334E8])
(0.0,[-4.960202020202021,9.21929292929293,-1.0372727272727271,23.94843669346527,28.536425005153575,12.938269016697589,3.3779573512906835,4.345938169574535,2.57443526170799,12.318386312832216,6.685747142857143E8])
(0.0,[-4.657878787878789,9.15242424242424,-0.952020202020202,21.703153617810763,27.31375120593692,12.553914244485663,3.3240587695133152,4.342142638506272,2.5428915416794204,12.018533054726372,6.577454285714287E8])
(0.0,[-5.034499999999999,8.549699999999998,-0.8307,21.63090378787879,26.17109586868688,13.91716213131313,3.1275199999999996,4.049299999999997,2.637714000000001,11.820847238502273,9.501495000000001E8])
(0.0,[-5.1527,9.1337,-0.6763999999999998,21.73058960606061,28.71430031313132,10.741825292929295,3.3748460000000002,4.438752000000002,2.363175999999999,12.162645043270636,8.559876E8])
(0.0,[-4.58040404040404,8.651414141414142,-0.6333333333333331,24.35987330447331,31.309004102246973,8.403724489795916,3.552731353943475,4.49513723089481,1.9606734006734006,11.714362114786148,5.750071666666666E8])
(0.0,[-4.7071717171717165,8.853030303030302,-0.46393939393939393,27.70494702123272,25.774251948051944,14.50909146567718,3.812088562391593,4.085625956535048,2.6664952555861645,12.136666175424523,5.100271428571428E8])
(0.0,[-4.8285858585858605,8.760303030303037,-0.4734343434343436,26.05173675530818,24.693284601113177,15.703753391053391,3.4448607284970922,3.897863483318029,2.718406285072952,12.022379478823574,1.0699463333333334E9])
(0.0,[-5.067272727272727,8.71949494949496,-0.20383838383838393,25.77649758812615,32.15167627293343,17.80402185116471,3.524370982552801,4.680085705540251,2.896637077849201,12.256401068230629,9.200256E8])
(0.0,[-4.812222222222223,9.05535353535354,-0.707979797979798,38.166709297052144,34.9812618635333,14.651169346526483,4.512525252525252,4.909837771655953,2.633439444954598,12.949510050765543,6.217245E8])
(0.0,[-4.882,8.998499999999995,-0.3789000000000001,35.11325656565657,33.45283308080808,14.253749282828288,4.0939999999999985,4.74933,2.6512980000000006,12.7309677931535,4.754594285714286E8])
(0.0,[-5.173636363636363,8.839595959595954,-0.528989898989899,28.43940092764379,30.170852896310045,13.91869692846836,3.6189164370982563,4.507640036730947,2.654618916437099,12.434535679986512,6.26648E8])
(0.0,[-4.962626262626262,8.902424242424239,-0.5995959595959598,38.0846501752216,35.233849165120596,17.68330595753452,4.34015508621569,5.021542699724518,2.9912049790837667,12.923202520356508,5.3142871428571427E8])
(0.0,[-5.154646464646463,8.95171717171717,-0.11939393939393937,27.41064961863534,26.415712327355173,15.124779220779223,3.632629323538415,4.185266809509235,2.9260361187633914,12.435877419188273,5.625305E8])
(0.0,[-4.999191919191919,8.710404040404038,-0.3138383838383838,27.484836075036085,29.57126922284064,17.572601443001446,3.6379328639934694,4.3977736965615755,3.0528456279971437,12.292808568690749,6.06258375E8])
(0.0,[-5.442727272727273,8.728585858585856,-0.7834343434343432,20.875705751391468,28.343055122655123,12.607569717584013,3.391717171717172,4.371845730027548,2.7178634833180277,12.220095753424282,6.266785E8])
(0.0,[-5.148787878787881,8.665454545454542,-0.5564646464646469,35.56484341372913,35.71038218923935,17.960970026798606,4.37303948576676,5.0121946740128545,2.9998163452708915,12.719248333361575,5.355563333333333E8])
(0.0,[-4.8842,8.9684,-0.5109000000000001,41.02966096969698,31.968716606060607,18.611032515151525,4.514831999999999,4.541536000000001,3.0339379999999996,13.073169992693762,6.266681666666666E8])
(0.0,[-5.280999999999997,8.694899999999995,-0.38330000000000025,23.8943101010101,29.468312111111114,14.929979909090905,3.62132,4.352108,2.698172,12.215013249070447,4.52112E8])
(3.0,[8.102727272727273,-3.6938383838383833,1.8854545454545464,0.2698200371057513,0.3343402185116472,0.7383311688311701,0.34888888888888875,0.35205183144577074,0.6221487603305791,9.163992469859016,3.799745E8])
(3.0,[8.141499999999995,-3.8160999999999987,1.5089999999999997,0.0660452020202019,0.026242212121212156,0.032029292929292935,0.14607000000000017,0.11313400000000011,0.12986,9.120954222920446,0.0])
(1.0,[1.4135353535353539,8.545252525252529,1.0620202020202019,73.63458431251291,66.41012723149866,40.53629587713873,7.09263748597082,7.167421691664115,4.72939495969799,14.80317951035677,2.64445E8])
(1.0,[1.1797916666666661,8.43760416666667,0.5163541666666666,68.13609469298247,62.35914893640355,44.8370044627193,6.914618055555557,6.896295572916663,5.164062499999999,14.507835247797896,3.100016E8])
(1.0,[1.706262626262626,8.428989898989897,0.07606060606060605,86.66390731807874,64.13767652030512,40.762607792207795,7.860036730945823,6.943646566676867,4.866727884909705,15.094443341988427,3.849995833333333E8])
(1.0,[1.0344897959183679,8.563265306122444,0.5608163265306123,83.82976313907005,66.7662469598149,37.65609211024617,7.717563515201999,7.14177009579342,4.699829237817577,15.16525783306192,3.0714635714285713E8])
(1.0,[1.0517000000000003,8.651699999999998,0.0099000000000001,80.48607081818186,60.111543545454545,34.525366656565645,7.5861300000000025,6.988666,4.310897999999998,14.762026117568734,4.018166363636364E8])
(1.0,[1.6983673469387752,8.613979591836737,0.36908163265306126,88.96260349253103,66.12949018514622,39.02346615821587,7.5969304456476445,7.182592669720949,4.686836734693876,15.377002593745841,3.153299333333333E8])
(1.0,[1.3812,8.590000000000005,-0.20130000000000006,89.9876652121212,63.86929090909088,38.52954071717171,8.13188,7.118999999999998,4.836474000000001,15.29067658168061,4.670014E8])
(1.0,[1.4339999999999997,8.320299999999998,-0.26799999999999985,91.65240808080807,65.09660697979795,43.443319191919194,8.417840000000002,7.050312000000002,5.255080000000003,15.44826826117626,3.2570978571428573E8])
(1.0,[1.2692999999999999,8.423699999999997,-0.2774000000000001,82.98231162626261,62.50013061616162,42.149148727272724,7.637240000000003,6.944100000000003,4.867251999999999,15.013985089154824,2.912483125E8])
