(4.0,[-7.075050505050505,7.209090909090912,-0.876060606060606,29.159906885178305,40.86176957328385,12.90687922077922,4.080355065809609,5.341028466483011,2.516504438322622,11.760856833551987,2.66037E8])
(4.0,[-8.094141414141413,6.738585858585856,-0.5034343434343433,13.262991857348995,15.321259204287783,9.809694207379925,2.8093663911845725,3.123189470462197,2.039416386083053,11.312282226597292,1.9449615E9])
(4.0,[-7.853673469387755,6.833571428571427,-0.4421428571428571,19.050326572690924,19.447419072164948,17.689140721649483,3.348367346938775,3.3620845481049564,2.8624489795918366,11.708683249937007,2.840027E9])
(4.0,[-7.943900000000004,6.5774,-0.5898,17.935830090909086,20.54503155555555,11.905769656565662,3.3323240000000003,3.7312600000000007,2.414412000000001,11.411110775735237,0.0])
(4.0,[-8.304599999999997,6.316200000000001,-1.0631999999999997,19.591073575757576,25.049819757575765,7.096555313131314,3.6562759999999996,4.095019999999997,1.8775279999999999,11.231810806147502,2.960022E9])
(4.0,[-5.02919191919192,-0.3598989898989892,5.327878787878789,16.537170768913622,24.82873366316223,10.14730055658627,3.579167431894703,4.412608917457402,2.7499785736149382,9.97631046471953,0.0])
(4.0,[8.433636363636365,3.215252525252526,-1.1562626262626265,43.4857641929499,30.138437435580304,21.302690991548133,5.443617998163454,4.200446893174166,3.1549617385981024,11.750992313876006,0.0])
(4.0,[9.052900000000005,3.1576999999999997,-0.8042999999999999,28.756847060606056,11.806876474747478,5.23705304040404,4.300332000000001,2.550746,1.6844719999999997,10.471440675020501,0.0])
(4.0,[9.283599999999998,2.548800000000001,-0.2734,14.510772767676762,4.46644096969697,7.783321656565656,2.619903999999999,1.6020159999999999,1.6825239999999997,10.170122745399798,0.0])
(4.0,[9.389797979797983,2.721515151515151,-0.48565656565656595,14.53461220366934,5.169847680890536,8.549569717584005,3.0112988470564237,1.7557208448117538,2.007635955514743,10.49567627669695,5.19806E8])
(4.0,[9.384040404040404,2.058989898989899,-0.37848484848484876,11.8252039167182,7.890578561121421,7.741733395176252,2.629058259361291,2.0798898071625342,1.8853810835629021,10.377720570257663,0.0])
(4.0,[8.971818181818188,2.386464646464648,-0.39050505050505047,10.87250074211503,3.8836006390434985,3.4928068851783127,2.3828282828282847,1.4978308335884098,1.2665605550454035,9.653603053808682,0.0])
(5.0,[4.534949494949496,8.798282828282826,0.846112515858586,8.832617089259946,12.727018449804165,5.616213977743467,2.334696459544945,2.8038812366085075,1.9112679008672588,10.426909092404925,1.199981E9])
(5.0,[4.289285714285713,9.065204081632656,0.6091630985918366,8.383095360824742,12.797445834209976,6.858404904838893,2.24167638483965,2.7836047480216575,2.1137179909712622,10.633449081085605,1.199951E9])
(5.0,[4.314646464646466,9.096666666666666,0.6397435996767677,9.174851659451658,13.505032653061221,7.0341084055939564,2.3544556677890007,2.8328619528619523,2.09353957324926,10.664735258558299,0.0])
(5.0,[4.837835051546392,8.564948453608247,0.9385402436082473,10.170725472508593,16.516275257731955,6.374875280325759,2.431331703687959,3.2685960250823674,2.004450790993729,10.355831631101651,6.700196E8])
(5.0,[4.620714285714282,8.923673469387756,0.6769868782653062,8.391722164948458,14.161437912897112,6.066767257417876,2.368892128279883,2.952694710537276,1.8707697933319456,10.55602547208985,1.150009E9])
(5.0,[4.721515151515153,8.896565656565652,0.5841615880808082,9.413364007421151,14.915543186971755,6.622538109106623,2.539540863177227,3.1641261095806543,1.9636230547903282,10.604269252219824,1.3049625E9])
(5.0,[4.842653061224489,8.563163265306123,1.333126266632653,9.827151651588467,17.457094014306747,6.728084180488478,2.4158767180341516,3.3597271970012494,2.1364488211224493,10.409498461210468,1.0733233333333334E9])
(5.0,[4.768686868686867,8.887676767676771,0.7246300213131316,8.72252172747887,15.481634343434346,6.086952397196746,2.3629425568819507,3.132025303540456,1.903355003373125,10.564938809054647,1.1200356666666667E9])
(5.0,[4.606767676767678,8.864949494949498,0.8432233441414143,8.937036384250668,15.10544157905587,6.391426408518026,2.433776145291296,3.0421671258034895,1.9452708120967244,10.538592278807577,2.215027E9])
(5.0,[0.646565656565656,9.611717171717169,2.52499231,4.768314615543186,16.262687837559263,11.218211858828573,1.7611774308744004,3.0546985001530453,2.670952796565656,10.621102597445807,1.353363E9])
(5.0,[0.3161855670103091,9.388350515463914,2.9355359884329895,6.674480090206186,22.056266000859097,16.086047668505387,2.0201721755765756,3.730844935699861,3.1577261523694338,10.765474511583987,5.374985E8])
(5.0,[-0.20434343434343422,9.419292929292935,2.4479479505050508,4.039243186971759,15.919388270459695,10.610514380174996,1.4914580144883176,3.143687378838895,2.5192265126619726,10.352563180475586,1.2250215E9])
(5.0,[0.22599999999999987,9.602200000000003,2.6352648867399986,6.258694949494949,20.186102181818182,16.17875683906458,2.01852,3.6204199999999997,3.1595175295252007,10.898422708745136,5.2858185714285713E8])
(5.0,[-0.21303030303030301,9.426161616161618,2.9596052801212127,5.1693846011131726,17.91825654504226,12.33811613730296,1.7911233547597183,3.2753780226507496,2.722207368369758,10.581358469198651,8.099976E8])
(5.0,[-1.8623076923076924,9.632307692307691,1.984379873076923,4.348435897435897,1.4656692307692298,2.832128460349784,1.6813017751479293,1.0397633136094675,1.4426285254437874,10.330531794931822,0.0])
(5.0,[-0.7720202020202022,9.460808080808082,2.598046933737373,4.162338734281592,14.994362605648316,10.493960751316951,1.614969901030507,3.0625303540455056,2.5583185019814305,10.480047167080883,3.800049E9])
(5.0,[-0.8483838383838385,9.444343434343436,2.60588894749495,4.613095320552464,15.535018697175857,9.368203804377343,1.6154739312315072,3.060899908172636,2.3942795265197425,10.42728276680291,9.001155E8])
(5.0,[-0.9692857142857146,9.593775510204088,2.6139949049795916,5.385553092783505,16.86065467073427,11.099351044908271,1.8634402332361522,3.166532694710537,2.626435305529362,10.642732365551508,6.1251075E8])
(5.0,[-0.5972448979591837,9.166632653061226,3.4752734133673493,4.482399547654112,18.325748337891856,10.264697925732744,1.6052748854643901,3.4474427321949204,2.571712805949604,10.384139281304838,8.99963E8])
(5.0,[-0.9534343434343435,9.234949494949493,3.126076175656566,4.72934930942074,18.929655864770154,15.72175317635201,1.614372002856851,3.38862565044383,3.0851359205223963,10.6743744684694,1.123362E9])
(5.0,[-0.5787755102040816,9.073367346938776,3.319473338979592,4.733874773827056,19.207684420366085,11.5811837219217,1.6358933777592666,3.4287484381507696,2.8081742273302788,10.332109488391252,1.1699933333333333E9])
(5.0,[-0.6579591836734697,9.666020408163266,2.556316902183674,6.532430843677679,18.280149978960655,13.772873545137916,1.8225697625989175,3.352880049979176,2.775484810417743,10.812990846761062,1.1833393333333333E9])
(5.0,[-0.8421212121212118,9.46555555555555,2.791070648787879,5.140576066790351,16.49453718820862,13.883255040705189,1.602865013774105,3.162985409652076,2.9788774739516373,10.718173050884902,1.25E9])
(5.0,[-0.43602040816326526,9.064795918367347,3.3633919938367343,4.497527298548286,20.8611056280244,14.192441697979328,1.6422261557684297,3.5465910037484374,3.075730924782174,10.466611518685921,1.1499785E9])
(5.0,[-0.5514285714285714,9.38316326530612,2.973961234795919,7.516035051546395,21.916050715337686,16.908866848361754,2.1983965014577254,3.6975031236984592,3.1317609890733027,10.85272591005645,9.4251275E8])
(4.0,[1.2849999999999995,9.13459183673469,2.3846727178163256,3.9999448453608237,15.068973543025452,9.116437140484644,1.4086734693877552,2.9394460641399425,2.1119367327584335,10.167582585040373,2.099946E9])
(4.0,[0.7092857142857143,8.897755102040815,2.4338727440816332,4.073909793814433,13.680757795076797,9.049888467643635,1.3484839650145775,2.844947938359016,2.2532627313619322,10.000493521151341,7.00042E8])
(4.0,[0.5666666666666667,9.460000000000003,2.3553570873737373,3.507885714285713,14.615046938775512,10.098671665625465,1.2197979797979799,2.7078787878787867,2.178049364993368,10.4046683564689,0.0])
(4.0,[0.7308928571428572,8.958928571428574,3.073577399464285,3.104851915584416,16.503613376623377,13.488284198763065,1.1765433673469385,3.1227295918367344,2.326855739591837,10.156332365560544,1.175003E9])
(4.0,[0.8350000000000001,8.761428571428574,2.9823002290204075,3.355988144329899,11.883197938144328,7.126134299839692,1.2423469387755097,2.6247521865889207,2.034321738126613,10.031571196444977,1.0334473333333334E9])
(4.0,[2.1812121212121216,8.908585858585862,2.5249923369696976,3.705010760667905,12.392597979797982,10.542968042665136,1.4776859504132236,2.6183981226405457,2.065665181193756,10.152528733619024,2.710022E9])
(4.0,[1.5832323232323238,9.184343434343434,2.1565550602222228,4.787785363842507,13.69281053391053,8.810561263290035,1.5061463116008578,2.7614365881032543,1.9627058737643095,10.22438921495738,1.11750025E9])
(4.0,[1.4746938775510205,9.01591836734694,2.769656030918368,3.8202560908899637,14.056051209762254,11.252981410869053,1.270995418575594,2.78551853394419,2.2259029331653486,10.236388859258463,2.649994E9])
(4.0,[1.4634343434343435,9.105454545454547,2.811432391414142,2.5082819624819614,16.151208719851585,8.890994936317247,1.2058300173451693,2.9997796143250683,2.0689226353943475,10.232377672979531,1.24997E9])
(4.0,[1.3927272727272726,9.313636363636371,2.459229429959596,2.6150996289424864,13.361856029684601,9.485900429979601,1.2142516069788796,2.6801836547291074,1.8472921242709925,10.295331533584696,4.559937E9])
(4.0,[0.07818181818181817,8.961313131313137,2.813633627717172,2.958370129870131,16.105962543805393,8.12020738013716,1.220863177226813,2.9442505866748294,1.9634062508895018,10.048840687753994,1.199951E9])
(4.0,[0.3570833333333334,9.072708333333326,2.9547641571875003,3.3000945614035095,15.265085219298244,8.815762817338955,1.443064236111111,2.80502170138889,1.9293541475846343,10.19748575268669,1.949982E9])
(4.0,[0.17278350515463917,9.18175257731959,2.90155532257732,3.974109879725086,13.255245854810994,9.29235680080974,1.2796620257200553,2.8062854713572105,2.0719720547412055,10.265903730838627,6.49994E8])
(4.0,[0.3277777777777776,9.141515151515156,2.684033963939394,1.6741052154195009,14.606539517625235,8.440206363033036,1.027295173961841,2.7665074992347716,1.9634646168533816,10.108063786943934,8.499856666666666E8])
(4.0,[0.2620408163265306,9.445612244897955,2.7435271832653076,4.848024658110667,12.692789827477384,9.621843370203793,1.4835110370678886,2.616264056643066,2.164960224539776,10.508780271394453,0.0])
(4.0,[0.48530612244897964,9.057040816326527,3.2983478539795916,2.2422746475909956,16.29623135914159,9.495746036519437,1.1797126197417747,2.948483965014577,2.0127367801353597,10.251296404482725,1.949982E9])
(4.0,[0.3859183673469388,9.234489795918368,2.989249370367346,2.778972859246793,14.678511592678303,10.741988200975669,1.2875885047896707,2.8946938775510205,2.1770262356784675,10.30160279966048,0.0])
(4.0,[0.026836734693877522,9.06326530612245,2.975351052040817,2.089786797811908,14.360795413423094,9.038917200162594,1.0019929196168265,2.8013036234902122,2.0440221871511857,10.11519330527082,2.460083E9])
(4.0,[-0.0826315789473684,9.53842105263158,2.5507326915789483,4.810011086226204,12.739875139977602,8.651591243680897,1.493240997229917,2.703102493074791,1.943020690592798,10.518214942887724,0.0])
(4.0,[-0.2606451612903225,9.01021505376344,2.8784334689892472,3.9722887096774193,15.422134735857878,10.638394902155584,1.4228858827610122,2.8791097236674763,2.241352675621228,10.242367372046697,1.210022E9])
(4.0,[-0.1013131313131314,9.216060606060603,2.6797690087878765,2.516595196866626,16.825664935064935,8.369599654051019,1.1718314457708399,3.080538720538721,1.9598458632506885,10.258958411895364,0.0])
(4.0,[-0.41418367346938767,9.374693877551017,2.5692423393061237,5.529286440143064,15.428056090889966,8.650800213400315,1.642432319866721,2.991045397750937,2.0788984654360685,10.474571475180626,0.0])
(4.0,[-0.16545454545454552,9.293636363636367,2.5453540651111113,5.408441372912801,14.504798886827462,9.070928991656523,1.5280440771349864,2.8462626262626256,2.019413528592593,10.318688672430332,9.775085E8])
(4.0,[-0.029081632653061244,9.169081632653059,2.8017611158163254,2.5855981169787507,19.02951976646329,8.410775336028962,1.2134235735110368,3.3701957517700962,1.903921540691378,10.157700951164292,1.149994E9])
(4.0,[0.04676470588235293,9.201764705882352,2.6940246505294114,2.5280286096256694,14.363366488413547,10.534082582391918,1.1581487889273356,2.784982698961938,2.1266122936193774,10.219557191973527,5.99853E8])
(4.0,[0.057878787878787835,9.033030303030301,2.9191569402020203,2.7847903525046376,19.17181929499073,7.799362243964965,1.2410039791857979,3.4131374349556163,1.8381591101561063,10.08027854634068,1.149994E9])
(5.0,[0.9066666666666667,8.025656565656565,3.6233333333333326,7.380469387755102,19.309063595135026,8.59944897959184,2.2123232323232322,3.063191511070299,2.416902356902357,10.10137411956771,0.0])
(5.0,[0.9231313131313129,8.119595959595966,3.2915151515151515,6.177815605029892,19.611146773861062,7.984143599257885,1.8856626874808695,3.207552290582593,2.3552861952861948,9.93604982447922,2.399933E9])
(5.0,[1.2223000000000002,7.995599999999999,3.2676999999999996,8.269686575757579,22.45287337373738,8.493549202020205,2.340899999999999,3.7097119999999997,2.3534699999999997,9.941802234301916,1.799957E9])
(5.0,[0.8946464646464641,8.458080808080808,3.2285858585858587,6.688202679859823,24.613336075036074,8.998783694083697,2.08282420161208,3.6690011223344565,2.388356290174473,10.389874695106029,0.0])
(5.0,[0.9412121212121212,8.07545454545454,3.430303030303031,8.231910760667907,31.10693116883116,9.051768274582559,2.153192531374349,4.291570247933885,2.4097949188858276,10.432034251639486,1.800018E9])
(5.0,[1.5299000000000003,7.793200000000001,3.138900000000001,8.155590898989898,29.518381575757584,12.196725040404036,2.2705040000000003,4.019943999999999,2.9003899999999994,10.205789674060172,4.70642E8])
(5.0,[0.934747474747475,8.119696969696976,3.380101010101011,7.562459884559886,20.64145398886827,6.932298969284685,2.072578308335884,3.3247505356596285,2.1679869401081526,9.972564924692001,0.0])
(5.0,[1.3072727272727274,8.213939393939402,3.3043434343434352,10.441389424860853,34.10452207792208,10.4662309420738,2.4763085399449043,4.51032139577594,2.5671278440975405,10.61191264459857,1.470398E9])
(5.0,[1.0920202020202017,7.728686868686865,3.1234343434343437,10.168389754689754,28.15649111523397,9.001392166563594,2.4089113355780016,3.8889603101724317,2.386707478828691,10.041645416404492,1.749771E9])
(5.0,[1.381313131313131,8.695151515151517,2.4646464646464654,5.218346217274791,15.78173135435993,5.312443496186353,1.7262014080195898,3.18875420875421,1.7054729109274562,9.690530854603558,1.169647E9])
(5.0,[1.2475999999999998,8.763400000000004,2.5078999999999994,6.714016404040407,20.241584282828285,5.078459181818181,1.956112,3.6605399999999984,1.6603320000000001,9.77639390355839,6.516571666666666E8])
(5.0,[0.8305,8.771799999999997,2.340899999999999,7.671532070707067,14.041305818181808,4.437947666666666,2.12371,2.950816000000001,1.5327000000000006,9.729867416915114,3.27005E9])
(5.0,[1.0043999999999997,8.505199999999999,2.8252,4.896980444444444,23.41771612121213,4.884227232323233,1.6241279999999991,3.988911999999999,1.7690239999999997,9.539167051746997,2.3102115E9])
(5.0,[1.951313131313131,8.752323232323233,2.87828282828283,4.278772747887034,18.22998332302618,4.013477633477636,1.6141332517090095,3.4369248035914715,1.4959738802163045,9.81748082319476,1.5262755E9])
(5.0,[1.4247422680412372,7.92144329896907,3.0995876288659785,9.991068943298968,26.233493728522337,7.294268578178692,2.329718354766713,4.197570411308321,2.1251163779360196,9.760825424241299,7.233175E8])
(5.0,[1.132448979591837,7.89765306122449,3.406428571428572,10.675130023143279,26.17290886808332,7.983254123711338,2.537496876301541,3.882755102040818,2.291384839650146,10.109633543624167,9.133606666666666E8])
(4.0,[0.6855555555555551,8.525050505050505,2.736060606060606,5.651849433106577,51.390555864770135,11.923664935064936,1.8770819304152633,5.806611570247935,2.6482338536884,10.847696130478742,3.30139E8])
(4.0,[0.6697999999999998,8.620299999999993,2.8104,4.443070666666666,47.429295868686864,12.974165494949498,1.6249880000000003,5.443870000000002,2.6671199999999997,10.695590145209867,5.04959E8])
(4.0,[0.5727551020408161,9.048979591836735,3.20795918367347,4.281420166210815,51.887897917104986,13.579389606564272,1.5447605164514788,5.9137359433569365,2.924685547688463,11.104534521853497,3.249893333333333E8])
(4.0,[0.8482828282828285,8.247171717171712,3.3678787878787877,6.562118449804166,58.87427763347763,12.810331168831167,1.9541903887358438,6.506146311600856,2.770890725436181,10.966361844476102,4.596116666666667E8])
(4.0,[0.41626262626262633,8.404545454545454,2.937878787878789,5.3249358895073176,46.759031168831186,11.353002597402595,1.7016794204672994,5.74534435261708,2.602607897153352,10.617103783417358,8.21991E8])
(4.0,[0.603939393939394,8.546464646464646,3.154141414141414,7.080666975881257,61.20335574108434,12.835534714491859,1.9072910927456386,6.826993163962863,2.694988266503418,10.915347700822727,4.169708E8])
(4.0,[0.5754999999999999,8.087899999999994,3.2937999999999996,4.035087626262626,62.004976353535355,13.215090464646465,1.46206,6.646942000000002,2.8151879999999996,10.840256471109257,4.4888300000000006E8])
(4.0,[0.5197938144329896,8.478144329896905,3.6339175257731955,7.484762457044675,47.57942777061857,17.757736576460477,2.0420384738016786,5.57897332341375,3.3005165267297256,11.119519156225172,3.1246575E8])
(4.0,[0.5383838383838386,8.653333333333336,2.8285858585858588,5.3738096062667475,42.33724693877551,13.304838796124512,1.7786021834506685,4.9588552188552155,2.721054994388328,10.83430074478711,1.2169115E9])
(4.0,[0.518686868686869,8.525050505050503,2.5998989898989895,4.9258911152339735,41.58422525252525,8.9591234590806,1.6507152331394763,4.840553004795429,2.2267544128150196,10.464249648563408,7.320068E8])
(4.0,[0.5436000000000001,8.400100000000002,3.1742000000000004,6.03820105050505,43.72056463636363,11.302897333333348,1.8028160000000002,5.212897999999997,2.549883999999999,10.576456190572884,7.379578E8])
(4.0,[0.30499999999999994,8.79714285714286,2.109795918367347,3.581730412371134,15.377282474226808,5.072909236271826,1.3577551020408158,2.3961224489795923,1.5963348604748027,9.776669294601657,3.799895E8])
(4.0,[0.5678999999999997,8.623999999999999,2.398900000000001,4.576388474747475,35.54033333333334,7.676042212121215,1.5189840000000003,4.627520000000002,2.019634,10.181518580439606,8.45032E8])
(4.0,[0.8063265306122449,8.404387755102036,2.6698979591836745,4.5842935830002105,37.32164755943615,9.573881432779292,1.6917950853810904,4.656976259891713,2.301511870054144,10.289181714267313,4.64508E8])
(4.0,[0.9409,9.1285,2.753499999999999,5.337016353535354,36.31005732323232,11.219499747474753,1.8775359999999992,4.616509999999999,2.6031299999999997,10.871952284035979,8.857726E8])
(4.0,[0.5033333333333332,8.625858585858584,2.4767676767676763,4.100675510204079,12.295179612451031,8.315952710781286,1.5746127946127944,2.471602897663504,2.081191715131108,9.872958077780806,6.839722E8])
(4.0,[0.23242424242424242,8.49535353535353,3.0533333333333332,2.9946267161409996,9.438149618635332,6.055614285714285,1.2417936945209669,2.3385674931129476,2.0478787878787874,9.589477030833665,9.59971E8])
(4.0,[0.40868686868686865,8.534040404040407,2.8471717171717175,3.131493156050299,8.368046773861062,6.7059204906204934,1.4034425058667483,2.2362881338638916,2.0939189878583817,9.5896999062405,7.88025E8])
(4.0,[0.15696969696969695,8.575858585858587,2.442424242424244,2.424564192949907,6.665473490002062,5.8050369202226335,1.205442301805938,2.01309254157739,1.9208754208754202,9.410144281751462,0.0])
(4.0,[2.0013265306122454,8.5884693877551,2.4420408163265317,2.6126899747527887,8.079868767094467,6.803296823059118,1.3571491045397759,2.1183923365264468,2.0139691795085386,9.667026544131335,7.825775E8])
(4.0,[0.6328571428571429,8.630510204081633,2.817551020408162,3.767047422680412,9.227056438039135,7.395917652009258,1.5258892128279884,2.354602249062891,2.0378717201166174,9.774311477035969,0.0])
(4.0,[0.5767676767676769,8.67737373737373,2.42959595959596,2.997256792413934,8.778558338486908,7.028491671820241,1.3679114376084072,2.322440567289052,2.102128354249567,9.602048217119139,0.0])
(4.0,[0.653838383838384,8.787272727272727,2.4310101010101004,3.166207565450422,6.779032282003709,7.200415295815294,1.3852443628201208,1.9572819100091825,2.0016692174267936,9.73840927527391,1.0166623333333334E9])
(4.0,[0.6933333333333331,8.556464646464649,2.7248484848484846,4.626444897959184,11.126065945165948,6.226345640074208,1.6147474747474748,2.597557392102847,1.9315335169880619,9.654784832266575,0.0])
(4.0,[0.6819387755102043,8.724897959183677,2.6369387755102034,2.9081065116768365,8.991361329686518,6.459456511676834,1.3132028321532692,2.361524364847981,1.918025822573927,9.659650054583661,1.069245E9])
(4.0,[0.35790000000000005,8.349599999999997,2.6542,3.4329359494949485,13.16704226262626,6.78220238383838,1.3950580000000008,2.7617519999999987,2.054755999999999,9.386184166450642,3.399993E9])
(4.0,[0.5267676767676764,8.663131313131316,2.916666666666666,4.008654751597612,9.391974788703362,7.183326530612248,1.509996939087848,2.334602591572288,2.168552188552189,9.797097331914344,0.0])
(4.0,[0.636,8.9655,2.2101,2.7844444444444436,4.85271994949495,4.217570696969698,1.2936799999999997,1.56381,1.4641259999999996,9.654820685841347,4.0162E7])
(5.0,[-3.1745454545454557,8.983636363636359,-1.725050505050505,6.490176066790354,7.4024723562152115,3.601151783137497,1.9749494949494948,2.0736639118457285,1.4701540659116412,10.057620738645486,1.200012E9])
(5.0,[-3.1841836734693865,8.901224489795913,-1.4669387755102046,6.61032149168946,11.066841784136336,7.012402903429417,1.9650853810912112,2.4239983340274858,1.9757309454394008,10.149657003751647,0.0])
(5.0,[-3.2021212121212135,8.873636363636363,-1.9197979797979805,7.233841372912802,9.329005009276441,2.5185142444856727,1.9476522803795528,2.3429384756657483,1.195751453933273,9.95229362677183,0.0])
(5.0,[-3.0898000000000003,8.874100000000002,-1.5963999999999996,9.991111070707067,13.566575949494942,4.916825292929293,2.4333879999999994,3.0234839999999985,1.6428000000000003,10.191668205782682,0.0])
(5.0,[-2.8299999999999996,9.141111111111112,-1.8385858585858588,7.69414693877551,11.654965079365079,5.42143879612451,2.0488888888888894,2.741099887766555,1.5713253749617386,10.284427681788877,1.664993E9])
(5.0,[1.14,15.05,2.79,0.0,0.0,0.0,0.0,0.0,0.0,15.348817544032505,0.0])
(5.0,[-2.7848979591836747,9.086632653061214,-1.8292857142857144,7.570006690511253,11.47826792552073,5.468678865979382,2.021116201582674,2.704585589337774,1.5793877551020408,10.22176419113844,1.664993E9])
(5.0,[-2.4590909090909085,9.017979797979791,-1.6518181818181825,5.5850552875695705,8.332724448567305,3.01155176252319,1.879449035812672,2.2250260177532892,1.3756473829201106,9.853786907274499,7.00002E8])
(5.0,[-2.0083673469387753,9.276122448979592,-1.3284693877551026,8.621438544077426,11.12291470650116,5.2585347464759105,2.2776176593086217,2.5547188671386927,1.7781549354435657,10.223837456172935,4.9988E7])
(5.0,[-2.5851000000000006,9.101699999999996,-2.0550000000000006,6.642253525252523,9.698555666666671,3.4205464646464634,1.8913039999999999,2.387575999999998,1.4518,10.059859145102966,2.959992E9])
(5.0,[-2.271616161616162,9.162121212121214,-1.5288888888888887,6.157815728715731,10.97107810760668,5.828338548752833,1.8919681665136212,2.4363513927150304,1.832368125701458,10.084328866230921,1.4850005E9])
(5.0,[-2.385567010309278,9.10567010309278,-1.662474226804123,7.586583268900344,11.74748730670103,7.143395897766326,2.1068168774577534,2.744691253055585,1.9631693059836328,10.215814400034514,2.74994E8])
(5.0,[-2.686161616161615,9.010101010101009,-1.956262626262626,7.902440218511644,11.412713254998966,3.326148134405279,1.988711355984083,2.601948780736659,1.3836996224875011,9.976148680451212,5.333353333333333E8])
(5.0,[-2.4697979797979785,9.167676767676765,-2.0296969696969698,7.37384077509792,13.920709853638423,5.087409090909091,2.116539128660339,2.9277828792980305,1.7285827976737067,10.210146658992635,1.13000475E9])
(5.0,[-3.7728282828282818,8.85818181818182,-1.0879797979797983,6.184953143681712,7.353304823747684,5.445250979179552,1.953849607182941,2.177998163452709,1.841554943373125,10.217492202619006,1.830017E9])
(5.0,[-3.1573469387755093,8.709081632653056,-2.064897959183673,5.751283610351357,10.17604347780349,3.7242747317483706,1.8171428571428563,2.417334443981672,1.5079425239483542,9.859400541099584,0.0])
(5.0,[-3.2332323232323232,9.114848484848482,-1.265858585858586,7.526985363842506,11.664778293135432,6.401128592042878,2.199759208244058,2.6930456075910616,2.017669625548414,10.354289680056588,0.0])
(5.0,[-2.922626262626262,9.002323232323231,-1.727878787878788,6.580801195629765,8.252071078128223,4.54321280148423,2.0768044077134973,2.2435159677583916,1.604450566268748,10.074906106535199,0.0])
(5.0,[-2.9919191919191928,9.124747474747474,-1.3084848484848481,9.165548319934038,12.030621109049685,5.595115027829316,2.513406795224978,2.729976533006836,1.7359657177839003,10.37696144409083,3.50006E8])
(5.0,[-2.2986868686868682,9.464343434343434,-1.4717171717171704,7.6516176458462155,11.278012574726866,7.587049062049059,2.082809917355371,2.651184573002755,2.055333129272523,10.486787993107011,1.0233256666666667E9])
(4.0,[-2.3431313131313134,9.265858585858588,-1.3669696969696967,3.955184992784992,5.719289816532675,6.83567439703154,1.6222283440465253,1.8967289052137535,2.018432812978267,10.17606902984335,9.84985E8])
(4.0,[-2.7226804123711332,8.997938144329899,-1.4804123711340202,3.118057323883162,5.01111862113402,5.486960244845361,1.382748432352004,1.5341502816452337,1.7990668508874474,9.941075528426165,1.8150025E9])
(4.0,[-2.471010101010099,8.993737373737371,-1.9725252525252523,5.000737744794888,5.217764460935892,7.205529272314989,1.7850403020099992,1.7545821854912769,2.1554331190694827,10.12524945394322,1.166687E9])
(4.0,[-2.6939393939393947,9.03707070707071,-1.4019191919191911,3.6004506493506483,4.134865821480109,6.172458524015666,1.4363820018365476,1.4087480869299058,1.9546882971125388,9.993946167518622,2.220001E9])
(4.0,[-2.724242424242424,9.0940404040404,-1.4588888888888885,4.960030797773657,5.872789631003915,5.864809977324263,1.7387205387205387,1.8196367717579838,1.8518294051627382,10.123608121461137,1.319976E9])
(4.0,[-2.8107142857142864,8.894693877551019,-1.5442857142857143,4.192548969072166,6.591750936250788,6.172849484536081,1.608323615160349,1.8989546022490622,1.9136443148688047,9.984249030302013,0.0])
(4.0,[-2.6444897959183677,9.01387755102041,-1.543979591836734,4.677975510204082,4.312543572480538,6.229560288239005,1.6882965431070391,1.59259475218659,1.9474448146605565,10.03599841084377,3.279968E9])
(4.0,[-2.5903000000000005,9.103400000000006,-1.7258999999999998,3.922990818181818,4.5518469090909095,6.295020393939393,1.5810399999999996,1.6418720000000004,1.9531979999999998,10.11008990926706,1.10500325E9])
(4.0,[-2.203392857142857,9.13410714285714,-0.54875,5.795535551948052,8.431606461038964,9.899582045454542,1.8367283163265307,2.109987244897958,2.2927678571428567,10.197458581641227,0.0])
(4.0,[-2.6973737373737374,9.032020202020204,-1.3175757575757578,4.683346093588954,4.919785673057105,6.70794100185529,1.7043322109988783,1.6830527497194174,2.094135292317112,10.075204846060211,7.06675E8])
(4.0,[-2.5959183673469397,9.241734693877556,-0.8285714285714291,4.839341931411739,6.609884588680834,7.577812371134021,1.6810745522698876,1.913038317367764,1.9530029154518955,10.246482980780165,0.0])
(4.0,[-2.34040404040404,9.055252525252524,-1.987575757575758,3.6468039167182016,6.378241517212952,6.025606307977736,1.5674216916641162,1.8836241199877557,1.9029690847872671,10.044150982865693,1.660034E9])
(4.0,[-2.713118279569893,9.30731182795699,-1.2266666666666668,3.7245151706404873,4.187478564749883,5.560585507246378,1.4987166146375304,1.5295502370216212,1.7540501792114696,10.20735509518714,3.209991E9])
(4.0,[-2.1534000000000004,8.939900000000005,-2.0699,3.5432772121212115,6.164768676767677,6.294887868686868,1.541924,1.8596860000000008,1.937686,9.931981614537705,2.760041E9])
(4.0,[-2.14929292929293,8.951212121212127,-2.083838383838384,3.577729086786229,6.214747495361781,6.339495320552463,1.553931231506989,1.8686440159167441,1.9459891847770634,9.948898142933354,2.760041E9])
(4.0,[-2.122020202020201,9.172222222222222,-1.5610101010101014,4.671340775097917,6.046856235827663,9.352709173366316,1.7683807774716873,1.818047138047138,2.181546780940721,10.242123859868691,1.8650055E9])
(4.0,[-1.932121212121212,8.961414141414142,-2.336060606060604,3.6706066790352483,7.246281653267366,6.287285343228197,1.654282216100398,2.062726252423223,1.9033425160697883,9.978777243171013,1.306651E9])
(4.0,[-2.156224489795919,9.084081632653062,-1.6246938775510202,5.091860856301283,5.015451209762255,7.725320008415735,1.7444648063306956,1.798821324448147,2.0946314035818405,10.064343817591874,0.0])
(4.0,[-1.1405154639175257,7.805979381443295,3.8159793814432996,4.193113273195876,6.683886791237104,21.490353457903776,1.6788287809544054,2.004514826230205,3.838210224253374,10.221447450502433,0.0])
(4.0,[-1.5052631578947369,4.6713157894736845,8.636842105263158,1.560339118065434,4.159109032716927,2.3553302987197724,0.9628531855955679,1.524016620498615,1.3049307479224375,10.22220693184095,0.0])
(4.0,[-2.490707070707071,9.418686868686867,-0.9142424242424247,3.060116841888271,5.725089074417645,5.933592022263454,1.3930660136720743,1.7594449545964694,1.7853994490358125,10.193187899773513,1.286662E9])
(4.0,[-1.8243434343434348,9.071919191919193,-2.136060606060606,4.781022778808491,7.999711585240153,7.454009833024116,1.7571676359555146,2.1249607182940524,2.12766452402816,10.127121329273997,1.269989E9])
(4.0,[-2.260606060606061,9.098686868686867,-1.7924242424242425,4.989775139146569,6.905911523397237,7.3165185528756975,1.7139332721150906,2.0129374553616968,2.076932966023875,10.15558490745059,1.3349915E9])
(4.0,[-2.0814285714285696,9.018673469387755,-2.2368367346938767,3.6799484536082474,7.181935335577529,6.365696076162423,1.6178425655976678,2.1290274885464373,1.9299396084964593,10.039720075090301,0.0])
(4.0,[-1.5721649484536089,9.495567010309278,-1.0022680412371132,6.541248389175258,10.271212435567012,10.251680219072165,2.084806036773302,2.482465724306515,2.20220639812945,10.491157291618999,0.0])
(4.0,[-3.1159999999999997,7.851999999999999,-0.49,1.07108,0.6052199999999999,1.3668,0.7248,0.6423999999999997,0.9520000000000001,8.567490060112801,5.0048E7])
(5.0,[0.9207070707070707,10.193737373737376,0.5198989898989902,9.051573984745412,18.207907318078753,10.313319377447948,2.329978573614937,3.224785225997346,2.5623201714110815,11.339779250039655,7.5E8])
(5.0,[1.6409278350515455,9.885463917525778,0.5395876288659796,7.2128460051546375,18.28140004295533,11.761645661512027,2.22976511850356,3.319428207035816,2.7651333829312352,11.067464857463422,6.166686666666666E8])
(5.0,[2.0062244897959185,9.961428571428572,0.06857142857142856,8.058592815064168,13.87412371134021,9.984529896907219,2.314287796751354,2.8490962099125374,2.4829737609329436,11.062689154239946,1.400055E9])
(5.0,[3.338041237113401,10.052886597938139,-0.37907216494845364,11.63304299828179,19.242818664089338,19.438879338487975,2.7678286746731855,3.667690509087043,3.479436709533425,12.115883701885563,9.2998525E8])
(5.0,[2.976290322580645,9.87677419354839,-1.4820967741935478,9.593833553675305,10.477782866208354,9.039747990481224,2.517341311134234,2.338178980228928,2.2606867845993754,11.3448563478131,0.0])
(5.0,[-0.3364285714285716,10.219897959183672,0.41091836734693865,9.124810824742266,14.930161845150435,14.057719766463284,2.5066472303206995,3.204164931278633,2.9642211578508952,11.330275886036988,1.730072E9])
(5.0,[0.9429292929292937,10.438484848484846,-0.3034343434343437,9.206786229643374,15.621874211502783,20.75535135023707,2.452108968472605,3.229954086317723,3.8445423936333025,11.931318262237946,9.0249625E8])
(5.0,[1.0794949494949497,10.073232323232324,0.362020202020202,9.054255864770154,17.9407772005772,17.766326489383633,2.466964595449444,3.4014529129680655,3.5250321395775943,11.509532517271374,1.243337E9])
(5.0,[1.2205050505050503,10.069494949494942,0.6885858585858585,7.824255864770153,15.668843619872193,10.333206143063283,2.251196816651362,3.0130149984695445,2.6015161718192035,11.111993676771817,8.9244075E8])
(5.0,[1.1854639175257728,10.307731958762888,-0.21185567010309284,6.631316709621994,12.9768573024055,13.366250687285216,2.113561483685833,2.8611202040599415,2.9992475289616323,11.386744608219182,1.6249845E9])
(4.0,[2.1819191919191923,10.061616161616161,-0.2325252525252524,8.96430546279118,28.423317769532044,8.379212945784376,2.1770819304152638,4.252215080093868,1.9975451484542392,11.319765716837113,2.340058E9])
(4.0,[1.56,10.286041666666668,-0.29614583333333333,7.48848210526316,21.737367324561397,9.47289551535088,2.1162499999999995,3.399869791666667,2.078743489583333,11.339117995892192,1.9700165E9])
(4.0,[1.480404040404041,10.2250505050505,-0.3226262626262626,6.9392671820243255,25.985766068851788,7.624137930323643,1.8838832772166114,3.869737781858995,1.9209631670237737,11.230974019168968,8.360108E8])
(4.0,[1.537708333333333,9.964479166666665,-0.6143750000000001,8.807032587719297,25.029589199561407,9.395410131578947,2.0795703125,3.8015125868055555,2.032486979166667,11.06704678541265,3.549955E8])
(4.0,[1.2507142857142854,10.064489795918368,-0.045816326530612184,3.5072211340206185,14.29637963391543,7.200484378287402,1.4021865889212828,2.864439816743025,1.812825905872553,10.653284603595862,0.0])
(4.0,[-0.559,10.181666666666667,-0.799,5.197890508474575,11.730580225988705,3.5299413559322037,1.6694666666666667,2.63188888888889,1.4271333333333338,10.609853941510044,2.438263E9])
(4.0,[1.2884693877551021,10.263571428571431,0.2736734693877551,7.222687323795496,20.45387680412371,8.627017294340417,1.957324031653478,3.493615160349855,2.105185339441899,11.105979379610897,2.0446625E9])
(4.0,[0.5864583333333334,10.145208333333331,0.6666666666666667,5.20953048245614,25.165098903508774,4.3082940350877195,1.841545138888889,3.7115147569444447,1.6405555555555558,10.963440076659769,1.015274E9])
(4.0,[1.125858585858586,9.981919191919193,-0.16505050505050503,8.000373490002062,25.168166687280962,9.646682395382397,2.0369452096724823,3.878675645342313,2.188725640240791,11.048133829196573,1.12751025E9])
(4.0,[0.7869696969696971,10.073131313131313,-0.04636363636363633,5.980135621521332,19.76936458462173,9.450270315398884,1.86435261707989,3.290511172329354,1.9650688705234163,10.91801421574856,1.509979E9])
(4.0,[0.7587755102040815,10.072244897959184,0.22244897959183668,4.197031474857985,18.621563980643806,6.5763258994319385,1.5101541024573095,3.2380882965431073,1.767750937109538,10.721092704666072,1.4650115E9])
(4.0,[0.5138775510204081,9.961938775510205,0.2026530612244899,5.6671312013465185,19.499358058068584,7.57047742478435,1.6916659725114536,3.409337775926696,1.9464473136193248,10.704776279303402,5.983376666666666E8])
(4.0,[0.7005102040816328,9.976224489795918,-0.11010204081632656,4.054483242162846,12.644829928466233,5.231825762676204,1.5293752603082054,2.588700541441066,1.8264202415660138,10.454185190283154,4.9229425E8])
(4.0,[-0.6278787878787879,9.86494949494949,0.39626262626262626,10.074247495361785,18.54817423211709,6.22152364460936,2.152170186715641,3.2757126823793494,1.8879930619324565,10.6465983735371,7.49939E8])
(4.0,[-0.9805208333333337,9.993020833333327,0.6089583333333334,3.5488555153508776,14.721320252192974,2.109028377192983,1.3838758680555554,2.8586219618055564,1.1370616319444449,10.336253000422374,3.099975E9])
(4.0,[0.2091836734693878,10.149897959183674,0.32530612244897966,8.074292110246162,13.472918546181361,5.0525983589312,2.0995585172844646,2.7084756351520216,1.6114660558100784,10.762639009837585,1.2299805E9])
(4.0,[-0.11686868686868704,9.937676767676765,0.508787878787879,7.663913564213568,12.813326180169033,4.850680148423004,1.9475951433527185,2.6532557902254883,1.5768839914294461,10.481818850585281,6.10077E8])
(4.0,[1.2228571428571429,9.766938775510207,-0.007346938775510104,7.8699628865979365,15.598444140542808,4.3231351567431116,1.987959183673471,3.0560266555601836,1.481807580174927,10.444027937868723,0.0])
(4.0,[0.494742268041237,10.310927835051551,0.5950515463917525,3.555535609965638,15.786516838487977,2.146816924398625,1.3538186842384954,2.9954044000425117,1.1222170262514612,10.681687925151197,1.100006E9])
(4.0,[0.9910101010101006,9.910000000000004,0.5154545454545457,6.173878561121417,15.389765306122444,4.900510760667903,1.8893643505764712,2.803434343434343,1.6857483930211206,10.672184448378811,8.10013E8])
(4.0,[0.9421212121212121,9.994343434343435,0.6117171717171717,3.8865781076066797,10.63580237064523,2.6498347763347763,1.4168595041322316,2.424783185389246,1.3092439546985002,10.396233397005567,0.0])
(4.0,[0.0180612244897959,10.254183673469385,0.7305102040816326,15.180261150852097,40.63540190406059,11.69009561329687,2.972840483132028,4.709893794252397,2.587040816326531,12.404209757744866,3.843035714285714E8])
(4.0,[2.728571428571429,9.976224489795918,0.06520408163265315,6.469096907216494,19.550570134651803,6.927260267199663,1.9091836734693877,3.372582257392753,1.9432049146189097,11.11340506127337,5.166523333333334E8])
(4.0,[2.2308163265306122,9.58816326530612,0.574387755102041,3.6937024195245094,20.564006900904694,2.8341114769619185,1.5073635985006248,3.4675926697209496,1.296661807580175,10.313138584205207,0.0])
(4.0,[2.1431313131313146,9.883838383838382,0.13929292929292936,4.493242135642136,14.60692389198104,5.664859699031125,1.5584532190592797,2.819044995408632,1.7073237424752579,10.596199779892036,1.2650145E9])
(4.0,[1.5430555555555556,9.596111111111107,-1.6583333333333334,2.4375989682539676,11.165653015873012,8.186242857142858,1.1963888888888892,2.6131172839506167,2.32462962962963,10.424850050462046,0.0])
(4.0,[1.8545918367346943,9.675408163265306,-0.4214285714285715,4.112251893540922,13.673282821375976,7.88687422680412,1.4683756768013327,2.83097875885048,2.0860641399416906,10.449298714605835,1.2650145E9])
(5.0,[7.018979591836735,5.861020408163264,0.10897959183673472,39.80246492741427,28.855506164527664,11.454378329476121,5.055510204081628,4.320491461890878,2.5582423990004157,11.213980157525722,9.314392E8])
(5.0,[8.448585858585853,4.974444444444446,-1.0315151515151513,32.084465326736755,28.665406575963715,6.159659925788495,4.697561473319052,4.2091133557800235,1.8087235996326907,11.212412909002497,7.533466666666666E8])
(5.0,[7.054747474747477,4.452323232323231,-0.2831313131313133,34.04519661925377,21.300873118944555,11.778848258091118,4.708335884093458,3.6434363840424444,2.551255994286297,10.229770982681266,0.0])
(5.0,[8.516999999999998,2.1412000000000004,-0.5824,35.16037070707072,16.373754101010107,10.836674989898992,4.646080000000002,3.1850480000000005,2.35844,10.579839980661923,2.80029E8])
(5.0,[9.070505050505053,1.5768686868686868,-0.9281818181818182,37.127290558647694,17.52668703360133,9.106833395176254,5.126580961126416,3.093957759412305,2.0862258953168054,10.757709399979074,0.0])
(5.0,[4.746500000000001,6.426399999999997,0.6598999999999996,33.923723989898974,37.29966367676768,20.558281808080803,4.7169599999999985,4.949480000000002,3.1568980000000004,10.996055604338412,1.139974E9])
(5.0,[-0.3919191919191917,8.92737373737374,-0.8323232323232322,8.74650954442383,43.22398895073183,6.433115976087403,2.107362514029179,5.484003673094583,1.8180573410876442,10.350802275847784,5.657348571428572E8])
(5.0,[-0.22450000000000006,8.185699999999995,-0.31800000000000017,11.908285606060607,52.22257223232324,12.611090909090906,2.746009999999999,5.888699999999999,2.481,10.648100598287611,2.833252E8])
(5.0,[1.3768686868686872,8.166969696969693,-0.06181818181818181,21.10752580911153,50.64947031539886,12.808621150278297,3.5475686154474024,5.98906029996939,2.6086317722681347,10.617839985999826,3.684622307692308E8])
(5.0,[0.5318181818181815,7.516262626262629,1.230808080808081,22.446788497217067,55.65504813440529,18.19655240156668,3.5541965105601476,6.262716049382715,3.0957657381899786,10.692171998209803,3.7578325E8])
(5.0,[-7.371313131313133,5.231111111111109,1.2986868686868687,38.222799278499274,48.37738548752834,20.40169927849928,5.077216610549945,5.525925925925927,3.2098377716559545,12.360510908876053,5.1003275E8])
(5.0,[-10.010799999999996,-0.8399000000000001,1.9776000000000011,38.51810036363636,24.442356555555552,15.884412363636368,5.146752000000003,3.5002759999999986,2.673856,12.305039156395013,0.0])
(5.0,[-10.538787878787879,-1.1534343434343441,2.136060606060607,34.31612300556587,8.675837064522778,11.10998126159555,4.531980410162226,2.2397000306091215,2.3736394245485135,11.802363213944739,0.0])
(5.0,[-3.682959183673469,8.47775510204082,0.6188775510204084,21.0318169261519,46.452638207447905,11.865164706501147,3.4693690129112866,5.815601832569764,2.5567888379841732,11.424687773977386,5.3430614285714287E8])
(5.0,[-4.58673469387755,8.06816326530612,1.0077551020408162,16.39662840311383,40.97186257100778,14.098753671365454,3.1056559766763847,5.134435651811745,2.843490212411496,11.311580783048907,5.93338E8])
(5.0,[-3.0644444444444434,7.978282828282832,0.5482828282828284,14.159473922902505,39.45569396000825,10.14220824572253,2.866419753086419,5.087893072135497,2.247252321191716,10.472493577490463,5.63747375E8])
(5.0,[0.0414141414141415,8.911616161616164,0.6668686868686872,13.375634714491852,37.05130348381777,5.40800540094826,2.6378491990613213,4.838334863789408,1.6965207631874306,10.417883968256735,4.430054E8])
(4.0,[5.288061224489798,7.772653061224489,-1.2721428571428568,13.777026099305697,12.281867115505996,8.052212886597937,2.876882548937942,2.75741357767597,1.86228862973761,10.183611310826135,2.049499E9])
(4.0,[5.502899999999998,7.532000000000001,-1.3760999999999997,12.394451101010105,8.418298989898988,4.72632908080808,2.733331999999998,2.1372400000000003,1.5677780000000001,9.988158004588067,1.039917E9])
(4.0,[6.066500000000001,7.118399999999999,-1.5189,14.426936111111115,7.115635797979797,7.419258373737377,2.8514599999999994,2.128864,1.8201,10.148660218718263,0.0])
(4.0,[-7.959100000000001,5.849500000000002,-3.5069,29.106080999999996,20.609364393939394,16.87688423232324,4.307938000000002,3.2806000000000006,3.0170039999999996,11.863238530699732,1.1800385E9])
(4.0,[-8.833699999999999,3.5082000000000013,-3.0479000000000007,33.03363162626264,20.274368444444445,14.443725848484851,4.821566,3.319896,2.9673320000000003,11.5356345999021,0.0])
(4.0,[-9.531414141414137,3.001414141414141,-3.085959595959594,31.39512655122655,19.416538796124513,16.08163044733045,4.682407917559435,3.072449750025507,2.837126823793491,11.863306521214234,3.939819E9])
(4.0,[-9.930612244897958,2.6936734693877575,-2.256530612244898,25.132983126446447,24.497235851041452,14.162150725857352,4.0196668054977085,3.673565181174512,2.782244897959183,12.043508481262661,0.0])
(4.0,[-9.62285714285714,-0.4344897959183675,-2.3067346938775506,28.064828865979376,28.81149715968862,14.07590469177361,4.188192419825071,3.8339400249895883,2.7830778842149098,11.736429193386059,0.0])
(4.0,[-2.248787878787879,8.44030303030303,-4.618989898989899,27.093586270871995,44.35872541743971,31.03980713255,4.007187021732477,5.092819100091825,4.361059075604529,12.758229107772713,5.859864E8])
(4.0,[3.6222222222222213,7.96656565656566,2.0391919191919192,30.732831746031742,33.105849309420734,13.218783013811588,4.023254769921436,4.45430262218141,2.599942862973167,11.067942495081699,7.299956666666666E8])
(4.0,[-1.698061224489796,8.383571428571427,2.840612244897958,36.9481498106459,45.601926288659804,13.073360446034082,4.643248646397333,5.497667638483965,2.5333777592669726,11.796619713930593,2.711147777777778E8])
(4.0,[-3.9638383838383833,8.82232323232323,2.9154545454545446,27.858809606266743,40.96231189445476,18.259816883116883,4.238234873992449,4.725734108764413,2.8545454545454554,12.471886248406795,5.5876925E8])
(4.0,[-2.931000000000001,9.350000000000001,2.4149,17.87890202020202,25.232359595959597,11.836782818181815,3.1321600000000003,3.749400000000002,2.3845859999999988,11.62994402614889,4.380004E8])
(4.0,[1.8963636363636367,8.508585858585858,-2.748080808080808,28.19782949907235,31.960826551226557,16.719187095444237,3.832470156106521,4.284746454443422,3.10799918375676,11.523317266343359,2.3428785714285713E8])
(4.0,[2.49060606060606,8.437373737373743,-2.320909090909091,28.261746567718003,32.5787644609359,16.564741001855293,4.068980716253444,4.3461503928170595,2.917722681359044,11.464341260055821,1.072502E9])
(4.0,[3.352222222222222,8.412525252525255,-1.9496969696969695,14.533774603174614,33.19766396619253,5.337180519480519,3.0518967452300787,4.455482093663915,1.78211815120906,10.72810216936516,4.580138E8])
(4.0,[3.6834343434343433,8.126969696969697,-1.7751515151515151,19.505730942073804,34.298284601113174,7.243180333951761,3.29122742577288,4.5593265993265994,1.9723966942148758,10.642879057146454,3.200072E8])
(4.0,[2.775656565656565,8.55343434343434,-1.4183838383838387,11.807588084930945,27.719584003298284,5.9862994021851135,2.6137598204264867,4.102193653708804,1.852410978471585,10.39964549691685,5.728717142857143E8])
(4.0,[2.555151515151515,8.058888888888887,-0.32222222222222185,11.637947680890534,8.742687528344677,9.373788888888887,2.382895622895624,2.0810998877665536,2.401099887766555,9.574570294448018,3.5675E7])
(5.0,[0.9086868686868689,10.47141414141414,-1.32969696969697,17.11521764584621,18.05265920428778,6.855419294990722,3.252719110294868,3.4336639118457297,1.7693970003060917,11.685797272206624,6.158402857142857E8])
(5.0,[1.2624210526315793,10.345473684210528,-1.3057894736842106,15.47093769316909,16.24592078387458,3.0500225083986563,3.2931324099722996,3.240808864265928,1.365961218836565,11.347871743561889,6.499878E8])
(5.0,[1.0725252525252527,10.313838383838382,-1.364848484848485,17.326674170274167,16.614421851164707,7.9262354359925755,3.3796735027038065,3.181685542291604,2.187633914906642,11.638853173172961,5.333303333333333E8])
(5.0,[1.1128865979381448,10.201134020618555,-1.3821649484536083,14.82739574742268,17.639112242268045,6.428217139175259,3.084093952598576,3.1489148687426938,1.916173876076097,11.396792850373103,6.533355E8])
(5.0,[1.1005000000000003,10.0996,-1.2431999999999999,16.46146944444443,17.38383014141414,8.353914909090909,3.3087099999999983,3.163776000000001,2.05388,11.435518671700068,6.620116E8])
(5.0,[0.9303030303030302,10.11949494949495,-1.1793939393939392,17.774313172541742,17.53428443619872,9.023866975881266,3.3532476277930825,3.2574084277114577,2.1100275482093664,11.451122191915099,6.720032E8])
(5.0,[0.2641176470588235,10.393411764705883,-0.8187058823529414,14.101807843137257,11.877620364145658,4.9361161624649865,2.9793771626297576,2.7393882352941175,1.6238449826989627,11.259134326758408,0.0])
(5.0,[0.22357142857142853,10.575000000000001,-0.9596938775510205,15.277235567010308,15.32382113402062,6.1725390805806875,3.119154518950437,3.1052040816326536,1.7571032902957104,11.516918966821345,1.0374985E9])
(5.0,[-0.39510204081632655,10.074285714285713,-1.0481632653061228,20.146691226593738,20.37403505154639,8.31354092152325,3.6550937109537696,3.5041107871720123,2.0383132028321533,11.555005158955959,7.266693333333334E8])
(5.0,[-0.43865979381443315,10.261443298969073,-1.1044329896907217,15.521555476804124,13.372047895189008,5.6259124355670105,3.134371346583059,2.862344563715591,1.6159570623870765,11.260114210030004,7.67502E8])
(5.0,[-0.5061224489795918,10.303469387755102,-1.0009183673469388,16.776300273511477,15.793565158847045,8.209381622133389,3.255431070387339,2.9715701790920455,2.0085985006247395,11.492333334266913,6.46586E8])
(5.0,[-0.8884000000000003,9.941699999999997,-1.0959999999999999,17.043894383838385,22.60378192929293,9.895694949494949,3.3179679999999996,3.7129039999999995,2.33088,11.35649055474432,5.66249875E8])
(5.0,[-0.6142857142857139,10.463367346938776,-0.9366326530612245,16.5612206185567,14.526494729644437,7.056896791500108,3.176122448979591,2.8901062057476063,1.8789483548521446,11.56560551864545,7.050068333333334E8])
(5.0,[-0.8715151515151521,10.29686868686869,-0.15171717171717222,16.469882374768094,9.275713564213563,7.514508245722531,3.21991429445975,2.2826446280991743,2.0235057647178865,11.38486868613501,4.06667E8])
(5.0,[1.2152525252525246,10.295151515151518,-0.7378787878787881,16.531396619253762,18.577833395176256,7.239614842300556,3.405113763901643,3.4297581879400068,1.9638138965411696,11.459717317814615,8.8274375E8])
(5.0,[1.0065656565656564,10.397373737373734,-0.885252525252525,16.416420737992162,17.120680787466505,4.704474170274169,3.2342393633302726,3.2927864503622075,1.4081889603101725,11.363984396071904,6.033426666666666E8])
(5.0,[1.043265306122449,10.25214285714286,-1.0982653061224497,13.268279949505576,15.07094278350515,6.003983557752998,2.9859850062473963,2.989183673469388,1.7200041649312783,11.257414054742089,6.766611666666666E8])
(5.0,[1.353600000000001,10.1494,-0.8964000000000001,17.317045494949504,18.676167313131312,9.915249535353533,3.361272,3.5047520000000008,2.1334880000000003,11.562040885789841,1.0066526666666667E9])
(5.0,[1.2472727272727278,10.25454545454546,-0.9480808080808082,15.49982820037106,18.17849443413729,9.641862605648322,3.205179063360881,3.351349862258953,2.355714722987451,11.555968693007632,5.866395E8])
(5.0,[1.0271134020618553,10.271443298969068,-1.0647422680412366,16.206247830756,16.107741645189012,11.198810609965632,3.267690509087045,3.1688808587522588,2.2790179615261987,11.590738459577578,4.700013333333333E8])
(5.0,[0.826428571428572,10.251734693877557,-0.8504081632653064,15.567041752577316,11.627534073216912,4.142795707973913,3.132813411078718,2.691672219908372,1.5440483132028326,11.187725591953985,8.70087E8])
(5.0,[-1.2384848484848485,10.356262626262627,-0.9002020202020202,17.23393135435992,15.081566501752219,9.777967305710169,3.375298438934802,3.0229935720844816,2.3715090296908485,11.677354039288785,7.183125E8])
(5.0,[-1.1382653061224484,10.348979591836734,-0.7375510204081632,18.789593867031346,18.07657832947612,10.485923837576268,3.3691524364847965,3.325651811745105,2.315093710953769,11.699796538118617,5.916698333333334E8])
(5.0,[-1.0463636363636364,10.270505050505044,-0.806969696969697,17.862309090909086,15.657433415790555,5.056672356215212,3.439834710743801,3.2179655137230885,1.5676890113253747,11.356780570805052,4.93994E8])
(5.0,[-1.0812121212121213,10.31111111111111,-0.7759595959595958,18.417635250463825,17.874018140589566,5.375444733044731,3.494055708601162,3.318518518518518,1.7930517294153654,11.452428379327914,9.700012E8])
(5.0,[-1.358265306122449,10.407755102040818,-0.8815306122448979,20.73229902167052,16.026298001262358,6.916914127919209,3.6387796751353614,3.2283423573511048,1.8058642232403166,11.668337243737176,7.300058333333334E8])
(4.0,[1.2437373737373736,10.32929292929293,-2.42909090909091,21.87146446093589,22.23215357658216,14.078708348794061,3.8303907764513827,3.75218651158045,2.627603305785124,12.396728342385952,9.140076E8])
(4.0,[1.4575757575757577,10.537575757575755,-2.3937373737373733,24.018155287569574,19.713234879406304,15.355421603793024,3.7749250076522807,3.5574104683195595,2.5815018875624935,12.479095556347033,6.533305E8])
(4.0,[1.9762626262626257,10.177777777777777,-2.091010101010101,20.27237058338487,18.84517256235827,12.33458876520305,3.4500908070605036,3.3380246913580245,2.248333843485358,12.005695481557225,6.385715714285713E8])
(4.0,[2.208673469387755,9.673469387755103,-1.8403061224489803,20.854929150010523,19.014057942352192,13.406609183673472,3.52704081632653,3.297151187005415,2.223379841732611,11.534439407440228,6.9250475E8])
(4.0,[0.40785714285714275,10.003571428571435,-1.4045918367346935,20.891934536082474,15.048297422680415,14.76755086261308,3.565495626822156,2.90161807580175,2.7232403165347763,11.584855189508355,8.425065E8])
(4.0,[0.49214285714285694,10.035918367346943,-2.436122448979591,24.63597371134022,18.03260584893751,14.442933263202187,3.519577259475218,3.294814660558101,2.3514868804664717,11.87494774036983,1.0600076666666667E9])
(4.0,[-1.4772000000000003,7.925999999999999,0.3995999999999999,13.865620999999999,19.134741666666667,20.162337333333337,2.6170880000000003,3.2903999999999995,3.10752,9.835241923773815,0.0])
(4.0,[7.519797979797982,7.642424242424245,-1.8531313131313136,14.914589754689755,25.592481818181824,8.754954380540095,3.1074890317314567,4.003654729109275,1.9816732986429957,12.0969344174137,1.12001025E9])
(4.0,[7.15826530612245,6.992448979591839,-1.8530612244897962,17.026278403113817,24.843919713864913,8.230648264254157,3.1950354019158693,3.719279466888798,1.8189004581424408,11.565090649750559,1.3849945E9])
(4.0,[7.849898989898992,6.691818181818182,-1.4739393939393934,19.16184182642754,27.927459925788494,10.707215955473098,3.506160595857565,3.984242424242425,1.9795775941230496,11.917221010847603,1.2933043333333333E9])
(4.0,[7.804545454545453,6.69020202020202,-1.3208080808080804,15.347384230055653,30.243314244485674,9.449413626056483,3.1954269972451788,4.149707172737474,2.090731558004285,11.771934907063933,8.23993E8])
(4.0,[6.5716666666666645,7.580833333333333,-0.6912499999999997,15.93212561403509,18.60629192982457,9.671354210526315,3.1685763888888894,3.2499826388888886,2.184609375,11.326769102459693,1.0E9])
(4.0,[0.2680612244897958,10.177244897959179,-2.0894897959183676,20.66656630549126,21.279123258994307,11.848192520513361,3.542840483132028,3.4966680549770914,2.2716826322365695,11.86337316468589,5.133311666666667E8])
(4.0,[0.21416666666666664,10.04,-1.4846875000000002,28.883632982456138,22.033755789473695,12.789909374999999,4.145694444444447,3.603958333333334,2.606712239583333,11.961019580121635,7.565866666666666E8])
(4.0,[-0.28309999999999974,10.334,-1.9110000000000003,32.700163020202005,19.406294949494953,17.28562525252526,4.514685999999999,3.4446399999999997,2.8121999999999985,12.510840794200288,6.099984285714285E8])
(4.0,[0.892929292929293,10.045858585858586,-2.084747474747475,22.242712760255614,19.89584491857349,13.056763966192532,3.570813182328334,3.4279583715947353,2.41053770023467,11.818503197305608,5.540038E8])
(4.0,[0.5669072164948453,9.783814432989688,-2.1444329896907206,33.80844658505156,23.64405925687284,13.26572076890035,4.499143373365927,3.865022850462324,2.24722712296737,11.963500940889142,4.96250125E8])
(4.0,[0.10886597938144309,9.756494845360825,-1.871958762886598,32.85313099226804,22.11397925257732,18.82965966494845,4.29566797746838,3.6125199277287727,2.5859411202040596,12.039951557825349,6.74998E8])
(4.0,[-0.5295959595959594,9.619292929292932,-1.4644444444444438,25.208716161616156,18.714435209235212,10.49233514739229,3.8037608407305377,3.152561983471075,2.2420202020202016,11.37114732908022,6.116638333333334E8])
(5.0,[-3.9781818181818207,8.983030303030304,1.0127209905656565,13.875039517625243,22.90027235621521,17.445453184339684,2.7195224977043155,3.8244199571472297,3.196186014256095,11.023586756059348,7.033335E8])
(5.0,[-1.0905050505050506,9.445252525252522,1.3683634494141415,20.85171300762729,28.298092537621127,36.92519364533024,3.3649239873482295,4.553714927048262,4.840761372261606,12.14289013731996,5.619872E8])
(5.0,[-1.9905154639175255,8.879690721649482,1.2711856382886593,16.228713273195876,29.49866969501718,17.206260220068415,2.900986289722605,4.429765118503561,3.174376293405463,10.889084485751154,6.033325E8])
(5.0,[-1.4885714285714287,9.404081632653059,1.3428550902040814,5.878612371134023,23.863655333473602,13.014099521299022,1.7988629737609327,4.028542274052478,2.806058243490213,10.52124513930008,4.430145E8])
(5.0,[-1.259090909090909,9.064646464646465,0.8617965167070707,10.184743042671611,26.338863904349626,15.182454179100318,2.2724150596877872,4.213727170696868,2.875406727169473,10.375643424068755,4.622226666666667E8])
(5.0,[-1.6343434343434342,9.397878787878785,0.9246702542424242,7.610910533910531,25.66942096474954,17.180742158709872,1.96791755943271,4.222087542087543,3.1909218614141412,10.778738602846492,5.06248375E8])
(5.0,[-0.9346464646464645,9.45959595959596,0.837720181858586,6.756155741084313,21.366891671820245,13.108881093575201,1.8337700234669931,3.8953412917049275,2.937673167955515,10.509274730865778,1.3666586666666667E9])
(5.0,[-0.8257575757575759,9.544343434343434,0.6784033764646465,11.546465491651203,23.96113298289013,17.422219742995956,2.3430486685032155,3.968207325783083,3.114716849570453,10.81150165532384,5.18756875E8])
(5.0,[-0.35101010101010116,9.054040404040402,0.48592998040404045,12.525121418264277,32.23160799835086,26.122813510010353,2.5389205183144576,4.744042444648503,4.044349707948167,10.865638918237078,4.6875E8])
(5.0,[-5.527171717171718,8.020505050505053,1.0900405585656565,19.99088579674294,24.50708647701505,21.197346842013662,3.54606672788491,4.084026119783695,3.4818228127893067,11.136796465119474,9.001695E8])
(5.0,[-5.7262886597938145,7.819896907216494,1.0828878764948455,28.517606915807562,27.035171864261173,15.762449884300956,4.078913805930491,4.246899776809438,3.105239553890956,11.188472208969491,8.8999175E8])
(5.0,[-6.801724137931037,7.055,1.420743194724138,30.137193466424673,26.915249999999993,22.83507971846907,4.614256837098691,4.074137931034484,3.777176697651604,11.926908104673462,7.099E8])
(5.0,[-5.733939393939391,7.635353535353534,1.157729586666667,27.670234322820033,25.664059822716958,16.125331894485374,4.068692990511171,4.147240077543111,3.1731283236363637,11.059390606833764,6.499836666666666E8])
(5.0,[3.5260204081632645,9.272142857142862,0.6394614168367349,12.542277814012198,23.25642731958763,13.75106977820896,2.7891628488129947,4.000932944606415,2.9707078835172847,11.117919516568719,6.283163333333334E8])
(5.0,[-1.3931313131313123,9.197272727272727,1.0336330609696962,11.500309482580914,29.747036363636354,20.924885148505574,2.394855626976838,4.418181818181821,3.4008983914808697,10.804197317513708,5.5750275E8])
(5.0,[-2.2580412371134018,9.071443298969074,1.180055707175258,8.91860966494845,26.04197497852235,15.427500515060714,2.3445828462110754,4.177423743224573,3.14985415254926,10.577179179507644,5.7625575E8])
(5.0,[-1.4683673469387757,9.18561224489796,1.1031091840408165,10.167665348201135,24.908400136755727,22.58659937570993,2.37847563515202,4.049793835901707,3.8010329058417334,10.860228624814416,6.085684285714285E8])
(4.0,[7.411212121212121,2.9713131313131327,0.46818222929292946,52.29449443413731,37.6775931560503,14.735372647133053,6.4022038567493125,4.989364350576471,2.7824865199938795,10.278485452767983,8.10028E8])
(4.0,[-6.540204081632652,-0.8356122448979596,0.3833155069387757,51.34098758678733,37.274602198611404,11.499634011336111,6.16164098292378,4.32216784673053,2.396625279358601,9.528294895571058,6.99738E8])
(5.0,[0.5633333333333335,9.169797979797977,3.740505205454545,3.6525653061224483,9.315869346526485,4.06758317594322,1.5927946127946129,2.40865625956535,1.6079764839302109,10.292538755557034,5.625E8])
(5.0,[0.4657731958762887,9.452577319587627,3.1214466973814416,4.163449656357389,10.978817246563578,4.691924167371826,1.6580210436815814,2.640189180571794,1.6460369137158037,10.369610049280933,6.24954E8])
(5.0,[0.38818181818181813,9.214545454545451,3.5884801007070712,2.986278293135437,10.62783525046382,4.068290181200713,1.4463360881542695,2.5091276400367306,1.6377881084195491,10.199221299048238,1.149933E9])
(5.0,[0.4316161616161617,9.15727272727273,3.426686872626263,3.925519810348383,14.076440445269016,4.882838681245093,1.5744311804917865,2.914104683195592,1.7365394375594323,10.177689139900771,1.00003E9])
(5.0,[0.6070103092783506,9.326288659793816,3.511100973257733,4.598200343642611,15.47073191580756,4.688778995823162,1.7482771814220428,3.179579126368371,1.6804865779411202,10.427491433018231,0.0])
(5.0,[0.7270999999999997,9.235900000000006,3.546602348739999,4.52184706060606,13.001858777777775,3.904583255440733,1.7486739999999987,2.8888080000000014,1.5280668292600006,10.331078159150929,7.80014E8])
(5.0,[0.26121212121212134,9.077979797979797,3.611455835353535,4.676465862708722,15.661275468975473,5.69746932355719,1.7264279155188247,3.1132721150902958,1.8680179785532083,10.18427341096708,0.0])
(5.0,[0.22704081632653056,9.038061224489796,3.7682498986734685,4.335153008626131,13.09790444982117,4.376100018087875,1.6563452728029993,2.8707205331112027,1.6281846747147024,10.148709313818252,5.52513E8])
(5.0,[1.1234343434343432,9.330303030303027,3.5569744372727268,4.157024819624819,10.594335621521335,3.915434488805424,1.6827242118151207,2.5593327211509034,1.5056342029935723,10.435326073947259,4.500125E8])
