(5.0,[-3.233434343434343,9.616565656565657,1.259999999999999,16.55385543186972,24.008353391053397,23.959742857142874,3.0697194163860835,4.158147127844097,3.8947474747474757,12.137362885578106,8.820068E8])
(5.0,[-8.914747474747479,5.950707070707072,0.9534343434343434,24.057500700886404,24.78948418882705,12.08584318697176,3.9417447199265387,4.205562697683908,2.682205897357413,12.641807705275241,0.0])
(5.0,[-9.02343434343434,5.59919191919192,0.9808080808080804,29.888312574726857,23.9078911770769,13.46738709544423,4.281165187225792,3.9896561575349447,2.780324456688094,12.807083546223426,1.0233256666666667E9])
(5.0,[-9.363333333333332,4.331414141414141,1.0389898989898996,22.683471428571423,20.77162655122655,10.762358152958155,3.6396632996632983,3.6185103560861123,2.4874829099071527,12.19763961404083,0.0])
(5.0,[-7.363131313131315,7.734141414141413,0.6302020202020201,29.953668666254377,16.270165326736752,15.349757101628528,4.2798041016222825,3.1033404754616876,2.835206611570246,12.663368489587343,1.435013E9])
(5.0,[-7.334081632653062,7.784591836734696,0.4111224489795917,26.94906151904062,18.01648900694298,11.922692541552697,4.092115785089547,3.3777301124531456,2.487971678467304,12.468844468665838,2.459961E9])
(5.0,[-7.269494949494948,7.8526262626262655,0.5344444444444446,32.975378313749744,16.82976242011956,10.56956780045351,4.4241975308641965,3.1376226915620857,2.286666666666666,12.632815710609492,8.266703333333334E8])
(5.0,[-7.975576923076924,5.841730769230767,1.9094230769230771,22.50825260180996,17.62131263197586,14.199260444947212,3.6776257396449714,3.3721819526627224,2.783971893491125,11.861037860685627,0.0])
(5.0,[-7.526060606060608,7.047676767676764,1.3534343434343434,34.673577179962905,19.41928332302618,14.548712574726862,4.623079277624732,3.4017079889807165,2.898967452300785,12.70755956473244,9.099833333333334E8])
(5.0,[6.368080808080809,9.08262626262626,0.39515151515151514,30.78302587095445,21.506388950731804,23.104078293135434,4.515318845015817,3.7229609223548623,3.737961432506887,13.433615250921402,1.75E9])
(5.0,[6.896868686868688,8.799292929292928,0.28989898989899,27.914740094825806,22.705539290867865,16.73985611214183,4.301899806142233,3.7776410570349976,3.217853280277522,13.184051309846161,2.929992E9])
(5.0,[7.369999999999997,8.453838383838383,0.43232323232323244,24.362800000000014,20.0407830756545,20.121111894454746,4.036161616161616,3.5691153963881233,3.5160412202836424,13.306296091279817,7.420044E8])
(5.0,[3.4011111111111116,10.6459595959596,-0.04666666666666668,27.953603854875286,20.08465697794269,16.35638979591836,4.30044893378227,3.6705846342209987,3.0571717171717174,13.050242715216225,1.375E9])
(5.0,[1.9389795918367347,11.200918367346944,0.06877551020408167,28.43102575215654,16.373789869556067,18.634006732589942,4.257855060391504,3.2941461890878805,3.144673052894628,13.326125133117866,5.49998E8])
(5.0,[1.8049494949494953,10.724040404040402,0.21696969696969706,27.644355864770148,23.783248814677396,15.69492337662338,4.52216712580349,4.02751555963677,3.11346189164371,12.851653775687533,3.549988E8])
(4.0,[-8.399797979797984,5.840404040404041,0.8195959595959594,35.93215301999589,22.69897330447332,15.14097534528963,4.661440669319457,3.750209162330373,2.9886501377410464,12.37261410975292,0.0])
(4.0,[-8.358061224489795,5.528163265306123,0.7040816326530618,35.006417851883015,20.85031617925521,13.945700694298337,4.598713036234901,3.7161599333611,2.8592669720949604,12.018784986642501,1.050079E9])
(4.0,[-7.880199999999999,5.916499999999999,0.9975000000000003,44.816468646464656,20.40452601010102,12.271358333333332,5.171196,3.474500000000001,2.6612999999999998,12.169646388179139,5.49957E8])
(4.0,[-7.381111111111111,5.307373737373739,0.8260606060606057,66.5807814058957,26.307121603793032,12.512099628942487,6.667497194163858,4.236635037241098,2.9216773798591977,12.446803568768068,7.20001E8])
(4.0,[-7.307575757575756,5.903232323232324,0.5754545454545451,53.58637569573282,26.042750669964946,12.25828627087198,5.827493112947658,4.368517498214466,2.7076951331496777,12.063562436083695,0.0])
(4.0,[-8.059999999999999,4.645641025641024,0.922307692307692,51.11140526315789,21.443572604588393,9.806507692307692,5.688717948717948,3.6142800788954634,2.3913609467455625,11.872023210594712,3.50006E8])
(4.0,[-5.334040404040403,6.443434343434345,0.4831313131313131,66.90860187590185,46.492700329828864,30.640287033601318,6.753855729007242,5.812092643607795,4.289186817671668,12.812268809615494,7.666623333333334E8])
(4.0,[-5.6955102040816294,7.014285714285712,0.4653061224489796,77.34531984010103,44.180880412371124,24.42207877130232,7.261815910037483,5.450991253644315,3.869941690962099,13.29823991088552,3.809967E8])
(4.0,[-6.224747474747474,6.790505050505052,0.43787878787878787,64.30298845598847,35.554178313749745,18.487808719851586,6.416330986634019,4.864348535863688,3.2395775941230487,12.757618851970875,6.333416666666666E8])
(4.0,[-8.337400000000002,5.144999999999998,1.4754,30.566076775510208,23.99266632653061,16.8735886122449,4.301208,3.6461999999999994,2.9914319999999996,11.812693536526112,0.0])
(4.0,[-6.375151515151518,5.677878787878786,1.1409090909090909,63.22830278293134,32.563286270871984,18.417522634508348,6.393070094888273,4.5132108968472595,3.3274380165289257,12.171447954521065,7.566526666666666E8])
(4.0,[-7.932121212121214,0.5057575757575756,0.6501010101010103,65.2118372912802,21.438183858998144,20.09565407132551,6.614178145087237,3.79779614325069,3.483342516069789,11.773350392865687,0.0])
(4.0,[-8.009387755102045,0.48295918367346924,0.5990816326530609,54.029715085209325,21.69183754470862,23.190810488112763,5.947817576009996,3.707176176593086,3.698673469387754,11.535178961472619,0.0])
(4.0,[-8.55909090909091,0.06616161616161627,0.9170707070707069,55.09782875695732,22.20277287157287,18.71194745413316,6.190211202938476,3.723940414243445,3.323993470054076,11.900230831096016,0.0])
(4.0,[-7.688686868686868,-0.9694949494949496,0.8449494949494951,60.70189723768296,30.92631300762729,17.93404157905586,6.421124375063771,4.313702683399653,3.4981246811549838,11.896551733948922,1.600006E9])
(4.0,[-7.695151515151518,-0.9284848484848484,0.8403030303030301,60.67627217068645,30.481286456400735,17.955658070500927,6.4145944291398855,4.278077747168656,3.5021610039791855,11.872123554027105,1.600006E9])
(4.0,[-5.985454545454544,6.974646464646463,0.17898989898989895,56.155008719851544,36.91649859822718,24.99446223459081,5.848760330578514,5.202593612896641,3.7961085603509845,12.774619052188013,1.14249425E9])
(4.0,[-6.204387755102041,6.744999999999997,0.4784693877551017,58.16529085840523,41.76610979381444,17.918000725857354,6.368967097042897,5.357244897959183,3.3336984589754266,12.601355554136179,8.7749475E8])
(4.0,[-6.903913043478261,6.181739130434782,1.6500000000000004,18.556206719367584,21.46002411067193,19.670763636363635,3.377996219281663,3.950812854442343,3.295652173913043,11.69226898308088,5.0003E7])
(4.0,[-6.847272727272729,7.008888888888888,0.7748484848484845,46.84702411873842,32.11348752834466,16.73673543599258,5.524921946740129,4.790976430976432,3.2539822467095183,12.540160661081117,9.19993E8])
(5.0,[5.392525252525253,7.245454545454546,2.6420202020202015,16.467035394763965,31.672135250463835,15.529448938363227,3.0569472502805835,4.572433425160697,3.162969084787266,10.71844666460018,9.519652E8])
(5.0,[4.953673469387752,7.6906122448979595,1.974897959183673,12.777256469598141,29.90212333263203,13.876478855459707,2.8486463973344454,4.300928779675139,3.0271470220741348,10.64406598883211,5.299988333333333E8])
(5.0,[4.9219,7.5645,2.5993999999999993,14.563441808080807,32.67411792929293,14.918252161616161,3.141614000000001,4.667859999999998,3.1923519999999996,10.795967448816661,7.79991E8])
(5.0,[-3.9479591836734698,7.813265306122449,2.5802040816326532,17.935583420997265,31.639696444350943,15.376016452766672,3.4377509371095374,4.651157850895462,3.2467388588088304,10.733726025308602,8.681336E8])
(5.0,[0.3376000000000002,8.925300000000007,2.9253999999999993,12.05206488888889,25.75932819191919,17.03630993939394,2.6420639999999995,4.080488,3.4229079999999996,10.874175687876411,4.667153333333333E8])
(5.0,[1.6231313131313134,8.393737373737379,2.1201010101010103,11.193864584621727,35.294021603793034,16.894464275407138,2.514312825221917,4.974380165289257,3.3679930619324563,10.409698531415449,5.937601666666666E8])
(5.0,[0.5276767676767676,8.738888888888889,2.2811111111111115,7.245573118944545,29.888040589569147,16.971075283446712,2.0324007754310784,4.475802469135802,3.254478114478114,10.352296789638283,7.683461666666666E8])
(5.0,[-6.253100000000001,7.155900000000002,2.8624,25.620231707070705,25.95710322222222,17.181941656565645,4.0306099999999985,4.127572000000001,3.460840000000001,11.511995717369322,5.3501875E8])
(5.0,[-5.8523469387755105,7.128469387755103,3.1981632653061216,21.719764538186407,22.046231653692406,16.18423989059541,3.645695543523532,3.7812015826738854,3.151074552269888,11.145958776567198,7.400665E8])
(5.0,[-5.025612244897961,7.319591836734697,1.7141836734693876,24.393478487271196,22.47250911003577,18.303170976225545,3.8770907955018754,3.789770928779675,3.42158267388588,10.939933497082967,1.4850465E9])
(5.0,[-6.297900000000001,7.402000000000001,2.360900000000001,30.18811372727272,22.67445454545454,19.83493958585859,4.491479999999998,3.714640000000001,3.6517899999999996,11.76342196054446,7.033693333333334E8])
(5.0,[-5.381717171717172,7.169999999999998,2.2088888888888896,20.766618449804163,23.432689795918375,20.404848752834457,3.5437608407305397,3.9078787878787877,3.6982940516273857,10.875985536537245,8.214926666666666E8])
(5.0,[-2.6782828282828306,8.243232323232323,2.1131313131313134,13.725451102865387,29.23892822098537,15.420923768295202,2.784326089174573,4.348778696051423,3.0737700234669934,10.356142379837694,7.083435E8])
(5.0,[-4.399595959595959,8.208787878787883,2.673838383838384,16.259730447330455,26.88178831168832,17.425264708307566,3.1528354249566366,4.15102540557086,3.1552208958269565,11.043003242476248,7.840016666666666E8])
(5.0,[-3.8902020202020187,8.256464646464648,2.149494949494949,20.49188159142445,32.06248839414553,15.745419130076273,3.590139781654934,4.544034282216102,3.202660952963982,10.901670431341255,3.909674444444444E8])
(5.0,[-4.375050505050504,8.229797979797983,1.8101010101010102,15.846690558647705,23.73353669346527,21.619370397856102,3.14611774308744,4.080608101214162,3.8916335067850225,11.118739253571272,0.0])
(5.0,[-4.127700000000001,8.563499999999998,1.8637999999999992,6.678712838383835,11.66428156565656,6.398870262626262,2.026838000000001,2.5225400000000002,1.9656080000000002,10.282787953003172,9.400635E8])
(5.0,[-3.868282828282828,8.29666666666667,1.8031313131313134,11.146020490620488,24.218436734693874,11.690891115233972,2.6233853688399136,3.9013468013468025,2.7557636975818802,10.427790406284913,7.133128333333334E8])
(4.0,[-6.0431313131313145,7.06929292929293,2.0018181818181815,19.371411523397242,35.23366786229641,15.456100742115025,3.491168248137946,4.793051729415366,3.0923048668503226,11.146669609404569,1.105011E9])
(4.0,[-6.977299999999999,6.6877999999999975,2.2027000000000005,26.166563343434348,31.76013854545455,16.141943141414135,4.156668,4.623867999999998,3.26637,11.337045778382132,1.266673E9])
(4.0,[-7.488888888888888,6.555757575757574,1.845656565656565,38.56674467120182,40.61188589981447,19.01465951350237,5.05418630751964,5.03952861952862,3.496069788797061,11.897257108784872,5.140076E8])
(4.0,[-7.697979797979801,5.922020202020203,1.8147474747474752,44.30683873428158,35.447512203669355,16.224239476396622,5.797592082440566,4.887013570043872,3.3295173961840625,11.529387463820694,6.80023E8])
(4.0,[-7.813030303030304,5.348585858585859,1.6103030303030306,39.09835807050094,26.76656736755308,17.605370315398883,5.14205081114172,4.13511070298949,3.3506703397612476,11.308052915919717,9.832305E8])
(4.0,[-8.657272727272726,4.399494949494952,2.2600000000000007,40.72137513914659,21.839288517831378,19.475846938775504,5.4019283746556495,3.669307213549639,3.732121212121213,11.69840409938479,1.300507E9])
(4.0,[1.0825000000000002,8.524899999999999,1.7572999999999999,10.963574494949494,43.589205040404046,17.530571424242424,2.20365,5.581193999999999,3.1294299999999997,10.379268806637155,3.466092307692308E8])
(4.0,[2.4426262626262623,7.297171717171716,1.6503030303030297,24.223888950731805,45.561753143681706,14.850813172541741,3.7912111009080687,5.522628303234366,3.123758800122437,10.286020911679918,3.950005E8])
(4.0,[5.483636363636363,6.39080808080808,1.0021212121212117,38.114545825602974,46.68685648319934,16.475300556586276,5.146813590449952,5.668962350780532,3.1546801346801345,10.708968848228935,4.6667057142857146E8])
(4.0,[5.622727272727273,6.610606060606062,1.2115151515151514,29.426793506493507,33.579352690167,11.10240074211503,4.437410468319561,4.708692990511172,2.738653198653199,10.412718742564698,2.900146E8])
(4.0,[5.914700000000002,7.597799999999997,1.2914,35.4706372828283,43.36170622222221,14.452559636363638,4.92924,5.583868000000001,2.9971119999999996,11.64266806945342,6.929364285714287E8])
(4.0,[4.814747474747473,7.4490909090909065,1.256060606060606,29.72950886415171,52.354606307977726,7.856073098330239,4.297779818385879,6.304683195592285,2.2744046525864707,10.880057454175239,4.35035625E8])
(4.0,[-4.923673469387757,7.91428571428571,1.6681632653061225,21.582978119082675,49.034548453608245,21.3320687565748,3.7244023323615147,5.813906705539354,3.509791753436069,11.357584055626742,2.5668333333333334E8])
(4.0,[-4.124693877551021,7.384387755102041,2.4495918367346943,22.658804544498196,49.78522075531242,13.881039006942984,3.949733444398166,6.021545189504375,3.028937942523948,10.602956079957222,3.4545627272727275E8])
(4.0,[-5.4716161616161605,7.880909090909092,1.489090909090908,26.97139940218511,45.155696103896105,17.424055287569576,4.102565044383224,5.68277318640955,3.405454545454544,11.530731436253143,5.77205625E8])
(4.0,[-5.584040404040405,7.664747474747474,0.9356565656565657,17.032793712636572,38.97037621109051,12.56598196248196,3.25709213345577,5.3082297724722,2.9357800224466892,11.11065680017623,1.0625075E9])
(4.0,[-5.666200000000002,8.087100000000005,1.6828999999999996,27.854064202020204,46.7440511010101,15.396612717171715,4.188144000000001,5.680525999999997,3.213306,11.81442936068251,4.459838E8])
(4.0,[-4.324646464646464,7.933232323232325,2.2503030303030296,27.96315778190064,53.95044046588334,15.419719294990722,4.2242036526885,6.376657483930212,3.0544597490052023,11.239588651803755,3.176926923076923E8])
(4.0,[3.4200000000000013,6.936400000000001,1.0515000000000005,31.196369696969686,56.16197276767675,27.16284116161617,4.444400000000001,6.423328000000002,3.8148300000000015,10.991964971561297,4.211155555555556E8])
(4.0,[3.2546999999999993,7.582299999999998,0.5086000000000003,24.14674031313131,48.98918556565658,13.570480848484845,3.722628,5.850253999999998,2.7146360000000005,10.586898662975148,5.133361111111111E8])
(4.0,[0.7306060606060608,8.737171717171718,1.3364646464646464,8.861477179962893,42.673028653885794,10.85665574108431,2.1461401897765544,5.663550658096114,2.547574737271707,10.290025312972508,5.0223788888888896E8])
(4.0,[4.267099999999999,7.5595000000000026,1.1303999999999992,26.144453121212113,45.339750252525256,12.146565494949503,4.133267999999999,5.538649999999999,2.7898559999999994,10.666118592979549,2.9999890909090906E8])
(4.0,[2.6069387755102045,8.468775510204084,1.40234693877551,16.487285377656214,53.50026034083737,12.271032579423522,3.2392961266139118,6.230154102457309,2.745887130362349,10.768177314691599,2.739929333333333E8])
(5.0,[-4.318484848484849,9.04373737373737,-1.8491919191919197,14.602802782931356,17.87716037930323,10.229191177076897,3.0042363024181205,3.158926640138761,2.7389817365574944,11.43720410696354,9.50012E8])
(5.0,[-4.083473684210527,9.355473684210523,-1.9624210526315795,14.621616528555432,13.966714400895851,11.9226206718925,2.98470027700831,2.704288088642659,2.7194991689750694,11.604330751423753,8.9003E8])
(5.0,[-4.456060606060604,9.029292929292934,-2.0081818181818183,18.0237935064935,19.584341331684197,12.19848441558441,3.397875726966636,3.4719559228650154,2.6369513314967854,11.755473229572674,9.33309E8])
(5.0,[-1.0116393442622953,8.92393442622951,2.1909836065573773,15.331487267759561,10.666940928961743,19.94109901639344,2.725331900026875,2.6615049717817794,3.853394248857834,11.016493062817434,7.60025E8])
(5.0,[-2.2585714285714285,9.020510204081633,0.5098979591836736,16.440958762886606,13.022549221544294,20.61007318535662,2.9803206997084546,2.881786755518533,3.8333569346105776,11.131952428142643,1.099945E9])
(5.0,[-1.488282828282828,9.66595959595959,-1.9976767676767677,20.27601640898784,15.720763100391672,16.586028220985362,3.580926436077951,2.755480053055811,3.0882338536884,11.680887341773698,0.0])
(5.0,[-1.3625773195876294,10.141443298969069,-1.7927835051546392,17.79770474656358,17.612422895189006,23.39505362972508,3.3739972366882784,3.1520034009990434,3.7709916037836115,12.202863672048043,4.5249925E8])
(5.0,[-1.0242222222222221,9.685555555555558,-1.278222222222222,27.305374949494944,13.99823888888889,16.69382404040404,3.6960592592592594,2.597925925925926,2.9095012345679008,11.741765062743431,0.0])
(4.0,[-3.424536082474226,9.429793814432985,-1.5523711340206188,14.152068792955324,14.212937457044672,8.047951610824736,3.010056329046658,2.7892804761398664,2.1844850674885747,11.062740559714785,0.0])
(4.0,[-1.346868686868687,9.515353535353531,-2.0578787878787876,5.409062543805401,16.06231084312513,6.48678218923933,1.8441730435669836,2.8991021324354658,1.9502724211815121,10.48693560207286,7.4999E8])
(4.0,[-1.1023958333333332,10.043541666666664,-1.6139583333333332,4.873574199561404,10.640162061403508,6.689335745614037,1.6779123263888882,2.2642404513888894,1.883489583333333,10.808540526641956,1.3193256666666667E9])
(4.0,[-1.6452040816326532,9.702040816326535,-1.765204081632653,4.461654081632653,11.420492699347783,5.974699442457395,1.6365347771761771,2.316568096626406,1.8375885047896712,10.54502074679129,5.49987E8])
(4.0,[-2.33173469387755,9.925,-1.951530612244897,6.0966619082684606,13.548025257731963,6.433499694929519,2.016561849229487,2.793775510204082,1.9729425239483542,11.003985259442418,5.950013333333334E8])
(4.0,[-1.843939393939394,9.932222222222226,-1.4717171717171718,6.532277179962897,12.067335827664396,5.680489878375591,1.9207468625650437,2.4230078563411883,1.9023875114784203,10.86270998894567,0.0])
(4.0,[-3.3353535353535353,8.291414141414142,0.9188888888888889,7.791486353329212,14.867587775716347,17.73590385487529,2.1748086929905117,2.8763207835935107,3.353827160493827,10.596613385019934,5.0003E7])
(4.0,[-2.9019444444444447,1.8841666666666663,8.180555555555557,2.799638968253969,2.471996428571429,2.030005396825398,1.0687345679012348,1.2969444444444442,1.1089197530864197,9.221603409762125,0.0])
(5.0,[0.8984375000000003,8.817604166666664,2.9489471752083336,9.264240690789473,20.026393146929827,8.515090763884274,2.1153906249999994,3.6822547743055565,2.214063206111112,10.003345910242599,1.00752275E9])
(5.0,[0.9926250000000001,8.962250000000003,2.21960590975,9.160356313291134,18.40896702531646,8.036946596047464,2.2680718749999995,3.4748062500000008,2.0312024447000008,10.002782151916687,7.9501325E8])
(5.0,[1.260416666666666,8.963020833333339,2.7656399907083338,5.688115614035087,13.981196041666664,6.513932583230205,1.8891319444444445,2.823587239583335,1.887813307743056,9.998997439882595,6.7749775E8])
(5.0,[1.4207216494845356,8.94886597938144,2.477499095360824,8.227000515463923,16.44373515893471,5.421737333705572,2.119625890105218,3.0883813370177484,1.6429014058879796,9.948245803489977,5.949961666666666E8])
(5.0,[1.2409090909090914,9.265656565656563,2.340360980969696,8.528347124304267,16.766143186971757,6.252620483798952,2.2132598714416885,3.281840628507295,1.9011759842081428,10.303233756676192,1.2833353333333335E9])
(5.0,[1.0729292929292926,9.444040404040408,1.8891009588282828,6.022520923520924,14.88650391671822,6.0771940248584215,1.922889501071319,3.0560861136618716,1.8241176911425365,10.318617093540798,9.666646666666666E8])
(5.0,[1.1433333333333329,8.97364583333333,2.775145833187499,8.097792982456143,15.769547620614032,5.025453641734544,2.2536805555555537,3.2201627604166663,1.6159974869270823,9.997538829898604,3.160064E9])
(5.0,[0.9905102040816326,9.279183673469385,2.4259506982653054,8.364899737008201,16.200469429833788,5.70378995199834,2.378286130778842,3.199287796751353,1.6833495934298204,10.269304155751934,8.74985E8])
(5.0,[0.9542424242424241,9.20656565656566,2.027918433272727,6.084924675324676,16.917096248196245,5.109199161834036,1.8894765840220389,3.142377308437914,1.6317207024132228,10.021176352940168,1.25E9])
(5.0,[0.9301041666666667,8.956666666666667,2.2572888606249992,14.31853788377192,24.342679298245613,11.199821872837155,2.8759396701388886,4.048263888888887,2.5142251287109367,10.302888271166811,1.425003E9])
(5.0,[0.8891919191919191,9.138383838383835,2.0153987207070703,10.631831993403424,18.867946340960625,9.961013871090113,2.5911192735435167,3.446852362003876,2.3590008697173763,10.291087711621149,4.50104E8])
(5.0,[1.1723469387755108,9.193571428571433,2.2119166673061232,12.411545981485375,22.606344845360827,8.887524728465651,2.618973344439817,3.7892565597667662,2.074819717819244,10.441625982629859,9.833476666666666E8])
(5.0,[0.6203061224489795,9.371734693877551,1.936313101530612,10.507666915632234,20.451350568062285,7.706730930840368,2.3650124947938362,3.691805497709288,1.8933134313723436,10.337044695180044,1.4166666666666665E9])
(5.0,[-1.641020408163265,9.366632653061224,1.8871130644285714,9.300151525352407,16.481624626551653,7.024802533241337,2.3170012494793832,3.11472719700125,1.894022518244898,10.341078871290884,1.62999E9])
(5.0,[-1.2372164948453603,9.312680412371133,2.118034284639175,7.916628629725085,13.580882323883158,7.732037113014457,2.1620788606653205,2.9225167392921665,2.0059215596939106,10.252001514819858,1.223338E9])
(5.0,[-1.2795918367346935,9.060816326530617,2.1395064622448974,9.15677508941721,13.672576646328633,6.319611175926631,2.484414827155352,2.8817659308621417,1.863088865014577,10.024176213154087,6.57486E8])
(5.0,[-0.8075510204081635,9.009183673469387,2.5843914814285727,8.539132084998947,18.104100357668838,6.843374622687747,2.2574010828821316,3.395139525197835,1.9942520630029157,9.977350170397628,2.429992E9])
(5.0,[-1.1953124999999998,9.239375,2.16620280875,7.949903059210525,18.90974907894737,8.94873975020517,2.2706575520833328,3.4376562500000003,2.1458668572916673,10.25064148642528,2.390045E9])
(5.0,[-0.6977319587628866,9.530000000000001,2.4220348453608254,7.468692719072165,20.482347916666665,6.282126052049539,2.028064618981824,3.7663917525773205,1.9602936220002123,10.424991841239377,2.1250305E9])
(4.0,[1.1839175257731962,9.553402061855667,1.8825567436288653,4.955907409793815,17.45389976374571,5.932023694087429,1.622344563715591,3.4345010096715907,1.742619951120841,10.344056643260634,5.812645000000001E8])
(4.0,[0.9776767676767676,9.89232323232323,1.4174792192525247,4.067144547515974,11.007840465883321,3.989908405572425,1.5094929088868483,2.652574227119681,1.4820511480787681,10.414155273841741,1.0249785E9])
(4.0,[0.672142857142857,9.829183673469391,1.5928857775510197,3.802014948453608,9.99805912055544,4.953026762799774,1.4732215743440238,2.5090670553935865,1.569616018075801,10.37788482356514,1.460022E9])
(4.0,[1.4485858585858589,9.447272727272727,1.686584273494949,4.4188020614306325,9.848779220779221,4.689351644780821,1.6198122640546884,2.568852157943068,1.5991380511857973,10.178314118935539,6.839844E8])
(4.0,[1.3397979797979798,9.723030303030304,1.55822281630303,3.6339407750979174,13.6954172541744,4.795389434357113,1.410870319355168,3.0259320477502283,1.6334606107389043,10.290436712619565,5.498453333333334E8])
(4.0,[1.0595959595959592,9.28111111111111,1.949773413090909,4.669787590187589,10.454118140589571,5.064257443774447,1.6448607284970915,2.554725028058361,1.7666262144573,10.070491470423292,1.659607E9])
(4.0,[-0.21489795918367344,9.297857142857142,2.047082683387755,3.879025247212289,12.167008762886605,6.031347587324211,1.5556143273635985,2.846093294460641,1.8780054356776335,10.003675275448188,9.3254075E8])
(4.0,[-0.38244897959183677,9.586224489795917,1.7566079014693876,3.1525423942772974,9.481493845991999,4.338884269337672,1.3383631820074964,2.4878300708038323,1.4838208682782168,10.141906596248107,0.0])
(4.0,[-0.2869696969696968,9.532626262626268,1.6417334295959596,3.3283764378478677,11.158078746650176,4.343588929443263,1.4052035506580962,2.6132741556984,1.5751686811345784,10.056930542053363,5.875015E8])
(4.0,[-0.16453608247422688,9.574123711340212,2.027606404948453,4.594406292955327,13.125074484536084,5.2329390872033565,1.7254075884791162,2.96861728132639,1.693798595918801,10.244684765052488,1.063324E9])
(4.0,[-0.3696875,9.646145833333337,1.6101804695416666,4.87267884868421,10.35596077850877,5.307954765038252,1.714049479166667,2.5647829861111107,1.7378623580807293,10.291247658075399,1.480026E9])
(4.0,[-0.2846464646464647,9.511717171717171,1.6509512215757582,4.59555165945166,9.987806204906207,5.321473843752678,1.6233445566778906,2.4943638404244464,1.7653421244150598,10.142630117921907,1.480026E9])
(4.0,[-0.22906250000000006,9.43614583333333,2.1900383980416676,5.373646480263158,10.08438814692982,6.7546259445880015,1.857890625,2.598821614583333,1.8867846514279514,10.274720422235822,6.1999E8])
(4.0,[-0.7419565217391304,9.403043478260868,1.8929322302173914,3.6850027536231886,9.404946086956523,7.8618922466844765,1.410217391304348,2.300869565217391,2.087080113761815,10.234645108066113,0.0])
(4.0,[-0.5223232323232322,9.385757575757575,1.9845809639595955,4.523207812822097,9.309312430426719,6.907197246755721,1.612400775431078,2.4165534129170494,1.9248840645950416,10.196283086383433,0.0])
(5.0,[1.6044444444444443,9.586363636363638,0.3376195278181818,4.057320861678004,14.050931539888682,3.6402791586879983,1.5879012345679009,2.976528925619834,1.45882387374472,10.08013324845401,1.899963E9])
(5.0,[1.4891836734693882,9.508367346938773,-0.11771871853061225,5.341545718493582,10.664413801809383,2.8900087455456585,1.5993211162015826,2.3492836318200756,1.2037925419433575,9.97483672385392,0.0])
(5.0,[1.8373737373737373,9.758888888888883,-0.17403777769696965,6.390527726242015,10.144114058956921,5.003587474432044,1.8857687991021324,2.354096520763189,1.5563272643611874,10.422857817620459,1.300049E9])
(5.0,[2.6478571428571422,9.598571428571429,-0.1353695775306122,6.157522164948454,15.845690721649486,4.192478803358241,1.890860058309038,3.2970262390670553,1.4846859681811746,10.376854135497712,1.60004E8])
(5.0,[2.887979797979798,9.364444444444448,-0.08791315658585866,10.06604077509792,17.257520861678003,4.218253304028606,2.3046219773492487,3.3094051627384973,1.4329256185952457,10.277908838378448,1.3249965E9])
(5.0,[2.678080808080808,9.411717171717171,0.16495754670707077,8.5704687280973,20.98494498041641,5.756040741726331,2.2856606468727687,3.7771288644015915,1.6268901535700442,10.361778858240601,1.3099365E9])
(5.0,[3.550102040816328,9.0934693877551,-0.18290181840816325,10.394475247212288,20.319550725857354,4.760412163630701,2.460108288213245,3.685251978342358,1.6293589139575184,10.370662190102315,1.76001E9])
(4.0,[1.3239795918367347,9.978877551020409,0.005698300877551062,5.499883999579212,11.429300788975377,5.880112408659647,1.8650791336942938,2.4758142440649733,1.7381061248654723,10.58299052231158,1.25E9])
(4.0,[1.6193939393939396,9.84222222222222,0.37008824430303033,5.483169016697586,19.222737868480728,8.555964606416953,1.9046036118763396,3.512502805836139,2.112608928268135,10.579247587767675,5.0125125E8])
(4.0,[2.0725510204081643,9.686938775510201,-0.44502400551020416,6.560235693246374,12.817068882810853,3.6463717952051278,1.9914910453977508,2.645447730112453,1.4296543196917955,10.346805343592441,6.159912E8])
(4.0,[3.382828282828282,9.143131313131317,-0.1379920098989899,7.258444980416413,16.690162543805393,3.362994135041314,2.2163881236608507,3.297267625752474,1.3913071958759309,10.134516926436287,9.0251925E8])
(4.0,[3.887575757575757,9.134444444444439,-0.2252172610707071,7.42784508348794,16.58958616780045,2.0854913341474,2.259632690541783,3.277239057239056,1.0831574228074683,10.241145164676556,1.0500183333333333E9])
(4.0,[4.061326530612246,9.294387755102042,-0.3660816057959183,12.238962139701243,17.52637745634336,4.107966637684793,2.6646584756351515,3.2621324448146605,1.4969108164906293,10.70232711493248,7.5000775E8])
(4.0,[2.21561224489796,9.69367346938776,1.0586345817346943,12.351416631601097,19.09582760361875,8.285744792177736,2.698788004997918,3.578558933777594,2.1396170739171185,10.897157958791801,8.166806666666667E8])
(5.0,[7.068787878787882,7.124141414141414,-0.6730303030303031,20.325300556586274,14.785065326736754,6.699139703153988,3.7255218855218866,3.091839608203245,1.556124885215794,11.05254178002857,4.40033E8])
(5.0,[7.0817000000000005,6.6556,-0.8675000000000004,21.679949606060617,20.304051151515143,4.919136111111109,3.6220059999999994,3.6159199999999996,1.56395,10.664884240289757,1.664917E9])
(5.0,[7.044848484848481,6.559090909090907,-0.5684848484848483,22.801645640074216,21.300881818181814,6.930261966604826,3.8864034282216107,3.78811753902663,1.8073523109886744,10.829952192933003,0.0])
(5.0,[9.341010101010102,3.361414141414143,-0.8547474747474749,25.201345908060198,16.717818387961245,7.272717027417022,4.046495255586165,3.3133476175900425,1.9242097745128046,11.181171231695133,0.0])
(5.0,[9.285408163265306,3.4984693877551014,-0.9952040816326527,22.52764776982958,14.343901756785193,7.56056542183884,3.705049979175343,2.965957934194086,1.8335630987088714,11.107157470097105,8.79853E8])
(5.0,[9.245199999999999,3.3621999999999996,-0.9919000000000002,22.2832736969697,15.954956727272732,7.198904434343435,3.848816,3.210332000000001,1.7538719999999997,11.021542004243727,0.0])
(5.0,[9.283673469387754,1.9732653061224479,-0.5146938775510204,31.24442347990743,17.524315001051963,7.753035472333263,4.6209662640566425,3.38271553519367,2.050733027905039,10.920393224816156,1.269806E9])
(5.0,[10.269700000000002,1.9335000000000004,-1.0556999999999996,22.800140313131312,12.456960353535349,9.31915001010101,3.8422940000000003,2.90439,2.0273600000000007,11.543000020261557,2.380188E9])
(5.0,[10.12948979591837,1.8626530612244894,-1.0739795918367347,26.312011077214386,16.15876608457817,7.243989154218386,4.284550187421907,3.228217409412745,1.8953706788837985,11.509220661768701,0.0])
(5.0,[2.160909090909091,9.164747474747477,-0.6802020202020203,22.92441038961038,25.71298845598846,9.061304040404037,3.7417263544536277,4.313441485562699,2.289678604224059,11.008571539433632,4.144896666666667E8])
(5.0,[5.618899999999998,8.351500000000003,-0.6945000000000002,16.30400988888888,27.47879873737374,9.20989166666667,3.0705899999999997,4.34651,2.2236500000000006,11.174069546555417,1.5299783333333333E9])
(4.0,[6.648686868686868,7.265252525252528,-0.5540404040404042,11.042238054009486,8.6380843743558,8.47731003916718,2.6616508519538824,2.3476237118661363,1.7311131517192122,10.468519196965499,1.4492645E9])
(4.0,[7.072929292929291,6.837979797979797,-0.9008080808080807,11.021933168418883,7.6906571016285294,5.773368728097302,2.552655851443731,2.29230282624222,1.6305295378022653,10.35799566024711,4.90051E8])
(4.0,[7.345899999999998,6.667200000000002,-1.0499999999999998,12.893404232323231,8.213579959595961,8.599850505050505,2.8417719999999984,2.371944,1.9937999999999998,10.616032708698006,0.0])
(4.0,[7.333939393939391,6.872020202020202,-0.9034343434343434,14.193342486085347,9.14164893836322,8.141892166563599,3.079167431894704,2.5125456586062644,1.833280277522702,10.74691116642354,0.0])
(4.0,[7.524000000000001,6.724700000000001,-1.3516,15.26511111111111,8.610804959595955,6.055381252525256,3.1256800000000013,2.2629699999999997,1.676104,10.778325503190981,0.0])
(4.0,[6.4175,7.1736999999999975,-0.7149000000000001,10.987089646464648,9.834936676767681,7.336645444444441,2.657,2.5656999999999996,1.9022180000000002,10.243754155792537,4.38507E8])
(4.0,[8.398383838383838,5.902727272727271,-1.027171717171717,16.4114749123892,8.100609833024118,9.962161306947024,3.2530170390776454,2.294398530762166,1.9848464442403835,10.99949976688163,0.0])
(4.0,[8.282828282828282,5.5496969696969725,-1.1012121212121206,14.507598041640899,7.157349907235622,6.61557810760668,2.9431200897867575,2.1067217630854005,1.7688705234159783,10.620534466228003,0.0])
(4.0,[8.288800000000002,5.450399999999999,-0.9836,18.77995006060606,7.800084686868691,8.83891822222222,3.457176000000001,2.2778240000000003,2.057944,10.675623769157848,0.0])
(4.0,[8.436262626262627,5.5856565656565635,-0.5966666666666668,19.944450175221615,8.123910533910532,11.021067346938775,3.5926395265789193,2.250149984695439,2.308148148148148,10.821995780000064,4.80011E8])
(4.0,[8.39373737373738,5.585454545454545,-0.9180808080808083,16.557921603793044,7.3661270871985165,7.538450360750357,3.228572594633201,2.1655096418732778,1.8398245077032958,10.720595978249667,0.0])
(4.0,[9.340202020202023,3.843838383838383,-1.2087878787878794,21.404110162853023,6.134795320552462,10.430716883116883,3.7072910927456397,1.929190898887869,2.2423630241812056,10.948927950931736,2.979645E9])
(4.0,[9.29,3.484141414141415,-0.9854545454545457,19.56760408163266,5.182026551226554,8.538555658627084,3.624646464646465,1.7667054382205898,1.9120844811753905,10.675234813440124,0.0])
(4.0,[9.557474747474751,3.470707070707072,-1.1942424242424248,15.971563966192539,5.437314801071942,8.92930018552876,3.0961350882563003,1.7196163656769714,2.1098500153045605,10.908758220256097,0.0])
(4.0,[9.292626262626264,3.221616161616162,-1.0336363636363635,15.90257874665017,3.739527973613686,8.322864192949911,3.09376390164269,1.4917987960412202,1.9957759412304865,10.514244434904564,2.80121E8])
(4.0,[9.3466,3.5831999999999993,-1.2191000000000003,18.563671151515145,5.2862280404040405,9.186533525252525,3.4450640000000003,1.7141919999999995,2.0183360000000006,10.773041410719166,0.0])
(4.0,[-6.022727272727273,8.447676767676764,-1.5484848484848488,12.141550649350652,25.87713434343433,10.766859925788498,2.664499540863178,4.218212427303337,2.27763085399449,11.352979898985502,0.0])
(4.0,[-6.824591836734696,7.734591836734695,-0.742040816326531,12.26000034714917,19.44586838838629,12.04751331790448,2.9413265306122445,3.48021241149521,2.472852977925864,11.29580068305027,4.00024E8])
(4.0,[-7.165773195876289,7.880618556701032,-0.7177319587628868,10.105572573024055,18.835797530068735,12.710248969072163,2.6330258263364876,3.389040280582421,2.4365182272292487,11.544866713128751,0.0])
(4.0,[-6.927857142857144,7.666224489795919,-0.7195918367346941,9.228155154639175,19.551716526404384,16.319762718283197,2.4775655976676374,3.502778009162848,2.597201166180757,11.274077313056054,1.880035E9])
(4.0,[-6.8537373737373715,7.52282828282828,-0.6892929292929293,8.06949915481344,16.523022531436816,11.493996433725004,2.340263238445056,3.214398530762167,2.376773798591981,10.933292114643823,0.0])
(4.0,[-6.651099999999999,7.8828,-0.7725000000000003,8.473110898989901,16.716717333333335,8.374095707070706,2.3920759999999994,3.0642239999999994,2.0374999999999996,10.980517396804165,2.360016E9])
(4.0,[-6.901899999999998,7.011999999999997,0.5863000000000002,9.773878171717175,13.006646464646462,11.201742737373738,2.5500140000000004,2.8254399999999986,2.5535000000000005,10.714775805286708,9.49921E8])
(5.0,[-0.12081632653061215,9.185816326530619,1.5603061224489794,5.702681800967809,17.87841427519461,7.10698031769409,1.826089129529363,3.3915785089546038,2.007671803415243,9.895557241488813,4.833273333333333E8])
(5.0,[-0.4327272727272728,9.461111111111114,1.1439393939393934,13.228146567717992,18.2816201814059,8.371340445269013,2.7183287419651068,3.3872053872053884,2.048423630241813,10.423149989188286,8.0010225E8])
(5.0,[-0.06929292929292932,9.610404040404042,1.711616161616162,12.369600515357652,18.66931207998351,8.171978994021853,2.5480726456484026,3.5111886542189574,1.9659075604530156,10.555336335734596,9.07486E8])
(5.0,[-0.49080808080808114,9.40030303030303,1.7519191919191919,10.519021789321787,19.45954990723562,7.595923830138115,2.346560555045404,3.570853994490358,2.0206876849301105,10.326688266255351,6.667888333333334E8])
(5.0,[-0.5694949494949495,8.832424242424239,1.7301010101010097,12.29108647701505,16.111926716141,5.2623377447948885,2.5130047954290373,3.1267340067340066,1.6849443934292423,9.81599949729881,4.528417142857143E8])
(5.0,[0.9987999999999997,9.032200000000001,1.9296000000000004,7.223172282828283,10.602807232323233,7.541840242424243,2.0866480000000003,2.678040000000001,2.0779920000000014,9.937698063589231,1.205109E9])
(5.0,[-1.2221212121212122,9.136666666666668,1.592525252525253,13.22571280148423,21.62216326530612,7.653214986600702,2.705864707682888,3.740808080808083,2.094063871033569,10.284495648871959,7.9000075E8])
(5.0,[3.1313265306122444,8.415102040816324,1.6872448979591836,20.342155954134235,17.125363391542187,6.967104702293292,3.690441482715535,3.369508538109122,1.8847959183673466,10.229984857599064,1.344879E9])
(5.0,[-0.9430303030303029,9.3710101010101,1.5477777777777781,18.653164192949916,28.21163978561122,7.531978684807253,3.115990205081114,4.51405162738496,2.1802693602693592,10.779663502020187,7.266641666666666E8])
(5.0,[-0.8738383838383837,9.090303030303028,1.4882828282828287,13.68532797361369,18.08402133580704,8.989498041640903,2.700395877971636,3.617906336088154,2.2350964187327813,10.255455388729432,9.21875E8])
(5.0,[-0.5585999999999999,9.5694,1.321,11.32155155555555,18.953672363636358,12.173225252525253,2.5656039999999996,3.636539999999998,2.7048800000000015,10.672328432476913,0.0])
(5.0,[0.2632,8.809800000000001,2.6458999999999984,12.165985616161615,23.770739353535344,11.164830494949497,2.543064,4.019772000000003,2.5599719999999992,10.423549120345855,8.926545E8])
(5.0,[6.72919191919192,6.087474747474749,1.8604040404040403,19.139564646464642,13.693898660070097,5.988438610595752,3.5056157534945416,2.8020895826956442,1.976004489337823,10.056977906856874,0.0])
(5.0,[7.980808080808081,4.225151515151514,1.0904040404040403,20.918940156668725,12.436364007421155,9.759467182024325,3.539975512702785,2.5319926538108355,2.5000612182430375,10.191971275037575,0.0])
(5.0,[8.326699999999999,4.0961000000000025,1.5601000000000005,21.33717788888889,12.467898777777775,7.880372717171719,3.8240339999999984,2.5056319999999994,2.2475099999999997,10.348430327565502,0.0])
(5.0,[6.027272727272725,6.304343434343436,2.3227272727272728,19.791303710575132,14.450379921665634,7.437342486085344,3.4773737373737377,3.0077420671360082,2.085399449035813,10.355719269969224,0.0])
(4.0,[2.1117171717171725,8.811919191919198,0.8445454545454547,9.8229980416409,20.011719748505463,5.799335250463822,2.573890419344964,3.5784266911539624,1.622056932966024,10.05095562659946,1.1503445E9])
(4.0,[2.8468999999999975,8.811800000000002,0.8704000000000001,9.339659989898989,20.794014909090915,5.880242262626261,2.490486,3.613764000000001,1.738448,10.161285639798427,1.634979E9])
(4.0,[3.191,8.865300000000001,0.34659999999999985,7.536374747474748,9.299691828282826,8.8799256969697,2.2352199999999995,2.3038060000000007,1.965788000000001,10.17829699139947,0.0])
(4.0,[2.453265306122449,8.69295918367347,1.5867346938775508,9.91940159899011,19.363051977698284,14.270228403113824,2.5808788004997925,3.478613077884213,2.5964056643065394,10.52022773435812,0.0])
(4.0,[2.4374,8.600400000000004,0.8780000000000001,10.136530545454546,18.00889074747475,10.028719191919187,2.566844,3.4161840000000003,2.246879999999999,9.972188044745982,1.080353E9])
(4.0,[2.11795918367347,8.643673469387757,0.9071428571428576,9.388880328213759,19.629621418051748,12.720711340206186,2.382977925864224,3.3990545605997498,2.39466472303207,10.088530789542387,1.010772E9])
(4.0,[2.504141414141414,8.910606060606057,0.8583838383838384,8.441628592042877,18.898573098330246,6.640991238919811,2.456994184266912,3.4565228037955325,1.7151678400163246,10.133525078812175,1.099914E9])
(4.0,[2.735555555555555,8.911111111111108,1.5545454545454545,8.054143310657599,13.993956916099766,7.75709443413729,2.2702805836139177,2.846038159371493,2.0922865013774112,10.288005375355182,5.60181E8])
(4.0,[2.5982653061224483,8.895510204081633,0.965714285714286,9.929082526825162,18.975449737008212,9.650632989690719,2.5744856309870885,3.4038359017076214,2.1656559766763848,10.351971018055696,2.2549745E9])
(4.0,[1.5309999999999993,8.821000000000005,0.9756000000000001,8.436178787878788,27.513500000000004,11.51128347474747,2.353459999999999,4.124520000000001,2.3369760000000004,10.37137642004883,0.0])
(4.0,[1.4909,8.835499999999998,1.2701000000000002,8.689369888888889,22.56921287878788,6.68402322222222,2.4255179999999994,3.7604099999999994,1.8375099999999998,10.07913929813358,1.029724E9])
(4.0,[2.2067676767676767,8.989999999999998,1.3829292929292933,11.308044547515967,18.516897959183684,9.000457658214803,2.767382920110192,3.3806060606060604,2.0689113355780013,10.482581433733769,3.10965E9])
(4.0,[1.7646464646464655,8.496565656565659,1.2344444444444445,12.128321047206757,22.00004318697177,6.994639229024942,2.91094174063871,3.5804509743903683,2.003973063973063,10.02978599887062,1.510086E9])
(4.0,[2.0743298969072175,8.71103092783505,1.3563917525773195,10.494356056701031,17.799338509450177,12.44986288659794,2.6652885535125934,3.4958444042937615,2.4446593686895532,10.27427681901304,0.0])
(4.0,[1.9218000000000006,8.7886,1.0072999999999996,7.694247232323231,21.79781418181818,8.429967383838378,2.1949439999999996,3.7147120000000013,1.9892840000000005,10.018406173276619,2.429932E9])
(4.0,[-0.6090000000000001,9.112500000000002,0.46880000000000005,8.47171616161616,20.115101767676776,14.019881373737377,2.3035000000000005,3.4385,2.397255999999999,10.36437567338515,1.7799375E9])
(4.0,[-1.2771999999999997,9.051099999999996,1.5096999999999994,7.894369858585856,25.55755332323233,12.681120111111113,2.2847440000000003,4.0227900000000005,2.2744700000000004,10.770824923193926,1.12752525E9])
(4.0,[-1.2759595959595962,9.232020202020204,1.3045454545454551,6.973579426922287,23.030879550608123,14.519506679035247,2.149294969901031,3.713918987858382,2.562865013774105,10.555942623654957,1.08959975E9])
(4.0,[-1.1202999999999996,9.133200000000002,1.5519000000000003,7.964009,23.97498965656566,8.621625646464645,2.315087999999998,3.765335999999999,2.080166,10.521632293715856,3.040131E9])
(4.0,[-1.4644444444444447,8.65818181818182,1.2648484848484847,6.988886167800456,27.887535435992593,4.486178293135437,2.1011223344556678,4.134729109274561,1.4643832262014078,9.920893373383718,8.04138E8])
(4.0,[-0.9672727272727274,9.048989898989902,1.6126262626262626,7.792352690166973,28.79856427540713,8.174052216037932,2.2589531680440764,4.357647178859302,1.7362616059585758,10.479989273224191,0.0])
(4.0,[-1.208163265306123,8.803469387755104,1.3082653061224494,6.050295560698505,21.41377959183674,9.947872217546816,1.9456559766763855,3.5143398583923364,2.260226988754684,10.071589477498296,1.730561E9])
(4.0,[-1.3529292929292926,6.019292929292927,5.540505050505053,8.498520923520921,20.55855153576581,10.469904844361988,1.921189674523008,3.8710600959085815,2.7799959187837984,10.114578057070194,3.9978E7])
(4.0,[0.9208163265306121,8.60357142857143,1.6313265306122453,11.118106543235852,41.94446443298968,15.464318840732174,2.6823281965847556,4.800962099125366,2.8214473136193243,11.337145297317033,5.50377E8])
(4.0,[2.4617171717171717,8.455555555555556,2.073333333333332,19.93443477633478,36.85342494331066,12.675514285714286,3.57082542597694,4.593153759820428,2.716296296296296,11.436722461494519,3.466896666666666E8])
(4.0,[6.427500000000002,6.022100000000003,1.4134999999999998,21.107045202020213,15.481004636363641,7.902253282828284,3.59425,3.282374000000001,1.9775999999999996,10.03879830248324,2.571442E9])
(5.0,[-0.8435353535353537,10.09636363636364,0.9091919191919191,12.000067985982271,19.70928664192951,16.242148319934035,2.5998632792572165,3.5252157943067033,3.0568635853484336,11.380996073594142,9.140014E8])
(5.0,[-0.6521649484536083,10.06701030927835,0.9679381443298967,12.140712972508588,22.189706593642615,20.290120704467352,2.6873971729195443,3.8587735147199487,3.595593580614305,11.574936888054745,5.500062E8])
(5.0,[-0.8634,9.9016,1.3329999999999997,14.754661050505055,20.948577212121208,22.41154040404041,2.9292559999999996,3.807096,3.58244,11.53491320504916,7.18338E8])
(5.0,[-0.885353535353535,9.876161616161612,0.7677777777777776,17.997008802308805,22.15557899402185,21.727268480725627,3.171533516988062,3.7785470870319364,3.627003367003367,11.687952706130194,5.4249575E8])
(5.0,[-0.39530612244897967,10.14387755102041,0.44755102040816336,14.625670523879654,16.06772089206818,22.784552703555637,2.9611745106205754,3.186234902124115,3.4327155351936702,11.665692757964177,8.900145E8])
(5.0,[-0.40929292929292926,10.03919191919192,1.2602020202020194,11.094592352092349,17.128793217893218,18.46150608122036,2.540526476890114,3.4845403530252015,3.3610611162126314,11.37937490980843,7.4249275E8])
(5.0,[-0.13552083333333315,10.195104166666665,1.3482291666666664,10.635311304824567,18.875585252192984,19.2446294627193,2.47019748263889,3.508131510416666,3.242810329861111,11.629468416059497,5.57142E8])
(5.0,[-0.1363636363636364,10.319494949494947,1.2921212121212122,18.25169888682745,20.551492599464027,23.048549536178115,3.339228650137741,3.7406509539842863,3.6086746250382595,12.225584483537213,4.9624625E8])
(5.0,[-2.4396875,9.424062500000002,1.8968749999999994,6.8978289314516115,6.093108770161291,11.141312500000002,2.0103125,1.90556640625,2.5520312499999998,10.850254812955644,1.60019E8])
(5.0,[-1.0635714285714282,10.027142857142854,1.1887755102040813,13.184054123711343,17.944997938144333,21.296460340837363,2.8562244897959177,3.431253644314869,3.5068179925031226,11.576253120750081,4.6500375E8])
(5.0,[-0.9832653061224489,10.092448979591843,1.2411224489795916,10.991271702082898,16.451583631390697,20.278845118872294,2.5849562682215734,3.17631820074969,3.48801749271137,11.493111644222074,1.1566773333333333E9])
(5.0,[-1.573838383838384,9.95585858585859,1.1658585858585861,12.193299402185115,20.692963285920428,19.05772859204287,2.6615610651974295,3.7306825834098563,3.50124273033364,11.473368247888335,5.0E8])
(5.0,[-1.569090909090909,10.148787878787875,1.3389898989898992,12.622057328385903,20.463153617810768,23.51913570397856,2.6455096418732795,3.6743067033976127,3.733098663401694,11.780521724437124,7.90001E8])
(5.0,[-1.5190816326530614,9.802040816326532,1.4416326530612242,10.231680591205551,19.478470018935408,17.128349884283598,2.4827176176593104,3.5207371928363176,3.2172719700124954,11.21505661844101,5.39997125E8])
(5.0,[-1.2552999999999999,9.8501,0.9345999999999997,11.539752434343432,19.51290605050506,21.063059434343437,2.5354419999999993,3.604706000000002,3.623243999999999,11.30946964018565,9.7766875E8])
(5.0,[-1.524242424242424,9.941818181818187,1.0321212121212129,10.056896103896104,23.899059925788496,18.927643413729125,2.408380777471686,4.0074931129476585,3.3279400061218234,11.419759285770592,9.023285E8])
(5.0,[0.2821052631578946,10.467368421052631,1.1026315789473684,11.261184210526316,3.566420467836257,4.166976023391813,2.511689750692521,1.4680332409972296,1.491191135734072,11.192093531313013,5.0003E7])
(5.0,[0.41222222222222216,9.74666666666667,1.3847474747474753,10.496211337868479,15.05129795918367,10.728496619253761,2.7026038159371484,3.0496296296296306,2.4795020916233033,10.853361445115137,5.500185E8])
(5.0,[-0.4741414141414141,9.899191919191917,0.9559595959595958,14.123161245104104,16.12199729952588,14.931069222840657,2.870076522803796,3.171288644015917,2.7941740638710333,11.184918766706232,8.339966E8])
(5.0,[-0.6745833333333332,9.903854166666667,0.7316666666666666,13.143846140350874,20.202914462719292,15.425651929824562,2.73009548611111,3.6225564236111123,2.828229166666667,11.215907596983532,5.71251E8])
(5.0,[-0.5494949494949496,10.225050505050502,1.0982828282828283,14.725149742321172,19.798029334157903,17.745069470212325,2.956561575349456,3.482277318640956,3.188701152943577,11.669427791237206,5.17505625E8])
(5.0,[-1.243838383838384,9.878686868686868,1.573939393939394,14.929058585858584,16.782413564213567,18.93074044526902,3.161903887358433,3.3498275686154457,3.284383226201407,11.580487399576954,6.899902E8])
(5.0,[-0.2833333333333333,11.786666666666665,-2.1933333333333334,0.8716333333333334,1.128433333333334,0.7966333333333333,0.6955555555555556,0.8111111111111112,0.6511111111111111,12.049730917455854,6.012E7])
(4.0,[-2.4607070707070706,9.830606060606064,0.42131313131313136,5.005549494949495,16.18907105751392,7.404133972376825,1.6677114580144878,3.135635139271503,2.1564779104173057,10.71758241056433,7.5E8])
(4.0,[-3.1115306122448985,9.489489795918365,0.2821428571428571,8.356542993898593,21.55399458236902,12.231742783505158,2.263242399000416,3.8304164931278626,2.861224489795919,10.957091043231223,8.92502E8])
(4.0,[-2.992680412371134,9.719175257731962,0.8375257731958763,9.110467740549826,20.01977847938144,9.674089647766321,2.2637538526942294,3.581951323201191,2.449201828036986,11.055792880402073,1.07501225E9])
(4.0,[-3.4948979591836733,9.501224489795923,0.23938775510204072,8.653693288449398,20.565635598569326,13.155906837786661,2.2885672636401493,3.6833152852977933,2.8986880466472313,11.188789019515799,1.039993E9])
(4.0,[-3.3795959595959606,9.472121212121216,0.09777777777777785,10.611832488146769,18.7592107606679,13.993946031746033,2.565450464238343,3.4785919804101626,3.0179797979797978,11.261790416449351,1.759979E9])
(4.0,[-3.2974489795918362,9.765204081632659,-0.04989795918367338,9.007287239638123,21.28279016410688,12.49305462865559,2.3987172011661815,3.7670491461890894,2.7619533527696785,11.276993093412145,5.200093333333333E8])
(4.0,[-2.935252525252525,9.3939393939394,0.2878787878787878,9.404276211090501,10.925469016697585,15.119535250463823,2.351982450770329,2.5148882767064595,2.9832262014080206,11.041916179582234,0.0])
(4.0,[-2.342600000000001,9.868699999999999,0.24079999999999996,8.641554787878787,21.6784982929293,12.278217535353532,2.213972,3.927447999999998,2.7672,11.186144368726836,8.49991E8])
(4.0,[-2.3456122448979584,10.272142857142855,0.17397959183673484,10.110294982116555,20.605973711340205,17.5688365768988,2.393685964181591,3.617857142857143,3.2761411911703444,11.721488032359941,1.112503E9])
(4.0,[-1.865979381443299,9.923505154639177,0.7087628865979382,11.090574291237116,25.10942716924399,13.73202970360825,2.4156084599851195,3.9747369539802304,2.887720267828674,11.359341865568961,6.549835E8])
(4.0,[-1.886161616161617,10.028787878787876,0.6750505050505048,6.797325932797364,19.71625565862709,13.346529334157903,2.0950352004897446,3.4926354453627186,2.91621875318845,11.23287253140434,1.049988E9])
(4.0,[-1.7977083333333332,9.95,0.07885416666666678,10.668902061403509,22.66661052631579,10.99225867324561,2.56536892361111,3.815416666666668,2.591258680555556,11.253481822602772,1.1599885E9])
(4.0,[-1.651616161616162,10.012222222222222,1.1069696969696978,6.442689198103486,23.050386848072563,12.294694805194801,1.935767778798082,3.8419304152637483,2.7139883685338235,11.068143341030504,2.1099855E9])
(4.0,[-2.0170707070707072,9.876363636363639,0.39363636363636356,9.506596433725003,14.296188682745825,12.519523376623374,2.300810121416181,2.85090909090909,2.744113865932048,11.11251758929683,5.774995E8])
(4.0,[-2.3377777777777777,9.901616161616161,0.12444444444444437,9.022099092970523,18.784238177695315,10.973126984126983,2.3817508417508426,3.444695439240894,2.363569023569022,11.104377300157958,1.219991E9])
(4.0,[-1.9247474747474749,9.484444444444444,1.2745454545454544,6.529645598845597,20.705912698412707,10.728865862708721,1.9200428527701252,3.602626262626263,2.5928925619834713,10.54805633363827,1.1333313333333333E9])
(4.0,[-2.2171717171717176,9.864242424242423,1.2571717171717167,8.575004164089878,23.24950426716142,10.049759266130692,2.3248505254565868,3.757673706764616,2.424389348025712,11.088234656904543,7.319764E8])
(4.0,[-2.297755102040817,9.832244897959184,0.4142857142857143,8.432530990953085,25.440586661056166,14.183381443298979,2.308413161182841,4.034443981674302,2.957784256559767,11.272916403603512,9.3498975E8])
(4.0,[-2.1231000000000004,9.680799999999996,0.8078000000000004,7.283324636363637,21.035231676767676,12.759405212121216,2.1035619999999997,3.5758639999999993,2.828647999999999,10.910655642634254,5.24994E8])
(4.0,[-2.0330303030303023,9.894646464646462,0.7228282828282828,7.656235621521336,20.84942921047207,12.620153143681712,2.111888582797675,3.6549821446791135,2.799967350270381,11.069448350247695,1.100006E9])
(4.0,[-1.597113402061856,9.796494845360828,0.910309278350515,9.816362414089348,27.612600085910657,14.54635511168385,2.3597364225741297,4.0268296312041665,2.8939781060686567,11.27193111759124,7.36669E8])
(4.0,[-2.003333333333333,9.760505050505051,0.704646464646465,11.67555918367347,15.59404566068851,12.777125128839412,2.449292929292928,2.9146209570451993,2.765538210386696,11.122203885798156,1.0799865E9])
(4.0,[-0.6090816326530613,9.926020408163268,0.8931632653061223,6.503480591205553,20.572059257311178,14.89962803492531,2.0341274468971258,3.6856143273636,3.0162140774677195,10.99138435166975,5.528564285714285E8])
(4.0,[-0.5244444444444442,10.262626262626261,1.128383838383839,8.766357596371881,21.262848134405278,14.383789198103482,2.308305274971942,3.7323069074584234,3.0029813284358755,11.363771530842238,1.5898643333333335E9])
(4.0,[-0.552142857142857,10.094387755102042,1.022857142857143,10.872373711340208,20.35536508520934,12.764098969072165,2.4763848396501458,3.7081507705122867,2.8104081632653055,11.147343095615817,1.480011E9])
(4.0,[-0.2614285714285714,10.058265306122443,1.1855102040816325,9.93743092783505,24.2293072690932,12.554117778245304,2.4094752186588924,3.9779904206580587,2.6862057476051646,11.159193755664038,4.7500225E8])
(4.0,[-0.6918367346938773,10.164795918367352,0.5539795918367347,11.79394504523459,23.580239648642973,19.03267575215652,2.630612244897959,3.7310329029571,3.433321532694711,11.71364011592009,2.570007E9])
(4.0,[-0.5823232323232322,9.769393939393936,1.7314141414141413,11.697822098536383,32.96361187384045,16.49479797979798,2.7504132231404945,4.668668503213958,3.196347311498827,11.379263191192914,7.519958E8])
(5.0,[1.8447959183673475,-9.349387755102043,1.4276348094285713,4.419740679570798,30.49051096149801,5.182513077779727,1.5145168679716792,4.662948771345273,1.781735489685131,10.113062735719177,0.0])
(5.0,[1.757373737373738,-9.811919191919191,1.3426360911515156,4.196372624201197,23.99795852401567,4.224374538400349,1.5329884705642285,4.182940516273849,1.6436637031723293,10.4812448734909,0.0])
(5.0,[1.801111111111111,-9.307272727272728,1.695526914141414,3.790905895691609,31.337887384044535,5.28513632075667,1.4440179573512908,4.751441689623508,1.7838861478828691,10.08392070605605,4.9774E7])
(5.0,[-2.004141414141414,9.710707070707077,1.79485916030303,3.828844918573491,22.59020663780663,3.455493301754643,1.4287256402407917,4.160438730741765,1.5360572619344968,10.4215589740794,2.1249845E9])
(5.0,[-1.5178431372549022,9.510392156862743,1.4709975570588236,2.673285254901961,9.651295843137255,2.941159173440335,1.283875432525952,2.551803152633602,1.3529545350865053,10.03383265801096,1.749939E9])
(5.0,[-1.518080808080808,9.669595959595958,1.5221770486868687,3.4696136260564816,16.626107998350857,6.35595957522633,1.41273951637588,3.13650443832262,1.7920908990674413,10.355341236823374,1.3197633333333333E9])
(5.0,[-1.8643434343434344,9.78121212121212,1.3336934483838383,3.239061554318694,17.080539332096475,4.165478072239825,1.3813386389143965,3.2973553719008275,1.4854892384511786,10.335569221975296,7.119934E8])
(5.0,[-1.5108,9.338099999999995,1.85168626604,3.6277609696969693,23.63741756565657,4.958266272833274,1.425096,3.9703199999999996,1.6531696957720001,10.05607323645872,4.83312E8])
(4.0,[-4.113775510204084,8.797346938775515,0.9332717893061224,11.20757632021881,17.15504443509362,9.97062959532289,2.449262807163683,3.173702623906706,2.119197909920034,10.616056281562123,8.059938E8])
(4.0,[-4.054242424242425,8.461818181818185,1.4624676317777787,6.548089981447127,12.841717068645647,8.49676084894001,1.9255218855218859,2.546115702479338,2.177618574320988,10.343857148195205,3.00018E8])
(4.0,[-4.5534343434343425,7.868888888888891,1.9741249544848487,7.5029268604411445,15.595320181405883,13.795231266812062,2.0216630956024897,2.9215263748597073,2.6418805238298146,10.525794064527105,5.50003E8])
(4.0,[-3.765959595959596,8.947373737373738,0.6162175482222222,8.404687590187592,13.25489303236446,8.634444305500718,2.148405264768901,2.8935414753596564,1.9886041144870932,10.485091700938126,6.00037E8])
(4.0,[-4.30969387755102,8.426836734693877,2.283076038775509,4.131835987797179,8.825442467915003,11.18539076135802,1.5643815077051226,2.124044148271553,2.383935261765931,10.497348310607515,2.799375E8])
(4.0,[-3.7817525773195877,9.24257731958763,0.8076725788659792,3.7804208548109965,5.535667246563574,3.7931680422986176,1.4442703794239558,1.7033818684238498,1.491064015648847,10.415802454782547,7.1994E8])
(4.0,[-4.409670329670331,8.175604395604392,2.047542383626374,6.916267667887667,15.918498241758238,13.620288852342327,2.035029585798817,3.0263784567081267,2.849035953254438,10.612039615137485,1.099976E9])
(4.0,[-4.277142857142858,7.8185714285714285,1.363980594285714,4.3584571428571435,3.849180952380951,12.191380087373508,1.5318367346938773,1.4044897959183673,2.769100119183673,9.84651348082393,0.0])
(4.0,[8.828585858585859,3.0411111111111127,1.8710780872727268,11.51931634714492,7.213856916099776,13.190943520579875,2.5293643505764716,1.8498989898989906,2.4697674723966947,10.54224815531549,0.0])
(4.0,[8.79938775510204,2.715102040816327,2.4534693599387767,16.546750136755737,4.483645865768988,12.640730275267048,3.065064556434819,1.6474593919200329,2.4674953045372776,10.476800884741975,0.0])
(4.0,[8.164444444444447,3.038181818181817,3.159095222626263,14.917465759637183,7.65063543599258,16.721841428419594,2.849809203142536,2.0125068870523415,2.895301560408121,10.49580461341395,2.75E9])
(4.0,[8.210505050505056,3.2461616161616162,2.190261962828283,15.361235456606883,5.773609606266748,18.301347512717072,2.9611264156718704,1.8659912253851654,3.298278173937353,10.463675859181594,0.0])
(4.0,[4.055050505050505,8.432626262626261,1.8875875756565654,11.201788517831377,15.933558338486904,12.103016108936435,2.5091439649015412,3.0356555453525145,2.4715629454688295,10.460896801554899,4.24942E8])
(4.0,[5.690100000000005,7.782899999999999,2.02616293742,12.132221202020197,14.638988474747473,11.586818472696239,2.7641080000000002,2.962422,2.5194374503219996,10.66045444984229,8.50006E8])
(4.0,[5.505959595959595,7.772727272727274,2.2158517291919195,12.704881467738609,10.91968126159555,12.835188626698336,2.7305499438832768,2.480661157024793,2.770235048799101,10.737601779607846,3.259461E9])
(4.0,[-1.6885000000000003,9.409300000000002,0.2910668336000001,7.305186616161619,16.448539909090908,8.786610244564852,1.9788399999999993,3.106016,2.164409446,10.375633993774318,1.2000123333333333E9])
(4.0,[-1.6571428571428575,9.202346938775515,0.3912375444489797,5.727670103092782,21.42672123921734,9.586851298788124,1.7943731778425656,3.72588713036235,2.0524122599050387,10.165093092998784,5.4333E8])
(4.0,[-1.5644736842105265,9.832500000000001,0.5317311934210526,5.704710385964913,13.731667,8.65633654818121,1.752659279778393,2.993026315789474,2.007473228171745,10.665434588623736,1.059936E9])
(4.0,[-1.872424242424242,9.225454545454546,0.6731753683838386,6.1636736549165105,18.635851576994426,9.010636351245537,1.8754759718396083,3.341138659320478,2.092038723124171,10.221486682183086,5.320008E8])
(4.0,[-1.5411458333333332,9.857083333333337,0.1847259592916666,5.176759725877192,18.607860877192977,6.821977052392974,1.7857052951388892,3.3432031250000005,1.8254812891909726,10.562801385382553,1.4966836666666667E9])
(5.0,[-0.7594949494949494,8.184141414141413,2.8618181818181814,15.17044974232117,34.13810818387962,24.925837476808905,3.0170962146719713,5.067833894500558,4.023911845730027,10.842689288188428,5.232033333333334E8])
(5.0,[-0.7651020408163267,8.373265306122448,2.427448979591838,18.802606690511254,35.96278716600043,27.56021095097833,3.246434818825488,4.905235318617242,4.152442732194918,11.205718840981207,7.900086E8])
(5.0,[-0.8306000000000002,7.7966000000000015,2.3425,17.317403676767672,33.11501256565656,21.92681085858587,3.066447999999999,4.5688640000000005,3.5319999999999996,10.349900017464511,5.8797E8])
(5.0,[-1.7558585858585862,9.199999999999998,2.1147474747474755,16.304436755308178,30.8969387755102,26.231523149866007,3.1183797571676353,4.573737373737373,3.9766738087950193,11.68619549779523,1.3727826666666667E9])
