(5.0,[-0.33141414141414133,8.59787878787879,1.5445454545454549,10.609346959389821,21.894610760667895,24.300559740259754,2.40633608815427,3.557508417508418,3.388943985307622,10.453291421007687,0.0])
(5.0,[-0.7548974448686864,8.842632442626261,2.9721249715151514,16.22702006961369,32.286942056482516,26.14697740113571,2.998452658899296,4.813776337304358,4.096643730664219,11.470825310220247,2.099838E9])
(5.0,[-2.458265306122449,8.593367346938779,1.8290816326530608,19.458521702082898,39.62790916263413,26.542682653061235,3.4973073719283634,5.217448979591837,3.6061120366513957,11.701616598015107,7.032876666666666E8])
(5.0,[-2.200404040404041,7.843333333333333,2.2517171717171727,14.194316161616161,36.10019387755102,27.086691919191917,2.995988164473013,4.952861952861955,3.9211406999285776,10.657999364434998,6.716613333333334E8])
(5.0,[-1.9701010101010095,8.557373737373736,2.5772727272727263,17.124560193774474,26.75189711399711,24.362195547309835,3.1433527191102955,4.176571778389958,3.6950780532598717,11.111744443611057,3.203585E8])
(5.0,[-1.2275757575757575,8.46858585858586,1.5096969696969693,9.005498144712423,24.064012265512265,14.244468274582568,2.3061463116008563,3.855020916233039,2.9421242730333637,10.229210076930208,2.599335E8])
(5.0,[-0.11649484536082469,8.666185567010306,1.2882474226804124,18.23968550257732,29.00500300687285,22.255033354811,2.935242852587948,4.141555957062389,3.632033159740673,10.916590892450378,5.244445E8])
(5.0,[-0.7112244897959181,8.469387755102046,2.1859183673469396,13.207357248053869,38.45127797180728,15.455082137597307,2.8736734693877546,5.106480633069556,3.0311328613077877,10.646372552726307,5.2124399999999994E8])
(5.0,[-1.31734693877551,8.887142857142859,3.042244897959184,12.861854744371973,32.89854639175257,17.60213099095308,2.785714285714286,4.766501457725948,3.4019325281132877,11.15729804726002,4.84375E8])
(4.0,[-1.9301999999999995,7.782199999999999,2.4416000000000007,26.068270666666677,29.682273898989898,11.649950949494949,4.103820000000001,4.380712000000001,2.6782880000000007,10.93077881614884,1.193695E8])
(4.0,[-2.1245999999999983,7.812199999999999,2.6943000000000006,20.094744282828277,28.46952642424243,15.244143949494948,3.523291999999999,4.232224000000001,3.0496439999999994,10.928580457819475,6.392825E8])
(4.0,[-1.64,8.637575757575757,2.2718181818181824,21.326918367346945,26.410685899814474,14.122349721706861,3.843030303030302,4.150939700030608,2.774967860422406,11.255518558650197,9.90143E8])
(4.0,[-1.8267346938775522,7.922755102040814,2.213163265306123,15.132446959814855,28.999420166210818,15.284104323585105,2.985993336109954,4.357111620158266,2.906547271970012,10.613874284580001,8.639954E8])
(4.0,[-2.0515999999999996,8.198600000000004,3.1567999999999996,12.643225696969687,53.67472529292929,19.906636121212124,2.7926640000000016,5.9908,3.5344560000000005,11.812936176012874,3.3834075E8])
(4.0,[-2.0446999999999997,7.640400000000001,2.503200000000001,21.013839303030302,62.99970286868688,26.241183595959605,3.4845940000000004,6.6287680000000035,4.251480000000002,12.191174620540368,4.05014E8])
(4.0,[-2.0365306122448974,8.569591836734695,3.076938775510204,20.73356928255838,68.41685550178835,23.468526614769623,3.624269054560599,6.849437734277385,4.036797167846731,13.044591864826156,4.687256E8])
(4.0,[0.5656565656565654,8.71565656565656,1.656868686868687,22.56950441146156,74.81632481962484,50.08437887033602,3.6543924089378623,7.3885501479440885,5.493490460157126,13.801202530285112,2.5157884210526314E8])
(4.0,[-1.0043999999999995,8.947999999999992,2.8103000000000002,12.576485494949493,53.96312929292932,32.24367162626264,2.8298640000000006,6.212039999999998,4.687930000000001,12.571921089521656,4.655557777777778E8])
(4.0,[-1.4922222222222223,8.632020202020202,2.0103030303030303,14.973515419501137,33.34312648938363,15.515090723562153,3.063658810325477,4.007693092541578,2.826807468625649,11.377924940504016,3.199952E8])
(4.0,[-0.9777777777777773,8.293939393939393,2.668484848484849,15.093686848072558,70.71052411873845,38.62368849721707,2.8250280583613905,7.145270890725436,5.14460973370064,12.819312730241103,2.764695294117647E8])
(5.0,[-2.1036363636363626,9.48181818181818,1.8211367873333333,5.54226827458256,14.288074211502778,5.901026763112532,1.848631772268136,2.988925619834711,1.8631484882828282,10.350715894052664,5.866496666666666E8])
(5.0,[-2.523979591836734,9.482448979591833,1.7389570532040808,6.86898915421839,13.096183631390709,9.160624644365338,2.0023032069970843,2.7928488129945856,2.043891741890045,10.586187827690724,2.400055E9])
(5.0,[-2.3876767676767674,9.256464646464645,1.5256165104040404,7.207413935271079,16.53004757781901,7.853886964549055,2.119438832772166,3.2246872768084875,2.0399003420569333,10.24743841045871,8.6251825E8])
(5.0,[-2.204183673469388,9.662244897959182,1.7689774088367352,6.295018398905954,15.936328929097414,5.064143509320333,1.9733527696793,3.2817492711370257,1.667871433061641,10.508723301716582,1.800003E9])
(5.0,[-2.226020408163266,9.549999999999999,1.6915637878163265,7.405469566589522,16.40919793814433,7.499731664438949,2.078717201166181,3.3385714285714294,1.9403351048179929,10.515351714577537,2.860168E9])
(5.0,[-1.6170707070707073,9.600303030303031,1.9036843755555555,3.26757602556174,9.862862152133578,4.277169393150981,1.42762983369044,2.3862197734925013,1.5452042166554436,10.236544040359217,0.0])
(5.0,[-2.03408163265306,9.604081632653056,1.4324992345102043,4.386245024195246,10.261360488112771,6.428445948064524,1.5678758850478962,2.3793044564764685,1.8714193268583919,10.371211839582392,1.8999785E9])
(5.0,[-1.7609183673469389,9.564897959183668,1.9011503890816326,5.73959605512308,14.833194319377233,7.540343206680333,1.7710495626822156,3.1374468971261975,2.02489077169721,10.466128450859042,1.449951E9])
(5.0,[-2.0894949494949486,9.578181818181816,1.5620750419393943,4.71600892599464,10.747682374768091,5.235211541825549,1.6096010611162124,2.3952433425160704,1.7625016276926844,10.345418237309962,1.8999785E9])
(5.0,[-1.127777777777777,9.686464646464643,1.570467384848484,12.403631746031744,13.462578190063901,8.88034650401601,2.4152637485970825,3.0162391592694635,2.2206878630547906,10.793198622847676,1.449951E9])
(5.0,[0.1698,9.622299999999997,1.8256714022000002,2.4473272323232327,6.212957282828283,3.922190163342279,1.2016000000000002,1.7411299999999994,1.601513165932,10.094051586784737,0.0])
(5.0,[0.6076288659793816,9.784329896907215,2.1046947523711332,3.001649527491409,10.64968314003437,4.262092630450468,1.3511531512381763,2.4433223509405875,1.5486026936762676,10.360247890936304,8.66679E8])
(5.0,[0.4841414141414143,9.714949494949495,2.127525820303029,3.0710081838796115,9.932888517831374,4.938886563991217,1.3714069992857867,2.3413570043873078,1.6923639847627796,10.332061721421146,8.66679E8])
(5.0,[0.3277551020408163,9.421530612244895,2.1976014046938777,2.098027898169577,6.176002787713021,3.6244786032674523,1.1621782590587255,1.8224552269887546,1.4926789177551014,9.949583133057164,1.299958E9])
(5.0,[0.25622448979591833,9.572346938775508,1.9019842891836727,2.535697969703346,8.747731548495688,5.052205510622916,1.1889816743023738,2.1366076634735536,1.7191817477717626,10.133303845767287,1.300003E9])
(5.0,[0.3541414141414142,9.551111111111112,2.4156168268686873,2.297010224695939,5.835969160997732,4.191266907659043,1.1764575043362913,1.779708193041527,1.5583117506376898,10.163138556806906,0.0])
(5.0,[0.14214285714285702,9.567448979591832,1.96119108377551,2.598627319587629,7.194074868504099,5.374920116264075,1.1920699708454812,2.021018325697626,1.8069169567097045,10.128123635882146,0.0])
(5.0,[0.2044897959183674,9.575408163265308,2.2819641825102046,4.640216747317486,14.70624158426258,8.232042856056642,1.6160308204914617,2.975,2.041937464226989,10.375925221968007,7.840026E8])
(5.0,[0.7143243243243242,9.046216216216218,3.1161146618918916,5.093308558558559,12.228963063063063,7.676111991273037,1.78281957633309,2.81773557341125,2.1243762707962013,10.14544803296974,0.0])
(5.0,[0.5021428571428571,9.596224489795919,2.1931539423469393,2.2862293814432997,5.6026917841363355,2.9171271110028854,1.20731778425656,1.8077759266972098,1.3870517229591832,10.106872884294894,0.0])
(5.0,[-0.07816326530612246,9.62704081632653,1.9434012503673461,3.220709993688197,9.238750946770459,6.294992870790984,1.2968471470220746,2.250895460224906,1.9395380864123286,10.2520513477104,2.798584E9])
(5.0,[0.4559183673469387,9.391530612244896,2.565072824897959,4.786486261308646,14.739839901115094,9.004153913677143,1.6365764264889628,3.087197001249479,2.170065720491463,10.30816717886131,6.120056E8])
(5.0,[-5.050505050504981E-4,9.54050505050505,2.0979462753333333,2.318743619872191,3.853804844361989,3.517867089613276,1.1798938883787362,1.5029548005305582,1.5064012663703708,10.038380007445172,4.9958E7])
(5.0,[0.5241666666666667,9.441666666666663,2.5092653180208333,2.626837192982455,7.897262456140355,3.2488770600213708,1.3157812499999995,2.0594444444444435,1.38988436718967,10.052248404905756,0.0])
(5.0,[0.22757575757575746,9.591414141414145,2.0620380915959604,2.7442512059369206,4.05684491857349,2.6503110629228015,1.3189164370982551,1.432972145699419,1.3330597396322825,10.081006689235515,0.0])
(5.0,[0.23642857142857124,9.659183673469391,2.431787997142858,3.8079489690721644,8.086650873132758,5.039410368693152,1.5945626822157428,2.1353935860058315,1.678371735451895,10.356794473646083,0.0])
(5.0,[0.008484848484848508,9.56959595959596,1.6213716916565661,1.8141640074211498,4.251620243248814,4.237541568682583,1.0336516681971228,1.5574104683195586,1.6498783937806347,10.0115509720221,0.0])
(5.0,[0.7065625000000001,9.565208333333333,2.5245882052083344,2.6417533223684213,6.68984837719298,3.8899837235609724,1.3233854166666665,1.8935850694444443,1.4948331635416667,10.212035681895223,5.0079E7])
(5.0,[0.03867346938775498,9.539183673469386,1.9502114177551022,2.3784796654744365,5.718729223648221,4.150860790886326,1.153571428571429,1.6638109121199502,1.6649669614743858,10.060415951657934,1.1349795E9])
(5.0,[0.4997938144329898,9.671030927835048,2.2320520483505146,1.9299666237113406,5.093757259450172,3.116672769335714,1.1063981294505263,1.7433372303114034,1.3623329903262835,10.177818423408496,1.5233456666666667E9])
(5.0,[0.09510204081632655,9.753469387755098,1.6292993598979586,2.2986458657689877,4.810690932042919,3.7448653677529733,1.1645939192003327,1.583831736776343,1.5327713147834232,10.176677061271718,0.0])
(4.0,[-1.205656565656566,9.58323232323232,1.598120802666666,5.5828615543187,27.65807311894455,9.618651963960675,1.7341638608305272,4.321993674114885,2.132570401508417,10.70733397767157,1.899964E9])
(4.0,[-0.9741836734693873,9.636326530612246,1.5855196668163265,2.255228708184305,14.870928634546603,4.965781183589747,1.1595564348188256,3.0701291128696377,1.6670602250753854,10.248736840395479,1.849945E9])
(4.0,[-0.954639175257732,9.454020618556704,1.662103679422681,2.493125128865979,13.91914512457045,5.560625580624595,1.1301286002763313,2.994454245934744,1.734956396292911,10.111820147698213,1.849991E9])
(4.0,[-1.2042424242424237,9.624848484848485,2.0365859427676765,2.1294328385899814,17.71214972170686,5.249801715573491,1.1177594123048669,3.4806611570247927,1.7242712777075804,10.39962011555298,2.950043E9])
(4.0,[-0.9859595959595961,9.365353535353533,1.3895506343434345,2.1112018759018767,14.692490434961867,5.953609529869153,1.1085256606468723,3.055682073257831,1.6590225528619529,10.00894458529492,0.0])
(4.0,[-0.6394444444444445,9.676388888888887,2.4475008061111114,4.79461111111111,14.024469444444446,3.8154883613436246,1.7861419753086416,3.171033950617285,1.6000124938888889,10.466964303280967,0.0])
(4.0,[-0.8655102040816326,9.66112244897959,1.5586959191836736,3.1009012833999585,12.32954614980012,6.240950793914863,1.3470512286547276,2.8237067888379843,1.8771630124364838,10.334073413440603,0.0])
(4.0,[-1.4194897959183677,9.16112244897959,1.9671673629795925,1.5822543761834633,9.816245118872294,6.939611159866623,0.9918971261974173,2.4009162848813,2.10865220316035,10.056332890714504,4.060425E9])
(4.0,[-1.3378787878787877,9.143737373737373,2.4165798812121193,1.7457760667903528,11.525754256854256,4.461991411789464,1.0139761248852157,2.6207713498622596,1.7190821650566264,9.986642781174869,2.75003E9])
(4.0,[-1.244545454545455,9.241212121212124,2.199342200949495,1.2514291280148424,8.673182189239336,4.62659602183869,0.8591184573002754,2.1838077747168647,1.5993548315751454,9.961671063502727,0.0])
(4.0,[-1.3460204081632652,9.677653061224493,1.7386790727959183,2.194197401641068,8.179277940248264,6.618852163151498,1.1696959600166599,2.150389421074552,1.9649095854727192,10.425418009888594,0.0])
(4.0,[-1.298888888888889,9.50959595959596,1.9098754127272726,1.9886283446712023,9.804285549371265,5.078459396633281,1.0879461279461278,2.3400857055402504,1.7255497654729113,10.225008323578084,0.0])
(4.0,[-1.2782828282828287,9.492121212121209,1.6403576424646464,2.032083755926613,7.143120964749534,4.348320864873673,1.0846893174165906,1.8837037037037043,1.6045022577565546,10.09528802741418,1.509918E9])
(4.0,[-1.2412371134020623,9.360103092783508,2.1013247958762875,1.003279703608248,8.196694780927833,4.542889858016636,0.7537740461260497,2.04749070039324,1.6477595413752792,10.033481800409206,0.0])
(4.0,[-0.8725641025641024,9.244358974358974,1.8488748948717952,4.724982726045884,10.941719973009445,5.579854258781114,1.598777120315582,2.5489283366206443,1.8323621275476658,10.090583121856293,0.0])
(4.0,[-1.099081632653061,9.314387755102036,2.0304047042857145,1.686666158215864,9.061012507889748,4.251393734725691,0.9232194918783844,2.1566284881299476,1.58756470696793,9.992965480489,1.810578E9])
(4.0,[-0.6365999999999999,9.306700000000003,2.143434126999999,1.5649075151515155,8.985838494949494,5.34222854412345,0.9304560000000001,2.2074939999999996,1.7032844142399997,10.042124834261424,0.0])
(4.0,[-0.5668041237113404,9.477319587628868,1.6785323402474235,1.685082388316151,7.603832323883162,5.144287254739268,0.976507599107238,1.9545456477840364,1.7570147330122226,10.05578796048032,1.549957E9])
(4.0,[-0.7177551020408163,9.256428571428575,2.4665337839387753,1.5214918156953503,7.579800515463918,5.0054629467988345,0.8409995835068722,2.089533527696793,1.7698765358879636,10.03650955738992,4.916688333333333E8])
(4.0,[-0.6077777777777779,9.228383838383841,2.4087378595959588,1.0691031746031747,7.817099402185117,6.0269912137111294,0.7676767676767677,2.0544128150188743,1.88281817328844,10.01186438324004,1.2750245E9])
(4.0,[-0.4660824742268043,9.295051546391754,2.283163444536084,0.9740282431271475,6.766152341065293,4.956819884044429,0.7655797640556916,1.9285938994579659,1.7017255841130832,9.963080786805897,1.1165973333333333E9])
(4.0,[-0.6665979381443299,9.318865979381446,2.2100067412989692,1.5079768470790382,5.690441408934709,6.244997133644606,0.9219938356892335,1.7640599426081405,1.976825048772027,10.119546045161663,4.500275E8])
(4.0,[-0.3841836734693877,9.504591836734694,1.884889348979591,0.879119429833789,5.259664264674943,4.421432964204872,0.7179945855893378,1.6320658059142024,1.6229656947521864,10.019727837476033,3.999785E8])
(4.0,[-0.7204040404040404,8.936464646464644,2.7335625178383838,1.4607079983508557,7.1848843125128825,5.795034887164176,0.8786389143964902,2.067399244975004,1.8927155393388428,9.900157584794913,4.24988E8])
(4.0,[-0.5390000000000003,9.534699999999999,1.6182334992599998,4.2196858585858585,7.329439303030307,6.234659216963192,1.22178,1.936148000000001,1.7582125486511992,10.281971019418572,0.0])
(4.0,[-0.49463917525773216,9.464123711340207,2.1994755374226806,1.975564712199312,9.079576567869415,3.8730392677126275,0.9806291848230416,2.2297927516207876,1.5630119882112865,10.128074108730907,1.2366436666666665E9])
(5.0,[5.852222222222226,9.65232323232323,-1.2944444444444443,41.14403582766438,31.51770169037313,49.57064126984129,5.0505499438832775,4.502238547087034,5.566621773288439,14.479470353189122,5.14445E8])
(5.0,[6.536020408163263,9.478979591836739,-0.4240816326530613,38.24536028823903,25.140662865558596,37.426296570587006,4.918471470220743,4.1068138275718455,4.739637650978758,14.054167814235209,1.2366636666666667E9])
(5.0,[7.319795918367348,8.623571428571426,0.0683673469387755,31.262766968230597,25.724268556701045,33.74870246160319,4.51265722615577,4.086209912536442,4.40414827155352,13.618941364051153,9.04016E8])
(5.0,[6.759898989898991,9.013636363636362,-0.29343434343434344,34.216017336631616,24.6433784786642,29.791888084930935,4.6194918885827985,4.0080073461891645,4.1760697887970615,13.41910521558867,6.139954E8])
(5.0,[6.561313131313131,8.827070707070707,-0.4534343434343434,33.234570707070716,21.17690663780663,34.01251053391053,4.718455259667378,3.7774206713600664,4.390198959289867,13.295881696386516,4.7285242857142854E8])
(5.0,[7.280103092783507,8.263402061855668,-0.3981443298969073,32.3898364475945,23.100281013745704,32.80397152061857,4.719081730258263,3.710171112764374,4.32661706876395,13.27358607349951,1.523336E9])
(5.0,[7.227979797979797,8.84909090909091,-0.6798989898989899,31.68330608122037,17.48807773654917,33.21527039785612,4.44119171513111,3.3539210284664818,4.388170594837263,13.615866316109924,1.200002E9])
(5.0,[6.410606060606059,8.832828282828283,-0.2341414141414141,21.434115955473107,19.274063347763352,23.531067367553078,3.695004591368228,3.435526987042139,3.569525558616468,12.541861068962604,8.033446666666666E8])
(5.0,[6.664285714285716,8.891734693877554,-0.37561224489795914,33.95022474226805,29.51620830002102,32.21266405428151,4.546530612244895,4.424219075385255,4.233048729695958,13.484393891513095,7.37503E8])
(5.0,[7.056500000000001,8.3557,-0.25180000000000013,25.73007752525253,24.627509606060602,27.94035228282829,4.01922,3.9727560000000004,3.795327999999999,12.777173579488116,7.866618333333334E8])
(5.0,[6.837777777777778,8.465555555555556,-0.21272727272727276,26.17876848072563,17.76480861678004,27.03648330241187,4.2316049382716034,3.2432996632996627,3.861120293847567,12.732325695444676,1.1433413333333333E9])
(5.0,[7.219696969696968,8.474646464646463,-0.45727272727272733,24.206864192949915,18.205747577819,23.40772615955472,4.120728497092131,3.3387266605448422,3.5891643709825534,12.677302373760027,3.99994E8])
(5.0,[6.889295774647886,8.333239436619719,-0.49352112676056337,26.350460925553318,16.734176498993964,21.189691710261567,3.8875976988692686,3.117742511406467,3.5050307478674876,12.373551511249374,1.819976E9])
(5.0,[-0.3995959595959596,10.67858585858586,-0.4343434343434346,17.17784065141208,15.631026551226547,23.652096248196255,3.125660646872768,3.270694827058466,3.4986695235180085,12.32455975116496,6.349945E8])
(5.0,[0.3235416666666666,10.839895833333333,-0.16874999999999984,16.024842061403504,16.480455778508766,30.800145789473678,3.024756944444443,3.360288628472221,4.0411979166666665,12.605964114078326,4.1428914285714287E8])
(5.0,[0.14494949494949497,10.392626262626264,-0.0019191919191919385,14.186506885178314,14.946590991548138,23.849680972995262,2.877816549331701,2.9446301397816557,3.6308274665850435,11.914494527304742,4.333343333333333E8])
(5.0,[-0.05806122448979587,10.524387755102042,-0.2627551020408162,10.14497249105828,16.08688261098254,22.148001609509798,2.5148292378175747,3.279822990420659,3.4367242815493553,11.825032547571919,5.865276666666666E8])
(5.0,[0.25969696969696965,10.149393939393942,0.1709090909090909,13.137496846011132,14.432666975881256,18.335936920222636,2.748717477808388,2.9192776247321723,3.153994490358127,11.536860074190525,9.140014E8])
(5.0,[-0.17684210526315805,9.430526315789471,0.9218421052631576,14.080184352773829,24.171097012802274,21.65798300142248,2.891385041551247,3.6585041551246538,3.5157202216066485,11.174357214653737,4.50002E8])
(4.0,[6.79051020408163,7.899387755102037,-0.29040816326530605,16.9049409741216,14.434154260467071,9.146267872922362,2.9645189504373177,3.049183673469387,2.0374260724698043,11.274907437897852,2.52002E9])
(4.0,[6.765454545454545,7.90737373737374,-0.3930303030303031,13.34089647495362,11.940882828282836,6.9327437847866396,2.8308723599632684,2.70606672788491,1.7773370064279144,11.154950208243141,4.033406666666667E8])
(4.0,[6.961326530612247,7.3656122448979575,-0.2856122448979592,12.432916778876498,13.970657868714488,6.381849621291813,2.569516867971677,2.934323198667222,1.69399416909621,10.86319524227614,1.105011E9])
(4.0,[6.9388775510204095,7.478469387755101,-0.48428571428571426,12.191216252892909,9.155683200084153,5.119795876288661,2.456497292794668,2.4118284048313208,1.5101749271137024,10.777461440653495,1.280014E9])
(4.0,[7.2564,6.7650999999999994,0.1391999999999999,10.549199030303027,12.000253525252527,5.321587232323234,2.2242719999999996,2.5720019999999995,1.5052239999999995,10.563164864512943,0.0])
(4.0,[6.890303030303031,7.118787878787879,-0.2925252525252526,12.010129499072354,13.06950259740259,5.400835394763968,2.517092133455768,2.823697581879401,1.6215875931027446,10.585042782859,4.10003E8])
(4.0,[7.4403030303030295,6.656767676767674,0.034444444444444375,10.512415213358071,11.017458833230261,3.521206575963719,2.1637159473523107,2.5001040710131615,1.3061054994388326,10.451162841856803,1.4349825E9])
(4.0,[6.754848484848487,7.980808080808082,-0.575858585858586,15.202592578849725,9.15210138115852,7.563493898165325,2.732868074686256,2.458642995612693,1.8735884093459851,11.276997792573605,0.0])
(4.0,[6.886938775510205,7.343979591836733,-0.600612244897959,8.689134862192299,7.010564411950348,3.3588099305701666,2.043452728029988,2.079123281965847,1.310370678883799,10.459598201660377,0.0])
(4.0,[6.79050505050505,7.574343434343436,-0.19929292929292935,5.967213007627292,6.704079921665631,5.038931127602555,1.76242016120804,2.0376594225079065,1.6598326701356994,10.643631651691152,1.560364E9])
(4.0,[7.076836734693876,7.4328571428571415,-0.4051020408163264,7.879617725646961,7.3117092783505155,5.361895350305072,1.9686838817159518,1.950087463556852,1.6540566430653896,10.67540930027799,1.950042E9])
(4.0,[6.8976530612244895,7.312244897959181,-0.08173469387755088,9.447820208289501,11.435737176520094,5.457684588680832,2.0981820074968742,2.4575052061640994,1.63862973760933,10.728553777808884,1.400055E9])
(4.0,[6.814141414141415,7.628686868686869,-0.672727272727273,7.89881022469594,7.021540094825813,4.307828200371058,1.9441975308641972,1.945419855116826,1.3897704315886135,10.657474422457655,1.420014E9])
(4.0,[7.094591836734695,7.592448979591838,-0.21938775510204062,6.884990037870815,6.39059806438039,7.189407868714497,1.946505622657225,1.9961224489795901,1.916643065389422,10.981779583462092,1.539978E9])
(4.0,[7.168469387755102,7.223367346938774,-0.6272448979591837,7.6999759835893125,8.515210193561956,4.562018104355146,1.8791774260724696,2.3024114952103285,1.442423990004165,10.634020773498499,0.0])
(4.0,[7.725408163265305,6.891224489795918,-0.34928571428571437,4.792373543025456,7.746365495476543,4.468239690721648,1.534564764681383,1.8905164514785506,1.4865306122448978,10.84741844801548,0.0])
(4.0,[7.329393939393939,6.60292929292929,-0.36717171717171715,6.908150649350649,9.819847454133166,4.339640898783755,1.7659075604530152,2.301179471482503,1.4558392000816245,10.38584077545074,0.0])
(4.0,[6.891515151515154,7.15828282828283,-0.0895959595959595,8.435584415584417,10.467242939600078,4.1822324881467745,1.896400367309459,2.4305887154371995,1.6032608917457407,10.529925753539315,0.0])
(4.0,[7.335054945054945,7.430879120879122,-0.2861538461538461,6.5754986080586075,7.269361440781441,5.447115042735042,1.7893998309382928,2.053836493177153,1.6565511411665255,10.947231810430857,0.0])
(4.0,[7.2463000000000015,7.381299999999999,-0.1628000000000001,8.529164959595962,6.105322535353534,5.738272888888888,2.100434000000001,1.997178,1.6025280000000004,10.915756980089105,1.2433266666666665E9])
(4.0,[7.1021212121212125,7.544141414141415,-0.15454545454545446,8.623837291280145,7.993549000206143,5.710049536178107,2.0356473829201103,2.108593000714215,1.655518824609734,10.912793008321126,2.77002E9])
(4.0,[6.95591836734694,7.611122448979593,-0.13673469387755105,13.370350178834423,7.074748211655797,6.9705851041447495,2.722282382340691,2.1474718867138707,1.8180174927113701,10.873429310272956,2.809967E9])
(4.0,[7.129090909090906,7.45949494949495,-0.2520202020202021,5.359116512059368,5.833592599464025,6.231726489383632,1.7234159779614324,1.9084195490256088,1.7185613712886445,10.791916694829728,1.670013E9])
(4.0,[6.507272727272728,8.02939393939394,-0.544747474747475,8.356850649350646,4.296479220779223,2.762672129457844,2.023195592286502,1.5880379553106827,1.0898010407101324,10.75401782226575,8.750155E8])
(4.0,[5.737857142857143,8.201326530612244,-1.1845918367346944,9.974157216494847,6.183355954134231,4.613538491479064,2.24868804664723,1.9384693877551018,1.6031028738025823,10.66691861887159,0.0])
(4.0,[8.216969696969695,6.41090909090909,-0.5653535353535352,13.344449907235619,10.664196103896105,5.653116965574108,2.56013468013468,2.543434343434345,1.8080563207835931,11.058691874653686,0.0])
(4.0,[8.35989795918367,6.240102040816327,-0.16857142857142862,15.186829886387546,8.906248443088579,7.579729896907215,2.7335630987088706,2.3029633486047483,2.0516618075801754,11.107303602856335,3.79974E8])
(4.0,[7.805252525252525,6.313737373737374,-0.6956565656565658,14.844653762110903,10.955635889507317,10.479981962481965,2.6670278543005823,2.4939271502907863,2.109137843077238,11.033349395846777,7.69989E8])
(4.0,[8.101734693877555,6.551632653061226,-0.7929591836734692,7.25967634125815,4.540473595623814,6.272336513780773,1.9083715118700542,1.5976884631403585,1.62774468971262,10.970934929680537,1.00006E8])
(4.0,[8.031212121212125,6.275151515151515,-0.6874747474747476,7.338269944341373,6.411451762523192,6.610066007008861,1.9166207529843906,1.9238873584328124,1.8086644219977557,10.768475054589848,0.0])
(4.0,[8.15969696969697,6.150606060606061,-0.8127272727272729,6.088992764378478,6.452764935064934,6.42141391465677,1.8077563513927155,1.999185797367616,1.8195959595959592,10.724879068450976,3.029999E9])
(4.0,[8.01,6.204545454545455,-0.1938383838383838,9.690624489795916,7.698592393320965,6.236985116470831,2.1892929292929275,2.156786042240588,1.9418896031017239,10.76492524326781,4.80026E8])
(4.0,[8.008400000000004,6.148800000000002,-0.8866999999999996,7.712203474747476,5.564541979797979,5.342157686868687,1.8003760000000013,1.8644720000000001,1.5735599999999998,10.65680522598162,0.0])
(4.0,[8.378080808080801,5.871616161616158,-0.17343434343434352,7.040599340342198,8.28757287157287,6.149530942073799,1.8601754922967029,2.2426425874910727,1.8368595041322318,10.817252620710084,0.0])
(4.0,[7.796767676767676,6.246969696969695,-1.1334343434343437,10.499779241393526,7.764727458256028,8.112559513502369,2.2304662789511283,2.180557086011632,1.8117334965819811,10.696634344628729,0.0])
(4.0,[8.090102040816328,6.259285714285712,-0.6328571428571431,6.534968030717443,6.85132216494845,7.007890721649485,1.8356247396917957,1.945860058309037,1.73798833819242,10.762117859695836,5.249785E8])
(4.0,[8.26326530612245,6.211836734693878,-0.751122448979592,7.666374794866399,6.042514117399537,4.850100788975383,2.0063265306122458,1.9318367346938778,1.5685589337775925,10.790591622037226,0.0])
(4.0,[8.040199999999999,6.0775,-0.4275000000000001,8.212973696969696,7.692507828282823,5.748348232323229,1.8848279999999993,2.1074999999999995,1.78575,10.67399511434627,0.0])
(4.0,[8.099800000000005,6.332100000000001,-0.8462999999999998,6.1583959191919195,3.8766005959595957,4.481391222222224,1.6391480000000012,1.5415739999999998,1.4234180000000007,10.636217858578458,1.899994E9])
(4.0,[8.072142857142856,6.2465306122449,-0.7975510204081635,7.438736597938146,5.993690932042921,4.603299095308228,1.905291545189505,1.8949062890462298,1.5136609745939185,10.646509804797219,4.9988E7])
(4.0,[8.18272727272727,6.6658585858585875,-0.7195959595959596,9.933628200371055,5.722902061430633,10.377993712636568,2.355977961432507,1.8514763799612288,2.131641669217427,11.299123401150501,4.70093E8])
(4.0,[8.26525252525252,6.226060606060604,-0.6641414141414143,7.630678251906823,7.807264935064936,5.9850755308183885,2.019957147229874,2.1334741352923166,1.6214447505356597,10.864903164504364,0.0])
(4.0,[7.914747474747476,6.562828282828284,-0.7685858585858585,6.794686415172129,5.2176286538857966,4.641744918573491,1.7888154269972445,1.6801122334455667,1.4473992449750026,10.724913334636769,4.25003E8])
(4.0,[8.132755102040814,6.2521428571428554,-0.7691836734693874,9.168279960025247,4.278623195876289,6.234937471070901,2.1996376509787594,1.659285714285714,1.7795543523531858,10.768403351070303,0.0])
(4.0,[8.166262626262627,6.272828282828282,-0.7664646464646465,13.029090991548129,8.458179674293957,10.110733292104722,2.732057953270074,2.3224222018161416,2.198153249668401,11.07523104284118,1.3467E9])
(4.0,[7.964646464646462,6.406565656565655,-0.420808080808081,8.59669247577819,9.347084003298287,4.9735707689136275,2.1243689419446983,2.2677747168656257,1.649962248750128,10.864505663088007,1.269989E9])
(4.0,[7.992551020408166,6.408469387755103,-0.8958163265306124,7.97362538396802,7.570759488743948,5.838770976225542,2.0663327780091625,2.043571428571428,1.7288962932111616,10.813818244290557,0.0])
(4.0,[8.313300000000003,5.866099999999999,-0.9645999999999996,6.515820313131313,4.930351303030307,4.544685696969697,1.7182960000000005,1.8247439999999995,1.5263240000000005,10.595933135896031,3.350006E9])
(4.0,[8.260606060606067,6.123737373737376,-0.45858585858585854,9.56817922077922,11.069456297670582,5.996083694083696,2.2393755739210284,2.513219059279666,1.8493602693602689,10.960959140048866,8.50006E8])
(4.0,[8.353939393939394,6.137979797979798,-1.0589898989898994,12.452846567717998,6.902904040404044,5.681117336631625,2.586434037343128,2.085395367819611,1.6941128456279964,11.032785360828376,9.233396666666666E8])
(4.0,[7.900206185567008,6.532680412371133,-0.6505154639175257,10.637681207044674,11.606240657216498,10.186702856529209,2.2983356360931015,2.4418981825911357,2.159579126368371,11.173618888571674,0.0])
(4.0,[8.186199999999998,6.184699999999999,-0.7009999999999997,8.176890464646466,4.794059505050504,5.674245454545455,2.0256399999999997,1.7572299999999998,1.6941,10.759362200555103,0.0])
(4.0,[7.954949494949498,6.406868686868686,-1.172121212121212,8.818972191300768,7.539329890744174,5.227298515769943,2.0650994796449336,2.1043118049178653,1.6450933578206302,10.84344292330143,1.0566813333333334E9])
(4.0,[7.670707070707069,4.964545454545455,-0.48616161616161613,11.583757658214797,24.234237291280152,7.752227973613689,2.387164575043363,3.31625344352617,2.141373329252117,10.804544980584959,1.2100065E9])
(4.0,[4.344,-6.264,6.167,1.4109822222222224,0.4247822222222221,1.3604677777777774,0.8572,0.5060000000000001,0.8268000000000001,9.899852934778137,0.0])
(4.0,[3.393636363636365,10.028989898989899,0.7581818181818177,15.42047643784787,13.899292846835705,7.971812987012988,3.0380165289256182,3.040393837363534,2.192433425160699,11.65396355050369,0.0])
(4.0,[7.41929292929293,7.553838383838385,-0.6037373737373736,11.89118622964338,7.375950422593281,11.733086909915484,2.4374247525762693,2.2132782369146002,2.2778696051423313,11.42391688543166,4.169983E9])
(4.0,[7.393061224489794,7.255816326530611,-0.701938775510204,8.054551357037658,8.963197780349258,5.547774552913949,2.141978342357351,2.074777176176593,1.5333735943356934,10.947925712643626,9.733173333333333E8])
(4.0,[7.415510204081634,7.306224489795921,-0.6796938775510208,11.68763736587418,7.812930959394066,5.883134956869344,2.440337359433569,2.1764014993752605,1.7493107038733857,11.07716846460587,0.0])
(4.0,[7.664242424242426,7.290404040404041,-0.5608080808080809,9.440028756957332,10.48208759018759,6.574750360750358,2.219436792164064,2.4105499438832774,1.6964595449443935,11.227599156399906,1.1901446666666667E9])
(4.0,[7.241010101010099,7.384040404040401,-0.5456565656565657,11.926001010101016,8.077793712636566,6.43651869717584,2.4258483828180792,2.1234792368125697,1.8003897561473317,11.02720563573774,0.0])
(4.0,[7.176161616161618,7.24787878787879,-0.6312121212121212,13.040223891981034,8.478692393320966,7.140457699443413,2.5437690031629425,2.3214814814814835,1.8103275176002442,10.916072126617292,1.029991E9])
(4.0,[4.336734693877551,9.141938775510205,1.1794897959183672,9.838906753629285,7.440758058068593,7.907237881338105,2.310745522698877,2.065612244897959,2.347244897959183,10.947604388289726,6.74988E8])
(4.0,[4.190707070707071,9.109494949494948,1.2193939393939395,9.430743372500517,7.281235456606885,7.605026159554734,2.259704111825324,2.0217120701969185,2.284034282216101,10.842844586930072,6.74988E8])
(5.0,[-2.9449494949494963,8.849292929292929,-0.2089829283838384,16.155470150484437,18.558502556173984,4.287831988800614,3.167213549637793,3.173429241914091,1.5008397526721762,9.966648565986567,5.08750875E8])
(5.0,[-3.4860606060606067,8.79626262626263,-0.5204623745454546,22.352324118738416,25.01517874665017,8.318870791707765,3.7723966942148763,3.90539332721151,1.9336891445362716,10.399655184764029,6.500143333333334E8])
(5.0,[-3.577448979591836,8.674591836734693,-0.036969499489795915,12.9473779612876,17.87415704818009,7.832652238023376,2.8717825905872565,3.065749687630154,2.0883606852769674,10.085326469816367,5.100218E8])
(5.0,[-3.6236363636363635,8.9779797979798,-0.22838158666666664,17.456527458256023,20.374171387342816,6.498587995579154,3.3528191000918266,3.3874094480155104,1.8921401961616153,10.631738905493732,5.833383333333334E8])
(5.0,[-3.5419587628865985,9.08226804123712,-0.21202809878350515,15.101855498281788,22.138473969072184,5.657952450879276,3.06841109575938,3.6025996386438535,1.7671391524383036,10.584248187688107,4.7882075E8])
(5.0,[-3.5239393939393944,9.148383838383838,0.17761485525252518,12.252156771799628,22.947932055246348,8.914293549868498,2.8487848178757273,3.8236975818793977,2.29898852966432,10.717340317294356,6.759888E8])
(4.0,[-3.511134020618557,8.99546391752577,-0.09899325519587629,4.478635158934709,12.953250042955316,7.017261120798268,1.7245148262302052,2.9384355404400044,1.6508776245241794,10.1212512858425,0.0])
(4.0,[-4.498877551020407,8.67061224489796,-0.5114579531632653,4.476638933305281,8.90309240479697,4.0478251442729345,1.5908059142024151,2.1440149937526036,1.3806698552353187,10.101753796081372,1.159943E9])
(4.0,[-4.4399999999999995,8.777346938775512,-0.5498172944081631,6.018729896907215,16.52409185777405,5.666727360419452,1.9669387755102048,3.29523948354852,1.6230904953461056,10.2709966296851,0.0])
(4.0,[-4.543367346938774,8.616020408163266,-0.31285104589795915,7.397806069850621,19.039352040816315,11.085595226572421,2.1292253227821734,3.6610433152852973,2.17590017996793,10.394734072307173,2.14505E9])
(4.0,[-4.585757575757574,8.763838383838387,-0.30748967064646465,9.473547124304268,23.27957083075654,9.360515360439095,2.4906703397612486,4.187699214365881,2.2045035117938983,10.528169566910895,1.0700276666666666E9])
(4.0,[-4.570909090909092,8.877373737373732,-0.34931377571717176,9.59878385899814,23.629911399711396,8.083874222600853,2.3000367309458216,4.0494684215896335,2.005219251078869,10.607160766592553,6.666666666666666E8])
(4.0,[-4.381111111111113,8.87282828282828,-0.14707223121212123,8.828918140589574,23.63995926613069,8.200549833837854,2.371896745230079,4.099044995408629,1.9898687416100402,10.451159010014225,4.1249075E8])
(4.0,[-4.525454545454546,8.70050505050505,-0.4165900199999999,6.2350066790352505,18.30596198721914,6.246293742470823,1.9655280073461898,3.4425915722885425,1.6785671420202015,10.265474069517962,2.1850435E9])
(4.0,[-4.77949494949495,8.46959595959596,-0.2948323678383838,10.033335456606883,21.96743656977943,9.256583104385369,2.377045199469442,3.6817814508723594,2.009071476068156,10.494656380885989,9.30008E8])
(5.0,[4.382929292929292,9.376565656565655,0.5918660165656568,21.95476582148011,12.144937064522772,13.839574465184029,3.9021610039791863,2.729996939087848,2.7815276605530053,11.77034061209746,1.959961E9])
(5.0,[4.795612244897959,9.189897959183673,0.07102037610204077,16.979536219229956,16.00511029875868,10.90558119524414,3.2751895043731785,3.0672344856309866,2.285160785790088,11.450855231933563,1.649994E9])
(5.0,[2.572325581395347,10.276511627906977,0.17896502060465122,23.225127796234766,28.185928017718712,27.619318582731477,3.9576203353163875,4.439524067063278,3.8120178157447273,12.774164093035104,1.2150425E9])
(5.0,[5.93969696969697,8.56838383838384,0.6984899487878792,24.41640296846011,16.216270830756546,19.411581356879168,3.9354025099479646,3.263195592286501,3.6518958247933884,12.059254249557705,1.830017E9])
(4.0,[2.6076767676767676,10.009494949494947,-1.1655715702828287,8.215409853638425,18.39265790558648,7.939168961015515,2.1900377512498737,3.5244995408631765,1.8922819746523822,11.100615188122122,8.3998875E8])
(4.0,[2.969795918367347,10.070612244897957,-0.6487732910816325,8.49239995792131,12.698401683147482,8.700219428344262,2.268971261974177,2.9605997501041217,2.045145400027072,11.15537108744647,0.0])
(4.0,[2.3287209302325573,10.077906976744183,-1.0684054044883726,9.221778344733238,16.659430861833105,9.948474339313009,2.2952028123309893,3.27586262844781,2.129068816337479,11.167022069244798,1.14991E9])
(5.0,[0.5863265306122447,10.113877551020407,-1.5150000000000001,2.47986059330949,4.196411613717651,2.607210824742268,1.2142315701790916,1.6742274052478128,1.199081632653061,10.475890409927874,7.340026E8])
(5.0,[0.26422680412371125,10.086907216494845,-1.470927835051546,2.722591323024055,4.3755465850515485,2.97327100515464,1.2958252736741418,1.6029482410458074,1.3209565309809754,10.467690020607616,2.350006E9])
(5.0,[0.814040404040404,9.929292929292927,-1.4491919191919196,3.1195569779426915,6.55362500515358,2.4667932178932173,1.4666646260585654,2.0756351392715024,1.2261565146413629,10.348760633724533,2.720001E9])
(5.0,[0.7644444444444448,10.047979797979798,-1.4597979797979803,3.1776535147392293,4.01626322407751,2.5635040404040406,1.414567901234567,1.6117355371900828,1.2090725436179977,10.449815184072962,8.75015E8])
(5.0,[0.4372727272727273,10.071212121212127,-1.4042424242424236,4.774495547309833,6.729355658627092,3.5609940630797783,1.7064462809917356,2.0182920110192843,1.48211815120906,10.574882698008063,2.420013E9])
(5.0,[0.5797894736842104,10.014315789473681,-1.4673684210526312,4.285580806270996,8.866216282194847,3.097421724524077,1.581919113573407,2.3335667590027716,1.4001108033240992,10.491050342548945,1.295013E9])
(5.0,[1.1446913580246916,9.950000000000003,-1.5522222222222222,5.177115216049382,12.044492500000002,3.0612999999999992,1.7714007011126351,2.8837037037037034,1.353744855967078,10.540584845874998,1.3400115E9])
(5.0,[1.123737373737374,9.957474747474746,-1.5813131313131314,5.051360379303237,12.516482333539471,3.14710948258091,1.7609468421589638,2.9043648607284975,1.3822140597898176,10.545308883618436,1.02249925E9])
(5.0,[-0.6047959183673471,9.970000000000002,-1.0451020408163265,3.830612844519253,7.486107216494846,1.6166108142225963,1.5063223656809668,2.14795918367347,1.0382757184506457,10.275234371547949,3.020691E9])
(5.0,[-0.5731632653061225,10.070510204081632,-1.466836734693878,2.569277519461393,9.831318293709241,2.327494014306754,1.2283298625572676,2.55685755935027,1.156116201582674,10.399684465097863,1.400009E9])
(5.0,[-0.37438775510204086,9.88183673469388,-1.2347959183673467,3.511387765621713,6.017283189564483,1.77299841152956,1.4103311120366513,2.0259391920033325,1.0372199083715123,10.205962945138094,0.0])
(5.0,[-0.4778571428571428,9.964591836734694,-1.443367346938775,3.723099484536084,8.477033336839895,2.6928473069640235,1.422142857142857,2.3775093710953783,1.2921449396084965,10.370434169438553,0.0])
(5.0,[-0.25747474747474747,10.038787878787879,-1.3762626262626254,3.4196007008864155,6.803833209647497,2.3918991548134394,1.424573002754821,2.08203244566881,1.1681705948372618,10.39232313646008,0.0])
(5.0,[0.055500000000000015,9.952599999999995,-1.5692000000000004,3.4010674242424246,8.484231555555555,2.098530666666667,1.49245,2.476608000000001,1.1479040000000007,10.329085310861624,8.00003E8])
(5.0,[0.2562886597938144,10.119896907216495,-1.297113402061856,4.199921499140894,10.605163530927836,2.307901997422681,1.5987777659687532,2.675765756190883,1.1527494951642043,10.4999580804657,1.0099893333333334E9])
(5.0,[0.376969696969697,9.924343434343436,-1.1390909090909094,4.241358070500929,10.39310849309421,1.637430797773655,1.612127333945515,2.685432098765433,1.0155555555555553,10.244980585071229,1.150086E9])
(5.0,[0.006161616161616151,9.914848484848486,-0.8778787878787877,3.857625932797363,8.855147680890537,2.032545454545455,1.6194796449341902,2.3331558004285275,1.0974104683195596,10.228109470723608,1.569977E9])
(5.0,[-0.04989690721649486,9.963917525773194,-1.1913402061855667,5.679078114261169,11.829946993127146,2.279938810137457,1.7815410776915717,2.65805930492082,1.1737527898820272,10.383125279412386,9.233296666666666E8])
(5.0,[-0.09377551020408162,9.942653061224489,-1.252040816326531,4.777506217126024,10.786060929938984,2.150814348832316,1.7152811328613071,2.62633902540608,1.1547771761765935,10.338930668680916,2.749175E8])
(5.0,[0.0598979591836735,10.028571428571432,-1.2387755102040818,5.09729998948033,11.547360824742263,2.1301593099095304,1.72826114119117,2.688104956268222,1.1460974593919198,10.417460485610793,9.06667E8])
(5.0,[0.2596969696969696,10.042626262626264,-1.3522222222222229,5.703788682745824,10.321654256854254,2.6601643990929706,1.832635445362718,2.612413019079686,1.201661054994388,10.490913718671568,1.9649965E9])
(5.0,[0.4964285714285714,10.032551020408167,-1.278673469387755,7.1058458762886625,12.83963569324637,2.423863170629076,1.9989941690962094,2.9549042065805913,1.19323198667222,10.547240485712562,0.0])
(5.0,[1.3714141414141414,9.770000000000001,-1.2303030303030302,8.487993898165323,18.711291836734695,1.7907846011131732,2.049535761656973,3.655151515151515,1.0488276706458524,10.348537521641168,5.960084E8])
(5.0,[1.5813157894736838,10.122631578947368,-0.9094736842105262,9.271833357041253,18.30255504978663,1.8952537695590332,2.359944598337949,3.626869806094182,1.071634349030471,10.702402990043952,1.649963E9])
(4.0,[-0.30353535353535344,9.985757575757571,-1.822626262626263,1.841141455370026,4.310847124304266,1.633172624201195,1.047801244770942,1.6650076522803796,0.9869482705846344,10.334831220191933,0.0])
(4.0,[-0.42343749999999997,10.059791666666667,-2.3462500000000004,1.5791638486842094,5.96282311403509,1.5831773684210533,0.9674739583333333,1.9889236111111106,0.9644270833333334,10.506738160303854,1.3033243333333333E9])
(4.0,[-0.28777777777777785,9.961818181818186,-2.4396969696969713,1.8644256235827668,6.35596400742115,1.936019294990723,0.9800897867564534,1.9864646464646476,1.0819344964799515,10.4537077202619,1.10248575E9])
(4.0,[-0.4516999999999996,9.927100000000003,-2.292499999999999,1.5352748585858587,5.125596555555555,1.3513239898989904,0.9411680000000003,1.9198940000000002,0.8798499999999999,10.347760168311412,9.60134E8])
(4.0,[-0.3036082474226805,9.984020618556698,-2.396288659793814,1.3380233032646052,5.389457624570447,1.9639339991408937,0.8940461260495273,1.7940843872887657,1.0797853119353817,10.441218234374656,0.0])
(4.0,[-0.37292929292929283,9.95030303030303,-2.237676767676767,1.329884188827045,4.54609072356215,1.4945363842506705,0.8768146107540047,1.7480501989592896,0.9387246199367412,10.354978429979788,9.0750125E8])
(4.0,[-0.3496907216494844,10.095360824742265,-2.4597938144329903,1.5070738616838482,6.810777212199315,1.8996395403780069,0.9433924965458602,2.1270953342544363,1.0676139866085665,10.56622376802151,2.309997E9])
(4.0,[-0.45858585858585843,10.06909090909091,-2.4107070707070704,1.4761551226551224,6.670681818181818,1.6186025561739843,0.9521354963779205,2.2323599632690536,0.9991837567595143,10.527705862887245,0.0])
(4.0,[-0.9529292929292933,9.91626262626263,-2.8331313131313136,1.7589841888270465,9.640621603793035,1.4527135642135645,0.9175145393327213,2.634812774206715,0.9133782267115604,10.51654365603605,1.0099996666666666E9])
(4.0,[-5.10204081632732E-4,10.028571428571428,-1.5474489795918365,2.343514169997895,4.751787628865978,1.8923614664422466,1.2015306122448974,1.7314577259475221,1.071882548937942,10.356376946390252,9.466553333333334E8])
(4.0,[-0.5357731958762888,9.984226804123715,-1.788865979381444,1.416626739690721,6.171845489690722,1.5185289089347076,0.9478711871612285,2.102858964820916,0.9812349877776596,10.308738943911155,2.510009E9])
(4.0,[-0.24969696969696967,9.985757575757575,-1.8438383838383838,1.5014641929499075,7.301165491651202,1.6827687899402188,0.9679889807162537,2.177943067033977,1.0319110294867873,10.334176006544654,1.0666706666666667E9])
(4.0,[-0.6173469387755102,9.976122448979595,-1.9621428571428563,1.7270794866400165,7.246005428150649,1.5784850515463908,1.0231986672219908,2.183856726364015,0.9855830903790087,10.348185849475785,8.397113333333333E8])
(4.0,[-0.6050505050505052,9.940303030303028,-2.192525252525251,1.3095068851783138,5.538907050092765,1.4675843743558032,0.8354065911641669,1.9344903581267214,0.8577063564942352,10.328941305443244,3.100007E9])
(4.0,[-0.20183673469387753,10.07224489795918,-2.0465306122448985,1.5264687565747947,7.297821712602567,1.8783383547233319,0.8935068721366096,2.1596626405664305,1.0452977925864226,10.451199628870786,1.1067506666666667E9])
(4.0,[-0.5541836734693876,9.870204081632656,-2.2378571428571443,1.6028163370502846,8.695090679570798,1.501765463917526,0.9350187421907535,2.4737026239067057,0.9678571428571433,10.309818028826665,1.1849975E9])
(4.0,[-0.2995959595959595,10.02565656565657,-1.994747474747475,2.141001875901875,6.544018697175838,2.2176109049680477,1.1654667891031532,2.028621569227631,1.0740026527905306,10.434634264863021,0.0])
(4.0,[-0.3341414141414142,9.832525252525247,-2.096161616161616,1.3797224695938979,8.316329272314986,2.3386994021851164,0.8964228139985718,2.208262422201815,1.1440179573512907,10.249738415503442,0.0])
(4.0,[-0.45113402061855673,9.944226804123716,-2.3001030927835053,2.1017997422680406,11.793570489690717,1.642511447594501,1.0403443511531516,2.747703262833458,0.9770262514613668,10.402088611254907,1.204895E9])
(4.0,[-0.8222222222222223,9.664166666666665,-2.1697222222222217,1.3464634920634924,7.506036428571432,1.3644484920634914,0.800493827160494,1.935972222222222,0.8674382716049382,10.067219434288992,3.49991E8])
(4.0,[1.6174747474747475,9.536060606060607,-3.0785858585858596,2.7541945784374353,6.156834322820036,2.3244530818387963,1.2816875828997039,1.9867768595041317,1.1540985613712882,10.385217307337006,5.339964E8])
(4.0,[1.1962105263157896,9.650315789473684,-3.5262105263157895,1.9038046360582312,8.803083941769318,1.580417402015677,1.0772963988919675,2.507951246537397,0.9867124653739614,10.524435758260047,5.599975E8])
(4.0,[1.1922222222222219,9.639595959595962,-3.455555555555555,1.8072195011337868,8.748263100391673,1.7530637188208613,1.0425140291806951,2.449215386185085,1.0001122334455665,10.503244736602477,5.599975E8])
(4.0,[1.3527272727272723,9.337878787878788,-3.4418181818181806,2.5951547309833023,8.446510760667909,1.9502435992578842,1.1878420569329657,2.2288276706458516,1.0777961432506884,10.272890757046547,0.0])
(4.0,[1.2583838383838386,9.424848484848484,-3.497878787878788,2.375819810348382,6.571841558441561,1.663518923933209,1.208703193551678,2.1121518212427297,1.0199081726354455,10.335656521201745,0.0])
(4.0,[1.4649494949494948,9.477272727272728,-3.5534343434343434,2.3415640280354557,8.900930241187385,1.8032166563595147,1.1906519742883372,2.4285950413223136,1.0628058361391692,10.416158776855882,1.199982E9])
(4.0,[1.7674489795918367,9.607755102040818,-3.452142857142857,2.611699610772144,7.785615527035559,1.9085159793814448,1.2256559766763846,2.290928779675134,1.0304810495626817,10.55690416664854,0.0])
(4.0,[-0.3573737373737374,9.851313131313134,-2.182525252525253,2.7002522160379323,6.968601319315606,2.2806741702741706,1.2172941536577897,2.1915069890827468,1.1493725130088768,10.348487159338061,3.49991E8])
(4.0,[0.18781249999999994,9.884374999999999,-2.3327083333333323,2.2958993750000003,6.915469078947369,2.4285420614035096,1.2095247395833337,2.1556901041666667,1.1983506944444446,10.406956378085653,6.49994E8])
(4.0,[0.3514141414141414,9.908181818181818,-2.41979797979798,2.692602061430633,8.996006864564006,2.355187713873428,1.2508948066523826,2.5470523415977966,1.1731211100908077,10.458822142916015,0.0])
(4.0,[0.5571134020618558,9.7719587628866,-2.266804123711341,2.4591374140893474,8.809782581615117,2.2909844716494847,1.1944308640663197,2.336779679030716,1.1708746944414927,10.297040619081121,0.0])
(4.0,[0.30353535353535355,9.922929292929288,-2.483939393939394,2.851110843125129,11.858210719439294,1.9265935064935067,1.2895847362514028,2.7435751453933266,1.0589654116926845,10.486091471389459,1.564987E9])
(4.0,[0.37200000000000005,9.794300000000003,-2.5451000000000006,2.247820202020201,8.6350894040404,2.5389747373737377,1.1956800000000005,2.4201880000000013,1.1799119999999998,10.39797237138146,6.820008E8])
(4.0,[0.5882653061224488,9.681632653061223,-2.628367346938775,2.803950568062278,10.51222823479907,1.7789292657269082,1.2654706372344848,2.733431903373594,1.0296959600166602,10.295574909026584,5.00062E8])
(4.0,[0.48620689655172417,9.65,-2.749655172413793,1.3554529556650243,9.264550000000002,1.646689162561577,0.9021165279429251,2.2889655172413796,1.0741022592152196,10.20772736415875,0.0])
(4.0,[0.4053535353535354,9.70666666666667,-2.4820202020202036,2.1931679859822717,8.686948979591836,2.4458122036693464,1.1834955616773801,2.4119865319865332,1.1473767982858893,10.30087420070436,6.820008E8])
(4.0,[0.593298969072165,9.747938144329897,-2.588350515463917,2.8356181701030923,10.40558112113402,1.7467472508591062,1.2781762142629394,2.715642469975555,1.020087150600489,10.343475552927279,5.00062E8])
(4.0,[0.3949999999999999,9.748076923076923,-2.8749999999999996,1.4202979999999996,10.109448153846154,1.66717,0.9169230769230771,2.4245562130177523,1.0726923076923076,10.338771586692374,0.0])
(4.0,[0.5728282828282828,9.702727272727273,-2.673939393939393,2.624338857967429,10.89878330241187,1.807707792207793,1.2301867156412611,2.71404958677686,1.0603367003366997,10.31589369468789,8.750155E8])
(5.0,[3.2521212121212115,10.344646464646464,-0.3523404961212122,14.753806679035248,15.300865945165947,16.401188710401286,3.2777288031833494,3.1862524232221214,2.774890460561984,12.219021807138228,1.3799543333333333E9])
(5.0,[2.219081632653061,10.453367346938776,0.23251879102040812,11.958375436566383,15.396208131706288,15.354773525726907,2.8196938775510216,3.2047334443981663,2.7299266807788425,11.991946939832808,5.99996E8])
(5.0,[2.8138775510204073,10.137244897959185,0.08380683585714285,13.581432232274352,17.052859341468544,12.767582523552052,2.9324947938359025,3.248744273219492,2.429669227055393,11.812895691823236,4.342772E8])
(5.0,[2.436565656565656,10.527878787878791,0.44355555440404054,13.056549309420735,16.92851280148422,22.17008166999068,2.932496684011834,3.268711355984083,3.3402162075763693,12.433440601753663,5.850016666666666E8])
(5.0,[2.477575757575757,10.379393939393944,0.20182880101010112,9.93956345083488,13.82214860853433,12.170517921804759,2.446587082950719,2.87608203244567,2.4572158013039482,11.712571785464704,4.699952E8])
(5.0,[-2.486464646464647,9.741818181818179,-0.5287171067272726,19.503472067614922,18.804500742115025,12.825844035683529,3.439506172839507,3.4062075298438925,2.567904584650138,11.445829180266037,5.833333333333334E8])
(5.0,[-2.4148351648351642,9.921318681318684,-0.8830774924175824,23.75162525030525,20.80724046398047,12.215178432753648,3.745646661031276,3.8018306967757525,2.520289005793985,11.685373418849723,8.92395E8])
(5.0,[-2.7525773195876293,10.157525773195882,-0.4567730917319588,25.129094329896898,17.689891731099657,10.446784916899768,4.015965564884685,3.3979147624614723,2.2823064555778507,11.962345079113312,6.640074E8])
(5.0,[-2.4121212121212126,10.379393939393939,-0.4604778087272728,32.2550025974026,20.14874248608535,11.724161002276631,4.609788797061525,3.6060422405876946,2.473236117017448,12.353010810006461,5.875015E8])
(5.0,[-2.6111111111111107,10.218787878787882,-0.44561925064646435,23.51788548752835,20.395037291280154,12.463465500089313,3.929966329966329,3.757190082644629,2.7106256680338734,12.080508591374926,6.583251666666666E8])
(5.0,[-2.4613131313131307,10.395353535353538,-0.3608704200404041,30.779527849927838,20.182384312512877,11.654478616530604,4.562240587695131,3.570566268748087,2.4365983450096924,12.36369797415811,5.71398E8])
(5.0,[-2.8029591836734693,10.20428571428571,-0.6024919118775511,24.358526204502407,20.083855670103095,14.103960820313276,3.9484235735110387,3.786093294460641,2.838322177433569,12.201634285352672,6.5832E8])
(5.0,[-2.6963636363636367,10.255555555555555,-0.3059762926262628,17.822068274582563,23.46146984126985,13.003584961387887,3.2800367309458225,4.0072278338944995,2.4953294265442305,11.877385953563396,4.722222222222222E8])
(4.0,[4.152653061224492,9.88948979591837,-0.9021395387346939,8.232636187670943,16.73945437618346,13.013468637469222,2.2774968763015413,3.1507455226988745,2.5630221304514795,11.713766336567488,0.0])
(4.0,[2.9863265306122453,10.256530612244898,-0.19582724861224493,8.107165747948665,11.951249694929519,7.746781941938341,2.1646189087880052,2.6919950020824666,1.7790806245564348,11.437129381025569,0.0])
(4.0,[3.409591836734693,9.964897959183672,-0.29978663967346925,9.488022512097622,20.735649989480326,8.797704697931525,2.5103998334027495,3.448971261974178,2.127125615659309,11.565591410646872,1.050003E9])
(4.0,[3.0045454545454553,10.272525252525249,-0.33583099569696984,6.954202597402597,11.726902741702741,10.727056142490072,2.132047750229569,2.6907335986123857,2.2384786325448434,11.492187733679875,0.0])
(4.0,[2.769183673469387,10.403571428571428,-0.5024240468367347,11.333267367978115,9.022598453608248,12.278860988532621,2.719150354019158,2.3901895043731782,2.4706437438192412,11.73980999180803,1.07501225E9])
(4.0,[2.880510204081632,10.102653061224487,-0.20777977663265304,7.174538912265938,10.911910414475065,9.486568823963058,1.9775114535610157,2.393619325281132,2.139705017113703,11.240128500305625,0.0])
(4.0,[2.672551020408163,10.352040816326536,-0.2334916673061224,10.678198579844308,6.597385482852935,10.310157150322079,2.583575593502708,2.002736359850062,2.2481515545855895,11.512753957024625,0.0])
(4.0,[3.3048484848484865,9.876363636363637,-1.0202878738383838,9.55805380333952,9.28028256029685,7.776813737319795,2.4270156106519747,2.4948209366391185,1.9779646539332738,11.208417296559965,9.50012E8])
(4.0,[2.7856122448979606,10.111938775510211,-0.9874752059591836,11.480385703766043,10.540560119924255,8.303540488368004,2.471211995002083,2.6087921699291976,2.065984360901291,11.439361805104815,5.0001E8])
(4.0,[3.0371134020618555,9.962371134020616,-0.806268411072165,8.03686449742268,4.558870360824745,8.832082334280068,2.0197002869592935,1.6139419704538212,2.1384278990345416,11.15447796182733,0.0])
(4.0,[2.847474747474748,10.102727272727273,-0.7273815962020203,11.429421109049684,6.6775894248608525,12.757784694275484,2.488709315375982,1.9920110192837464,2.38995480902765,11.463259104869902,6.49811E8])
(4.0,[3.09295918367347,10.169795918367349,-1.0279193219387752,12.301258163265313,8.214942225962556,11.439822609133802,2.662263640149936,2.2759225322782175,2.393862626145356,11.625347816279199,1.0E9])
(4.0,[3.0152040816326533,10.081020408163264,-0.9852514949591837,8.760674700189357,10.081003071744158,9.562509271115198,2.225612244897959,2.359633486047479,2.1803164463715103,11.428432740360728,0.0])
(4.0,[3.1040697674418607,10.02209302325582,-0.8517468706976745,10.714965595075245,9.183023803009577,10.38124587486371,2.3393239588967005,2.264418604651162,2.2826421087885342,11.380233076489752,7.25006E8])
(5.0,[-2.6807142857142856,9.273367346938773,0.23683673469387762,15.450344845360828,24.48318957500524,16.273786797811905,2.9937317784256545,4.120581007913369,2.6878550603915037,10.893009505051587,6.750235E8])
(5.0,[-2.7971999999999984,8.8577,-0.4121999999999999,24.72676177777777,32.238924959595955,14.377976929292926,3.7144,4.902686,2.500116,11.154627872949627,7.93335E8])
(5.0,[0.32330000000000003,9.145900000000001,-0.4156,20.02116374747474,29.981188070707084,16.671158222222232,3.573566,4.616289999999999,2.811008000000001,11.08760352442863,6.600086666666666E8])
(5.0,[7.975757575757579,6.071717171717172,-0.41363636363636364,27.37949202226346,27.610579674293966,20.260407050092763,4.280563207835934,4.026964595449444,3.3371900826446286,11.952595577548658,2.00502E9])
(5.0,[7.3824,5.877499999999998,-0.7234999999999997,30.457687111111106,40.10435227272726,23.028366414141416,4.4877519999999995,5.000850000000001,3.481539999999999,11.910318219653313,9.69971E8])
(5.0,[7.028900000000002,5.334899999999999,-1.0264999999999995,30.71862605050505,43.74850403030302,19.63683914141414,4.61059,5.059990000000001,3.1010500000000003,11.36332596724723,1.290029E9])
(5.0,[8.390303030303029,5.259797979797978,-0.9602020202020213,28.35487439703153,42.04193465264894,20.95245710162853,4.315078053259874,4.9579491888582785,3.1611815120906033,12.370849830441854,1.16001125E9])
(5.0,[7.656099999999998,6.364399999999998,-1.1604999999999996,35.22366847474748,39.71817438383838,21.17259267676768,4.926109999999999,4.9596399999999985,3.1909099999999992,12.226255697976514,1.113373E9])
(5.0,[7.117800000000002,4.987199999999999,-0.4937000000000001,32.471284,35.049765818181825,21.79384576767676,4.783112,4.522408000000002,3.3984859999999997,11.282720932849376,5.59967E8])
(5.0,[7.964600000000001,4.4872000000000005,-0.6680999999999999,25.07994428282829,38.33131127272728,22.277589282828277,4.127368,4.677920000000003,3.4324140000000005,11.614138944640567,3.119965E9])
(5.0,[0.58040404040404,8.502626262626269,-0.8576767676767677,18.13138759018759,40.106737930323646,21.293781282209856,3.2833017039077634,5.441354963779206,2.987307417610449,10.70770809948019,3.283411666666666E8])
(5.0,[-3.6409090909090915,8.3640404040404,-0.2512121212121211,22.71897161410019,35.085810039167164,30.327669944341366,3.6878971533517007,4.776326905417815,3.9025221916130994,11.436956709902981,4.272571818181818E8])
(5.0,[-3.462222222222223,8.331515151515147,-0.2184848484848485,19.01833174603175,28.697059925788505,17.417394619666048,3.1837261503928174,4.434318947046221,2.805999387817571,10.659665528430674,5.739746E8])
(4.0,[-8.83858585858586,2.9807070707070706,0.08959595959595971,48.596846959389836,23.739235209235204,8.637373304473305,6.138657279869402,3.9055198449137847,2.0963024181205996,11.064669156863882,0.0])
(4.0,[-10.085000000000006,0.128265306122449,-0.6454081632653064,25.195693298969058,9.23177118661898,9.029961171891436,4.176020408163266,2.4106247396917952,2.3127717617659314,11.018229508264408,0.0])
(4.0,[-9.9087,0.2985,-0.3481000000000001,27.53219728282829,10.051439141414145,11.901389282828278,4.2387179999999995,2.4605300000000003,2.3844420000000004,11.013376014460162,0.0])
(4.0,[-9.805799999999993,0.22279999999999991,-0.41479999999999995,26.001822585858573,8.547181979797976,7.142873696969696,4.319179999999999,2.292744,1.8006240000000002,10.576842154621236,0.0])
(4.0,[-9.876161616161617,0.2707070707070708,-0.5240404040404042,24.34497695320553,7.712704596990315,10.35521820243249,4.103738394041424,2.2252606876849303,2.1434751555963656,10.701435476509896,0.0])
(4.0,[-10.260000000000003,0.2878,-0.46069999999999983,19.888797979797985,5.9324052121212105,4.643624757575758,3.604200000000001,1.8534199999999998,1.2252859999999999,10.78096410678834,0.0])
(4.0,[-7.190505050505048,6.990202020202022,1.0303206099741036E-17,18.768027293341582,17.52989179550608,13.294230612244895,3.38727884909703,3.507476788082849,2.424040404040404,10.900424229836942,1.8200535E9])
(4.0,[-6.996363636363636,6.842222222222221,-0.011010101010101003,18.006039703153988,22.09055623582766,8.85815203050917,3.389972451790633,3.872570145903479,1.9599673502703805,10.54424808233393,0.0])
(4.0,[-8.061899999999996,6.585099999999998,-0.2977,22.4079205959596,22.4694818080808,9.59926233333333,3.9309559999999983,3.829108000000002,2.0051619999999994,11.169947969376048,0.0])
(4.0,[-8.164848484848486,6.741919191919193,-0.5896969696969696,17.14013339517626,27.10118097299525,9.254990723562146,3.311447811447813,4.199149066421794,2.12615243342516,11.565041288251825,1.049744E9])
(4.0,[-7.551999999999999,6.851199999999999,-0.2624000000000001,7.574654545454544,13.819301575757576,4.476874989898991,2.0984399999999996,2.8335999999999992,1.4421040000000005,10.7080457932911,0.0])
(4.0,[-7.352424242424241,6.657676767676769,-0.2870707070707072,10.143179777365486,13.326640465883317,5.523925005153577,2.355769819406182,2.821585552494642,1.5856096316702384,10.526867780022927,2.400177E9])
(4.0,[-7.513999999999998,6.873200000000001,-0.23340000000000008,20.152836363636364,22.34437147474747,6.3892388282828305,3.3160799999999995,3.599311999999999,1.6159920000000003,11.13264099088683,1.410125E9])
(4.0,[-8.103333333333333,5.804848484848483,0.022323232323232245,9.3344,15.415876252319103,8.929089445475158,2.3464646464646464,3.0204530149984694,2.073645546372819,10.814020428387035,0.0])
(4.0,[-1.8346,9.101500000000003,-0.8838,15.637267515151514,40.505760353535365,10.203425818181818,2.7859240000000014,5.427550000000001,2.19582,11.045875376114836,8.119994E8])
