(5.0,[0.8356122448979593,8.982959183673465,4.19840270285714,3.6983424047969713,10.941511771512728,2.6772408707533115,1.5757913369429402,2.78270928779675,1.2806587482215745,10.217446782850512,1.036672E9])
(5.0,[1.1423232323232322,9.31494949494949,3.406187549696969,5.7488302618016895,18.75558035456606,4.921405278414095,2.0275992245689207,3.431964085297419,1.753343543728192,10.446985552432603,8.799435E8])
(5.0,[1.0229591836734695,9.297755102040812,3.7383685454081625,5.563938575636437,20.54576810435514,6.447055638396947,1.9230341524364851,3.761291128696376,1.9829944707309455,10.639546428442594,5.0049E7])
(5.0,[0.6571604938271605,9.019629629629632,3.939979859382716,5.358148086419751,18.322198611111112,4.739137492248123,1.866121018137479,3.3842615454961136,1.7283455447462277,10.357359351558191,6.43927E8])
(5.0,[0.9861616161616159,9.169191919191922,3.6627729358585865,5.550087157287158,20.165874850546285,6.041212749533654,1.8878563411896743,3.668580757065607,1.92995092207938,10.481004252132312,6.55197E8])
(5.0,[-0.3619191919191919,8.99888888888889,3.8655647276767673,3.5214013811585234,10.511644671201818,3.7684821178860335,1.4363513927150289,2.51158249158249,1.5334640949331702,10.125710934717272,1.136668E9])
(5.0,[-0.4516326530612246,9.196122448979589,3.6253752254693867,6.677941636860928,16.777955943614558,5.864208378279731,1.9577884214910457,3.2346480633069556,1.7800053036218242,10.639132317556873,0.0])
(5.0,[-0.3849999999999998,8.885100000000001,3.5015190041999995,6.784146464646468,18.7806212020202,6.857970694350876,1.9844999999999997,3.479503999999999,1.9347758572959992,10.374739640023863,5.833436666666666E8])
(5.0,[-0.27535353535353535,9.139494949494951,3.880836037373736,5.789251659451655,13.573210966810969,6.795748867904754,1.9963024181206013,2.9065707580859104,2.077811063503724,10.549416839460228,0.0])
(5.0,[-0.5610204081632655,9.087551020408164,4.131690789020407,5.382994824321482,17.099315590153587,4.585792337282805,1.7919783423573508,3.356838817159517,1.6490888370620576,10.487386787864507,1.6068316666666665E9])
(4.0,[-0.27565656565656554,9.592020202020201,2.70480845040404,2.997861554318698,7.100891795506081,4.276022895050566,1.264870931537598,1.9448668503213955,1.5533588976777875,10.354344912530062,0.0])
(4.0,[-0.6121649484536084,9.070721649484536,2.995212774639176,1.260460889175257,4.699204682130583,6.23756032004803,0.8819258157083646,1.5835412902540116,1.9477690930810914,10.04562261658402,6.50009E8])
(4.0,[-0.5237373737373735,9.258383838383839,2.30816742169697,1.5315869099154813,2.6412300144300165,7.630501222907473,1.0189776553412917,1.0269707172737477,2.2278475379271505,10.113077936956973,5.00335E7])
(4.0,[0.25959595959595966,9.31232323232323,2.9395186871313133,1.0528161616161618,2.2788629148629145,4.215830702098135,0.8009978573614935,1.0377471686562592,1.6124790844260792,10.074517090348952,0.0])
(4.0,[-0.2946,9.303800000000004,3.2895863845000006,1.0950654949494953,6.164601575757577,6.007656741744324,0.8265840000000002,1.9634959999999997,1.9870125991599998,10.324960152473318,1.300293E9])
(4.0,[-0.3777777777777775,8.713535353535354,3.6992314033333322,2.093568480725623,7.24021696557411,7.224594984190922,1.0553984287317624,2.1575696357514547,2.0678553228956233,10.051393754348394,1.459992E9])
(4.0,[-0.71,9.224949494949495,2.9590549395959593,2.0521142857142864,6.256370150484438,5.112566741358443,1.157171717171717,1.8621814100601974,1.6738310778940928,10.147222205811632,9.3998725E8])
(4.0,[-0.008989898989899015,9.014747474747475,3.542115904141415,4.175741826427542,10.807474170274176,7.158612473031674,1.6297867564534234,2.702628303234363,2.016895433519029,10.313844732953655,8.033143333333334E8])
(4.0,[0.2954545454545454,9.32575757575757,3.270121674949496,4.804033209647492,10.502396103896105,6.168772179449271,1.6285215794306702,2.5470278543005804,1.7718209055973886,10.495661226599456,9.6251675E8])
(4.0,[-0.48717171717171737,8.996666666666668,3.409489453737375,4.7804715110286535,13.561553061224494,6.947773918636078,1.8015916743189475,3.0837037037037036,2.0065728008692987,10.384933916521717,1.3500065E9])
(4.0,[-0.0034693877551020963,9.158163265306122,3.3090495888775497,4.759575468125394,10.144120302966552,6.523350275883038,1.7291295293627653,2.471149521032902,1.8935318542044983,10.380597211419989,1.2299655E9])
(4.0,[-0.16290000000000002,9.0102,3.718763529699998,3.0997016060606035,9.078385818181818,5.245887973594671,1.4024160000000003,2.3197759999999996,1.6548586252099997,10.303237074757481,6.014274285714287E8])
(4.0,[0.4239175257731959,9.099690721649484,3.3687192259793823,4.745344909793812,4.147238445017181,6.603276569375924,1.6843341481560214,1.5009947922202143,2.0162255038112447,10.32283854171707,4.9622E7])
(4.0,[-1.467,-0.6813333333333336,8.978987296666668,2.98475275862069,6.738039540229885,2.62993033143819,1.423,2.0880888888888887,1.1323352637777773,9.648307951727933,0.0])
(4.0,[0.26670103092783515,7.075051546391753,4.34194222701031,4.7471619201030935,21.6582398410653,10.755102205639256,1.7053268147518326,3.6632266978424903,2.737233937991285,10.13126095524906,8.799745E8])
(4.0,[-2.9288888888888884,-0.15555555555555564,9.532730222222222,0.6639611111111108,0.5146777777777778,0.46106891158094454,0.5837037037037038,0.5303703703703704,0.5673462469135802,10.02223920262747,0.0])
(5.0,[5.387979797979798,8.989191919191917,0.5809972449494949,9.498475468975473,9.989064646464648,7.091465169540797,2.372502805836139,2.533800632588511,2.098381250647892,11.131121849502614,2.759888E9])
(5.0,[5.927448979591835,8.460102040816329,0.21528488551020408,10.457559404586576,10.653842257521568,4.399075714791429,2.530966264056642,2.6421574344023333,1.6700526085922527,10.981334884028179,1.3049925E9])
(5.0,[-2.683265306122449,10.010102040816328,0.6327902381224488,9.278545928887018,10.940741226593724,6.396729164934567,2.4492461474385676,2.6980716368179922,1.9176553213544363,11.039588765097045,1.160207E9])
(5.0,[-2.9278787878787877,9.614343434343434,0.5781080843030303,9.160857699443415,12.603610533910533,6.192166074148903,2.4879461279461275,2.7862401795735128,2.0059668940985613,10.766818991814443,6.500095E8])
(5.0,[-3.0231313131313136,9.941616161616166,0.3274386572727273,8.707217645846217,12.204348381776956,7.605905494994055,2.3467238036935,2.8127374757677797,2.0026093994674015,11.058608576986439,6.933338333333334E8])
(5.0,[-3.1907216494845354,10.063195876288662,0.19026361711340217,14.595260932130584,15.265032388316149,8.563952009700309,3.0099628015729625,3.230222127750026,2.273751228630036,11.59287033838806,0.0])
(5.0,[-3.120408163265305,9.945918367346943,0.4419663851632654,12.183816326530616,11.271721312855039,6.483970515735087,2.7967263640149946,2.6563182007496877,1.9829830870882965,11.181469530719264,0.0])
(5.0,[-3.4086734693877547,9.667448979591843,0.8461293555510202,8.077384820113613,13.841565590153595,5.777071316531198,2.2742107455226983,3.022794668887965,1.8574727933602664,10.854556883085145,3.159973E9])
(5.0,[2.699494949494949,9.778888888888886,0.5332572533333334,7.665794640280354,10.504132426303855,4.289578118111794,2.231337618610346,2.589405162738495,1.6371349584511787,10.682716982292286,3.319947E9])
(5.0,[2.6254081632653063,9.967755102040819,0.08338987373469388,5.157418903850201,9.202601094045868,5.231079281258339,1.8042169929196166,2.474735526863807,1.6927409185593503,10.756630548241764,0.0])
(5.0,[2.6179797979797983,9.998787878787883,0.06383679020202013,6.131577509791795,11.973702597402598,5.367857804923683,1.9163432302826242,2.7953474135292335,1.724237925658606,10.844392460560261,2.59967E9])
(5.0,[2.846363636363637,10.05939393939394,0.13964296131313125,6.659764192949907,9.786930241187383,5.310491020729554,2.0563085399449044,2.5423079277624736,1.8277058524109788,11.004190985854539,7.939818E8])
(5.0,[2.735102040816327,9.986122448979595,0.16274925844897956,7.283056175047337,10.55035181990322,6.8997213327952,2.122149104539773,2.5798542274052485,2.062299906698876,11.00093519369346,3.150055E9])
(5.0,[2.7,10.034387755102044,0.26531881455102024,6.210832989690719,10.5665197243846,4.441283318127145,2.0171428571428565,2.7039691795085385,1.6668021105143698,10.897642911465885,6.875075E8])
(5.0,[2.5786734693877555,9.930816326530614,0.22626455006122445,6.762545644855879,9.677419945297704,4.639658499452517,2.055572678050812,2.5120199916701385,1.692661485045814,10.769146339804157,2.879944E9])
(5.0,[2.126428571428571,10.332346938775514,-0.3065967934285715,7.358973711340207,12.729943919629697,6.62016104247861,2.068177842565598,2.860233236151604,2.006769057790087,11.172645045187974,2.899902E8])
(5.0,[5.767777777777778,9.026161616161616,0.15326331270707072,13.235646031746032,10.778893279736137,7.0652552276042275,2.944624017957351,2.4076073870013257,2.1079589832502803,11.545175126743143,2.309936E9])
(5.0,[5.784183673469387,8.660816326530615,0.5866478231632656,10.102335924679151,12.856162213338944,4.340417323381788,2.4844918783840058,2.9461016243231994,1.592965177911287,10.94102880658939,9.999896666666666E8])
(5.0,[5.782551020408165,8.578163265306115,0.6361258349591834,13.537775899431939,12.956988344203664,7.5975971244138485,2.8961286963765107,2.6865097875885047,2.0854221679941696,11.141744257327861,1.4499815E9])
(5.0,[5.896451612903226,8.764731182795693,0.436144033935484,12.267947054698459,9.897329546517062,5.663806953122819,2.750731876517517,2.2881882298531613,1.7144220932653484,11.249036067383173,1.4566446666666667E9])
(5.0,[5.882929292929293,8.610505050505049,0.41906644919191927,12.44279235209235,10.487486477015045,6.0514390777795,2.8174798489950006,2.3594306703397625,1.8014407153127234,11.135789347018266,1.664963E9])
(4.0,[-4.18121212121212,9.368686868686863,-0.03288143717171714,9.356480148423005,11.934062543805398,10.280050505289132,2.327940006121826,2.7677808386899283,2.298763378289971,11.165264020940386,0.0])
(4.0,[-4.005454545454545,9.290404040404038,-0.052692864484848445,10.26699443413729,11.792761059575342,7.204869027817612,2.3819651056014695,2.6957943067033976,2.050926136159167,10.910402337684467,3.299225E9])
(4.0,[-4.272424242424242,9.466666666666667,-0.3303278245454545,7.117973654916509,9.970991836734695,6.360753295158238,2.041340679522497,2.517508417508418,1.913827703728191,11.011289430917243,0.0])
(4.0,[-4.386767676767677,9.176060606060608,-0.06658836973737374,7.810085363842506,10.735613914656776,5.700852297144782,2.1240852974186315,2.4069727578818485,1.7849840259483727,10.810831183713299,1.05072E9])
(4.0,[-4.194489795918367,9.33938775510204,-0.3749765037755102,7.640363139070058,11.516758384178408,5.101372193100341,2.197234485630988,2.463969179508537,1.7180074710141608,10.806397248765004,7.333373333333334E8])
(4.0,[-4.358787878787879,9.44929292929293,-0.2978591301010101,8.23544545454545,10.319767862296436,7.752994361323716,2.0657973676155494,2.4192572186511585,2.0955157164309774,11.087304152074585,8.3748625E8])
(4.0,[-4.212653061224489,9.288061224489796,-0.3345324204081634,6.762854744371976,9.95083228487271,7.053180335639068,1.9367888379841731,2.5381070387338607,1.9656782629446063,10.813159683973636,1.1833596666666667E9])
(4.0,[-4.720404040404042,8.926868686868685,-0.24076372400000015,6.2145692228406535,11.841593156050301,6.799730147503055,1.9919151107029889,2.704248546066727,1.9914390881212114,10.798679334165207,1.2799783333333335E9])
(4.0,[1.6909183673469388,10.239795918367342,0.01292543308163266,8.945593993267408,10.433839133179044,6.761136665170679,2.3242961266139113,2.6303748438150762,1.94472015600833,11.057348784596178,3.370025E9])
(4.0,[1.2963636363636366,10.135353535353536,-0.5046407775353534,6.203780519480524,10.275300639043497,4.599651044434887,1.8331129476584025,2.5822467095194375,1.51895016733517,10.695384029016983,1.100179E9])
(4.0,[1.1247,10.375800000000002,-0.06565007980000007,5.9212191010101,10.139168040404046,5.711538661528431,1.8685820000000006,2.556244,1.7139028300599999,10.922163898406932,1.399984E9])
(4.0,[2.072626262626262,10.415858585858581,-0.6797791726868687,10.418223644609357,12.573177571634718,8.147966432751307,2.4845240281603913,2.8224344454647485,1.9561770970537697,11.39260518833221,1.1510315E9])
(4.0,[1.1346464646464642,10.372323232323234,0.10194623622222229,8.397676149247577,8.21264250669965,5.408234290462778,2.0271176410570355,2.3296520763187436,1.7473067539393938,10.993503877757728,0.0])
(4.0,[6.043877551020411,8.411224489795917,-0.5088172671020409,13.376180685882602,11.513716010940458,4.675551136595835,2.7619700124947935,2.7311703456892955,1.6595579728446481,10.928695972876685,3.670044E9])
(4.0,[5.93451219512195,8.547317073170731,-0.5846783369268291,11.981718894911172,8.112385305630838,5.059168416733526,2.6649286139202855,2.2083224271267103,1.800357171571684,11.090237868270014,7.25708E8])
(4.0,[5.8470588235294105,9.083058823529411,-0.4304029903764707,11.351418627450983,7.786188151260506,2.8425813992803013,2.5500207612456744,2.282023529411765,1.2818509894660206,11.234142705315952,0.0])
(4.0,[5.721098901098901,8.502857142857142,0.03667014252747251,12.537916556776556,10.782673968253965,8.077829196714397,2.759009781427364,2.5162009419152276,1.9654748850356234,10.996394362666758,0.0])
(4.0,[5.796938775510204,8.454183673469394,-0.31368495595918366,11.562200841573741,8.39052149168946,4.8157583638816694,2.5931570179092036,2.180495626822157,1.6526059828204918,10.90497014253674,0.0])
(4.0,[5.316363636363637,8.803131313131313,-0.44850841298989896,12.577315213358066,6.913942135642136,5.650779947451054,2.6915886134067954,2.0392612998673605,1.7812679837881844,10.973506316678018,0.0])
(4.0,[3.4644897959183685,9.791530612244902,-0.32063411044897955,7.8352249947401615,8.980646086682095,3.735898108633698,2.0275177009579344,2.3940254060808,1.4333926837725948,10.80766286936268,0.0])
(4.0,[3.4458241758241757,9.755164835164834,-0.25235061874725273,7.868397924297926,12.91980969474969,5.582484933011483,2.0330491486535434,2.8276609105180532,1.6983739847284156,10.881803853846385,1.7055515E9])
(4.0,[2.1619230769230766,9.880769230769227,0.7543577195384613,8.808847209653091,7.662066063348414,4.323638222841472,1.9798372781065083,2.114023668639053,1.6195721643254437,10.632725378669985,0.0])
(4.0,[2.637857142857143,9.81622448979592,0.2614272913265306,8.485800515463914,9.641543330528087,4.6622759058317556,2.104620991253645,2.3932090795501875,1.66531867181591,10.675598158420373,6.027985E8])
(5.0,[1.5554545454545452,9.248585858585857,-3.4974747474747465,42.523592393320946,25.5994306328592,12.595343558029278,5.340202020202018,4.00569941842669,2.9224997449239876,12.371901271902551,4.49997E8])
(5.0,[2.5663917525773203,9.378556701030929,-2.7816494845360817,36.65257955326461,19.106895811855665,11.906128500859104,5.1791327452439155,3.498658731002232,2.7400191306196198,12.04756705319023,1.0999956666666665E9])
(5.0,[-5.574897959183676,5.796734693877551,-0.9056122448979599,45.28029741216076,33.961075825794225,25.92682694087944,4.877363598500626,4.7499375260308225,4.015841316118284,11.898348630417223,4.49997E8])
(5.0,[0.7504040404040411,8.896363636363633,-3.7121212121212133,50.05098759018759,23.51551725417438,11.696494434137293,5.700473421079483,3.962552800734618,2.658953168044078,12.226522052719234,8.966776666666666E8])
(5.0,[-8.414999999999994,1.9516666666666662,-5.122812499999999,18.62065684210527,33.18632771929825,18.553980427631583,3.3458333333333323,4.510208333333334,3.472721354166667,11.900215573304084,8.3000175E8])
(5.0,[-7.734183673469388,1.3518367346938782,-6.340918367346943,15.176307058699768,31.051318241110874,16.95885791079318,3.114714702207414,4.407700957934194,3.2016243231986667,11.754986392252645,0.0])
(5.0,[-7.966736842105265,2.568210526315789,-5.942526315789476,16.373730727883533,26.940995699888017,21.158089294512866,3.1941850415512465,4.300086426592798,3.535082548476454,11.860616061429058,0.0])
(5.0,[-8.327575757575762,2.375050505050506,-5.0414141414141405,15.02621447124304,30.15511708925994,23.85950002061431,2.9585123966942137,4.295808590960108,3.6801856953372107,12.03665883356342,4.599915E8])
(5.0,[0.9434343434343432,9.022929292929296,-4.07919191919192,32.3338942073799,16.24108622964338,12.874809544423828,4.633178247117641,3.2449443934292415,2.798294051627385,11.76358424848499,3.50006E8])
(5.0,[2.2113265306122445,9.069591836734693,-3.589489795918367,42.22647141805179,18.123030759520304,16.607396644224696,5.291257809246149,3.534660558100791,3.2827551020408157,12.286318520557352,6.900024E8])
(5.0,[1.408061224489796,8.844081632653065,-4.513061224489797,19.469180738480965,15.736834714916894,15.57432867662529,3.5610828821324447,3.166380674718868,2.974864639733444,11.249410129278568,4.800035E8])
(5.0,[-0.10530000000000002,8.956899999999996,-4.764800000000002,31.752604959595956,16.885055949494955,19.451378747474735,4.235287999999999,3.1374799999999987,3.287584000000001,12.122786125097972,2.1666433333333334E8])
(5.0,[-3.4109374999999997,6.627291666666674,-3.3868749999999985,42.181412796052626,31.754817850877217,28.701268026315777,5.124856770833336,4.398615451388887,3.968815104166667,12.005647509159523,6.428614285714285E8])
(5.0,[-8.87577319587629,2.3248453608247415,-3.2962886597938144,15.891514239690723,27.56862731958763,23.58612983247424,2.950400680199808,4.3083940907641605,3.5297587416303533,11.925183137479308,0.0])
(5.0,[-0.5812121212121214,8.773333333333332,-5.147575757575759,28.783539332096474,17.0371306122449,18.145136920222633,4.0056443220079565,3.1006734006734016,3.1548393021120305,11.93992636985361,2.1666433333333334E8])
(5.0,[-5.312164948453608,5.479072164948455,-2.9414432989690713,42.4534942225086,35.12069808848798,26.179593728522338,5.175661600595173,4.810983101286004,3.821723881390158,12.122306357070341,5.916493333333333E8])
(5.0,[-8.732040816326531,2.0155102040816324,-3.447346938775511,16.78517929728592,25.086315716389667,25.429250620660632,3.0613119533527704,4.079612661391088,3.671932528113285,11.746473204527597,4.60846E8])
(5.0,[-8.94795918367347,1.6351020408163273,-4.392755102040816,10.939826719966334,10.811509783294756,19.735148001262363,2.650403998334027,2.7131736776343187,3.3553727613494377,11.223640851973498,0.0])
(5.0,[2.910303030303029,8.999393939393943,-3.643131313131312,26.685533580705016,8.410154730983297,9.965717645846219,4.312843587389041,2.241230486685031,2.281673298642995,11.573438533193704,1.176422E9])
(5.0,[1.6821428571428578,9.423163265306123,-3.391734693877551,38.12858195876289,19.08180329265727,15.791453660845786,5.142813411078719,3.4968908788005004,3.137005414410663,12.208173082961139,1.186442E9])
(5.0,[2.3674736842105277,9.57536842105263,-2.670105263157894,37.073231847704356,17.243367681970877,14.675147861142218,4.869655401662051,3.3154481994459823,2.843264265927978,12.14625117426611,8.55011E8])
(5.0,[1.9532323232323225,9.353030303030303,-3.218585858585858,38.936538425067,19.199227458256026,15.403159204287773,5.1939659218447085,3.521487603305786,3.0700581573308847,12.154184109329812,1.186442E9])
(5.0,[9.806734693877555,0.3375510204081633,-2.6379591836734693,22.30568407321692,27.29724961077214,17.813232905533344,3.7675468554768834,4.0707163681799265,3.112569762598919,12.070380634402637,0.0])
(5.0,[8.861170212765954,-0.8548936170212764,-5.938191489361703,15.44497388469458,30.720825257378163,12.597638629604209,3.0548868266183793,4.410307831598006,2.6854640108646457,12.343801252562457,0.0])
(5.0,[8.371157894736843,-0.37494736842105264,-6.548947368421051,7.691518857782755,13.88703590145577,10.446562709966404,2.0883124653739618,2.815206648199446,2.30784487534626,11.584811203214933,0.0])
(5.0,[10.532,1.29,-5.53,8.854619999999997,19.242150000000002,39.152150000000006,1.9936000000000003,3.7359999999999998,4.94,13.629446652901326,0.0])
(4.0,[-9.364040404040399,3.1933333333333342,-0.23393939393939403,17.22722024324881,17.807236734693877,19.314103710575132,3.2165676971737565,3.2142087542087543,3.396712580348944,11.5569540251587,0.0])
(4.0,[-9.49092783505155,2.453814432989691,0.8253608247422682,4.99821475515464,4.143978006872853,5.008295962199312,1.1015176958231485,1.3309724731639931,1.4173535976193006,10.291422685701109,0.0])
(4.0,[-9.74030612244898,2.8798979591836744,0.20959183673469378,15.352947328003363,18.35667937092363,16.732076120345052,2.4431945022907122,2.8510932944606417,2.7272344856309876,11.646138869413116,0.0])
(4.0,[-9.149285714285721,0.9784693877551022,-2.1668367346938773,31.563033505154635,22.352590416579005,38.338349684409856,4.645262390670552,3.8263660974593923,4.70206788837984,12.205667705448896,0.0])
(4.0,[-9.579494949494945,1.6861616161616162,-1.1517171717171721,22.631780354566068,12.170885116470831,23.863602123273555,3.8512274257728802,2.75309254157739,3.4867217630854,11.500840679509196,0.0])
(4.0,[-9.246632653061223,1.1690816326530613,-2.142448979591837,22.042933904902167,24.797993993267404,28.977556827266994,3.8900978758850475,3.608265306122448,3.973623490212411,11.7797511996049,0.0])
(4.0,[0.8456122448979587,9.73591836734694,-3.3605102040816335,37.044222817168105,29.054729560277714,22.105442005049447,4.839718867138691,4.5735985006247395,3.4256226572261563,12.73779044897713,1.3133443333333333E9])
(4.0,[3.957142857142858,8.981836734693879,-4.378673469387757,22.11203092783505,16.000623395750047,12.020570387123927,3.952215743440232,3.3785339441899205,2.5643481882548955,12.10177698406368,1.2350155E9])
(4.0,[4.687474747474748,8.372323232323225,-4.3691919191919215,29.69258437435581,19.311360874046585,14.198068728097304,4.501842669115397,3.620716253443525,2.8670298949086828,12.14881716505893,1.3402203333333335E9])
(4.0,[7.821326530612247,2.6206122448979583,-6.494285714285713,35.201972448979596,34.79245116768356,31.262725773195882,4.984129529362767,4.789629321116203,4.174693877551022,13.394471267130792,5.0885E8])
(4.0,[8.904897959183673,-0.33908163265306124,-5.285714285714287,27.35413246370713,24.8520640963602,26.68160412371134,4.4265264473136225,4.125408163265307,3.903002915451894,12.669244406300999,4.69269E8])
(4.0,[8.667021276595746,-0.7408510638297875,-6.400638297872341,28.76761683825212,35.09858851521391,35.116741523678805,4.194830239927568,5.043988229968312,4.606555002263469,13.690294482250165,1.0499676666666666E9])
(4.0,[8.504736842105263,-0.5289473684210528,-6.32336842105263,33.22494860022397,37.75764568868981,35.752326830907045,4.985739612188366,5.033950138504155,4.634637119113575,13.3589754378741,0.0])
(4.0,[0.9027272727272727,9.90535353535354,-0.5012121212121211,23.09026493506494,22.384576149247582,14.446647495361777,3.842993572084481,4.076100397918579,3.0700642791551873,11.702130462125865,3.719971E9])
(4.0,[7.155858585858587,7.158888888888885,1.3147474747474739,39.268110224695945,34.32559773242628,28.850270088641494,5.329317416590147,4.805274971941638,4.355280073461891,12.928172876566755,4.640014E8])
(4.0,[8.624693877551023,0.689795918367347,-3.5659183673469386,50.494709699137424,29.160016452766666,34.536836776772574,6.1685964181590975,4.30612661391087,4.323386089129534,12.520397459433516,0.0])
(4.0,[9.230412371134024,-0.15659793814432987,-5.288247422680413,11.114499828178692,12.23086018041237,12.748391688144325,2.376730789669465,2.4468721436922096,2.4166415134445747,11.71521868526983,0.0])
(4.0,[8.78927083333333,-0.9413541666666664,-4.121666666666668,13.273274199561406,12.565677094298247,18.931207719298246,2.4548198784722213,2.7173784722222223,2.790034722222222,11.202396551681693,2.200012E9])
(4.0,[9.308877551020405,-0.8646938775510207,-3.7688775510204082,14.043434809593942,14.455169492951818,22.27254821165579,2.953571428571429,2.861441066222407,3.161282798833819,11.603677429710821,0.0])
(4.0,[9.093298969072167,-0.10969072164948465,-4.74783505154639,28.055772336769753,22.882121778350513,23.855956722508598,4.467388670421938,4.138688489743862,3.649097672441279,12.404760443564632,0.0])
(4.0,[9.056597938144332,-0.5645360824742268,-5.937938144329897,17.588537263745703,22.555197959621996,27.959291537800677,3.2246041024550958,3.9554362844085467,3.8371707939207145,12.767215100762296,0.0])
(4.0,[8.563478260869564,-0.15532608695652173,-5.928152173913044,35.12174161490683,28.31727571667462,26.8247075370282,5.002759924385634,4.701065689981099,3.7393761814744795,12.91162695591076,0.0])
(4.0,[8.787894736842105,-0.6030526315789472,-5.799368421052632,31.934533818589024,26.00398100783875,24.830286830907042,4.643556786703603,4.444611634349032,3.586519667590028,12.90666172619325,0.0])
(4.0,[8.056701030927837,-1.1877319587628865,-4.318453608247423,30.998630670103093,23.341276052405494,29.273242375429565,4.511369964927197,3.9166500159421838,3.9845445849718377,12.245694634894532,0.0])
(5.0,[-1.0527,9.358200000000002,1.1247999999999996,3.4976744545454546,10.724317939393936,2.6219827878787876,1.4314839999999993,2.7229679999999994,1.3516080000000006,9.825854811235875,6.19989E8])
(5.0,[-1.283232323232323,9.47181818181818,1.0815151515151518,2.1762465883323014,13.374172170686453,3.912849721706865,1.1944536271808999,2.9885583103764914,1.531380471380471,9.939729121493823,1.12251275E9])
(5.0,[-1.3655,9.444400000000002,1.0156,5.081170454545454,14.43024913131314,6.274077414141416,1.6576300000000006,3.0651280000000014,1.9548079999999997,10.115894997547118,1.0499876666666667E9])
(5.0,[-1.7031313131313128,9.410101010101007,0.7762626262626264,5.795074788703362,15.519376520305082,6.447590991548134,1.8759534741352926,3.137481889603102,1.9745862667074783,10.206241548660847,3.130035E8])
(5.0,[-1.694848484848485,9.473838383838379,0.8380808080808081,6.290949721706864,16.142503483817766,5.908060564831995,1.953976124885216,3.1505887154372005,1.7255524946434035,10.228174300032157,5.4498275E8])
(5.0,[-1.9653000000000003,9.143599999999998,0.9633999999999998,5.121689808080808,11.685261656565649,7.244697414141416,1.702664000000001,2.6534880000000003,1.8565440000000006,9.994800036559699,0.0])
(5.0,[-1.9592857142857136,9.478877551020409,0.6281632653061225,4.590763402061856,9.845284294130023,4.695120302966549,1.6392274052478135,2.4197376093294465,1.5447063723448564,10.179476233392053,2.999115E8])
(5.0,[-1.7378787878787878,9.35080808080808,0.6626262626262626,4.5297311688311686,14.451011585240165,5.17466446093589,1.66912764003673,3.1583369043975105,1.7359004183246605,10.03800203128068,5.399475E8])
(5.0,[-1.2059595959595955,9.500404040404039,1.1763636363636365,4.013850855493712,17.24568350855494,5.135321335807052,1.6346719722477292,3.4119885725946326,1.7619283746556473,10.128754765129864,7.99988E8])
(5.0,[-2.1750000000000003,9.3873,1.1628999999999996,3.077912121212119,7.8342017272727285,2.9396329191919195,1.3490000000000002,2.0431440000000007,1.2880480000000003,9.999690563784252,1.439148E9])
(5.0,[-2.336363636363636,9.16949494949495,1.0978787878787875,3.616364192949908,10.107910966810966,4.084255658627087,1.4795408631772267,2.3650137741046837,1.6280746862565043,9.947823499549555,0.0])
(5.0,[-2.209600000000001,9.4225,1.1416000000000002,4.237858424242425,8.99863712121212,3.837649939393939,1.444968,2.3409,1.516264,10.157103296026193,6.39862E8])
(5.0,[-1.7436363636363632,9.560404040404043,1.3852525252525252,3.085576437847866,16.910940651412083,4.244500700886412,1.376859504132231,3.34374655647383,1.6728007346189164,10.214677210485597,6.739808E8])
(5.0,[-1.88030303030303,9.49575757575757,1.1140404040404042,2.854500927643785,17.56161243042672,5.800505957534528,1.3039608203244568,3.3207162534435253,1.876979900010203,10.154140271822255,1.106659E9])
(5.0,[-2.997777777777778,9.292525252525252,1.2938383838383836,3.2289011337868487,18.700553762110903,4.922689198103485,1.3396632996632996,3.5175553514947455,1.8028037955310676,10.242431267750916,6.028485714285715E8])
(5.0,[-2.5486000000000004,9.210500000000003,0.7817,3.2713636767676775,16.256685606060607,5.882153646464644,1.3712280000000001,3.1006200000000015,1.7589380000000003,10.059281934751686,7.36674E8])
(5.0,[-2.559696969696971,9.090505050505051,0.8786868686868688,4.812305009276435,15.613939538239539,5.407595196866623,1.6235016835016833,3.017369656157536,1.7630813182328338,10.007058964689048,8.450015E8])
(5.0,[5.423163265306122,7.200510204081633,1.2982653061224492,10.679009478224286,10.012415200925732,4.664408300021039,2.637717617659309,2.4505935027072034,1.707636401499375,9.760902573207126,9.59991E8])
(5.0,[7.362929292929291,6.034141414141414,0.8850505050505054,9.905814801071946,7.391495938981654,3.3630783137497433,2.464609733700642,2.0235567799204164,1.478345066829915,9.974332326151698,2.929962E9])
(5.0,[4.019897959183674,8.329999999999997,1.4810204081632647,8.390401020408165,8.329903092783502,2.7675412160740587,2.236018325697627,2.306938775510203,1.2629404414827154,9.865338683022125,0.0])
(5.0,[7.171200000000001,5.843199999999998,1.2219000000000004,11.91962884848485,6.174567434343433,2.9166680707070705,2.784991999999998,2.0578400000000006,1.346366,9.669437563569286,7.750245E8])
(5.0,[7.274343434343435,5.6821212121212135,1.0288888888888887,9.333273799216656,6.263686270871986,2.0917222222222223,2.5046505458626664,2.129788797061524,1.0803142536475865,9.55070687206467,0.0])
(5.0,[7.226099999999997,5.9792000000000005,0.8872,12.593514939393943,7.758124606060608,2.2865779393939403,2.855354,2.227792,1.1957199999999997,9.793538015597552,6.79993E8])
(5.0,[7.3109,5.5642999999999985,0.8968000000000007,14.304984030303023,8.833562131313132,3.9778684444444443,2.914861999999999,2.401132,1.4556879999999996,9.649066402552503,0.0])
(5.0,[7.55818181818182,5.625858585858586,0.7007070707070708,14.511519109461968,7.798587775716346,4.42062908678623,3.063085399449036,2.1759902050811153,1.591578410366289,9.953671690149639,0.0])
(4.0,[-4.127878787878786,8.837373737373733,1.284545454545455,4.483239332096476,12.06178895073181,4.227629128014842,1.4679032751760015,2.5433119069482713,1.4333884297520663,10.215351676618853,1.0999145E9])
(4.0,[-4.304800000000001,8.3633,1.4292000000000005,4.63399490909091,11.379488999999998,2.2373246060606053,1.6847999999999996,2.486635999999999,1.201256,9.884088411737068,0.0])
(4.0,[-4.573535353535355,8.574040404040403,1.1059595959595963,5.221743496186355,8.965242692228404,1.9452875901875901,1.6047240077543108,2.3361248852157956,1.0670645852464034,10.062908681818698,6.00007E8])
(4.0,[-5.118400000000001,8.441999999999998,1.1108,6.180314585858586,9.112123232323231,5.717306424242423,1.6937599999999993,2.3263999999999996,1.7243759999999997,10.428586524222323,0.0])
(4.0,[-4.9945,8.473299999999993,0.8973,4.159804797979796,6.985632434343432,5.275575464646464,1.5580699999999998,2.0699599999999974,1.6862139999999992,10.319658409777361,1.2550355E9])
(4.0,[-5.223899999999999,8.236199999999997,1.0375999999999999,4.7656058484848485,8.524201575757575,3.854515393939394,1.7261439999999997,2.1820480000000013,1.5030000000000001,10.175015960486823,0.0])
(4.0,[-5.355600000000002,8.4012,1.4295999999999998,5.800923878787876,7.860447030303032,2.862549333333335,1.8775200000000007,2.206151999999999,1.253352,10.35868967903547,1.140045E9])
(4.0,[-5.391632653061224,8.65918367346939,1.1667346938775514,4.204283904902167,8.380017883442038,6.218279949505576,1.6583673469387754,2.2075843398583923,1.8002249062890456,10.746585539481838,6.39994E8])
(4.0,[-5.308300000000002,8.438400000000003,1.3986999999999996,6.415933444444446,12.828670141414147,4.685932636363636,1.985164,2.8650640000000003,1.5582919999999996,10.498546028007912,2.399994E9])
(4.0,[-5.138585858585861,7.767171717171717,2.53010101010101,8.41144083694084,7.503622531436818,5.273380601937746,2.1834180185695335,2.133563922048771,1.7344597490052027,10.325535548370077,0.0])
(4.0,[-4.315299999999997,8.3937,1.1349000000000005,9.29733021212121,4.6755407171717165,4.017233323232322,2.1887940000000006,1.6657739999999999,1.4969899999999996,10.09689708212315,0.0])
(4.0,[7.858686868686869,5.338181818181817,0.5987878787878791,7.646756421356421,4.271778293135433,3.7422311688311685,2.01536169778594,1.5358494031221308,1.441383532292623,9.855200465890725,1.279999E9])
(4.0,[1.2906999999999997,8.714999999999998,1.8017000000000012,6.518251020202022,23.779827272727278,12.490072838383844,1.9544160000000006,3.446500000000001,2.460176000000001,10.295591939992747,7.101033333333334E8])
(4.0,[1.695656565656565,8.326767676767673,1.7503030303030307,6.1847289012574755,22.0417078128221,14.46144990723563,1.795604530149985,3.118879706152434,2.5527089072543623,10.116100224508166,7.00058E8])
(4.0,[2.6127272727272737,8.92171717171717,1.38909090909091,2.7268935064935063,9.968626613069468,3.8723675324675324,1.2894582185491275,2.287662483420059,1.4037465564738292,9.801029975764534,2.560242E9])
(4.0,[2.3362000000000016,9.218600000000002,1.1624999999999999,2.4646561212121205,7.134076808080809,5.0216108585858565,1.162552,1.9563160000000006,1.7756500000000004,9.996882746881568,0.0])
(4.0,[2.1028,9.08,0.9763999999999999,3.4174385454545475,7.708745454545458,5.448130343434344,1.3969679999999998,2.0261999999999993,1.7529839999999997,9.856743183896109,1.4700165E9])
(4.0,[1.7847474747474756,9.253737373737376,0.8191919191919187,3.378986415172128,7.3305440527726216,4.655066687280973,1.452184470972349,2.1488766452402825,1.599593918987858,9.891811411523728,0.0])
(4.0,[1.098989898989899,9.094242424242418,1.956767676767677,2.298715295815296,12.02427977736549,3.303773118944546,1.1743740434649519,2.5483807774716865,1.5096112641567188,9.748528169789221,8.899736666666666E8])
(4.0,[-0.9177999999999998,9.390200000000004,0.5318999999999999,3.585946626262624,8.365686828282827,4.607219585858585,1.4527119999999998,2.250219999999999,1.7240140000000002,9.930266320410126,0.0])
(4.0,[-0.30686868686868674,9.561919191919193,0.26151515151515153,2.314391115233972,5.0264381158524,6.329615027829312,1.1781879400061221,1.6165146413631264,1.9196632996632998,9.995560259300486,3.059661E9])
(4.0,[0.20878787878787883,9.55868686868687,0.5120202020202026,2.3425107606679045,13.203256421356423,3.0214632240775097,1.1659749005203546,2.7781369248035923,1.4430119375573924,9.95239967528548,2.609985E9])
(4.0,[-0.30639999999999995,9.740999999999998,0.05330000000000009,3.3286879191919194,11.264512121212123,4.822434454545454,1.3882400000000001,2.5747000000000013,1.73003,10.17295763683277,1.9200135E9])
(4.0,[-0.3146464646464643,9.587575757575756,0.7557575757575761,1.9805210472067616,10.682132838589979,4.971471614100184,1.1378247117641052,2.4195347413529227,1.656994184266912,10.021934818519908,7.60009E8])
(4.0,[-0.5050000000000001,9.328775510204089,0.6212244897959182,3.5273036082474216,16.7965964233116,4.586404670734272,1.4144897959183678,3.0922199083715114,1.675381091211995,9.908250186767248,1.2932943333333333E9])
(5.0,[-1.853838383838384,9.799696969696965,-1.2116606319191916,4.396170830756547,4.209927458256033,4.233782086410232,1.5700459136822773,1.3987082950719318,1.5082050978675647,10.453444514479793,0.0])
(5.0,[-1.4962886597938143,9.594639175257733,-0.74785538,2.709702749140893,6.559904295532646,3.4515477154930436,1.1897991284939953,1.5628100754596668,1.4027322344329898,10.098158223112716,0.0])
(5.0,[-1.0059722222222223,9.391250000000003,-0.2848922647777777,12.43539904147105,29.417512499999997,13.53996138026047,2.6854745370370376,4.200659722222222,2.544514285114198,10.920970415864403,7.483521666666666E8])
(4.0,[1.996734693877551,9.913571428571426,-0.8265327309795919,6.31116654744372,27.042017010309284,5.653436215187218,2.089391920033319,4.426005830903792,1.8605247616976253,10.852621944247991,1.0E9])
(4.0,[2.2997979797979795,9.588181818181818,-0.6695983024646464,5.6253856730570995,11.868402782931359,4.113837133556934,1.8215977961432503,2.701359044995409,1.6347835867009493,10.338407999621346,2.459991E9])
(4.0,[1.9551612903225803,10.029032258064516,-1.559310145032258,5.864065806451612,18.443055698924734,6.47737610593908,1.7659521331945889,3.1839125910509884,2.0441009844911546,10.91494822255283,2.99988E8])
(4.0,[3.4860204081632657,9.574591836734692,-0.2776883108163265,10.455716989269938,19.493672512097632,4.351346931375244,2.7334089962515624,3.7232902957101204,1.731684537909204,10.770347524658003,1.009308E9])
(4.0,[3.6798750000000013,10.058250000000003,-0.43653213942499985,11.876983528481018,18.66837411392404,4.602387357484275,2.9273562499999994,3.651968749999999,1.67482605969,11.399664636315098,0.0])
(4.0,[3.2297938144329907,9.510927835051548,-0.5733183496907216,11.147262457044674,17.27914600515464,5.446664605969679,2.7329663088532254,3.3076309916037854,1.6850146426060155,10.762270660996098,1.5399883333333333E9])
(4.0,[3.6596969696969692,9.421818181818178,-0.10772457389898989,9.501764192949912,14.379941558441555,4.611352707890528,2.5127946127946132,3.0824426078971534,1.7406279066556478,10.673348736083678,2.150086E9])
(4.0,[3.3877777777777776,9.606363636363628,-0.5219757525858586,10.88442154195012,17.086990723562153,5.168294856128041,2.687070707070707,3.3104499540863177,1.6333939106168762,10.889365774353644,1.810013E9])
(4.0,[2.9717171717171715,9.7560606060606,-0.6400187734141414,9.99343273551845,20.800354730983305,6.249085894292122,2.512441587593103,3.723654729109275,1.912777099507805,10.948228111750339,1.399964E9])
(4.0,[3.290714285714286,9.603979591836742,-0.6422410902040815,9.622625257731958,15.250492247001889,5.1234506727264275,2.499067055393586,3.216549354435652,1.6604542556892967,10.748327893775208,8.24997E8])
(4.0,[3.4349494949494948,9.784040404040407,-0.5829233737171717,10.849180354566064,17.303677386105957,4.309767301475435,2.719347005407612,3.4841199877563502,1.665123292862769,11.019388169989341,6.766661666666666E8])
(4.0,[-3.1434693877551014,9.554081632653062,-0.6596139854693877,6.94347649905323,24.416164611824126,5.8447770413551305,2.0198667221990836,4.115501874219074,1.8485948856976264,10.689799631231276,7.52495E8])
(4.0,[-2.780202020202019,9.81070707070707,-0.32152274448484836,6.212108122036697,20.513961739847456,6.189438693375912,1.9262728293031317,3.8194163860830526,1.869385430906642,10.834436007779075,0.0])
(4.0,[-2.9271134020618566,9.726082474226803,-0.3204292061237111,8.804454080756019,16.212153243127158,8.39065766485009,2.2240663194813477,3.3327346157933886,2.1637143540529284,10.959803699211081,6.83299E8])
(4.0,[-2.906836734693879,9.725714285714286,-0.37636633663265295,8.06819710709026,17.233274226804124,8.312579778387404,2.1369762598917124,3.438833819241983,2.176328487519783,10.930720285626354,0.0])
(4.0,[-3.129696969696969,9.613939393939397,-0.6229589342424242,8.018786641929502,15.320907792207786,5.726819330586424,2.107762473217018,3.241071319253137,1.7169670621242727,10.716615465798748,1.675049E9])
(5.0,[1.240909090909091,9.303030303030301,2.5970838843434345,3.3127205936920214,12.329982560296841,4.400085578153988,1.4575757575757573,2.8217508417508412,1.5534283809611267,10.073941374068447,6.333363333333334E8])
(5.0,[1.2384693877551018,9.345306122448978,2.5249067049999994,2.657452272249107,10.90250145171471,3.7369972348848246,1.279852144939608,2.661874219075385,1.4772886687755107,10.046683533779335,7.666423333333334E8])
(5.0,[0.6921428571428573,9.461530612244896,2.49196768632653,2.4308355670103086,9.879934746475913,2.803133387738389,1.2384402332361513,2.5024239900041643,1.2763984518908789,10.052812168807266,3.410248E9])
(5.0,[0.7177319587628864,9.300206185567012,2.804949158556701,2.332434385738832,11.002481207044676,3.774120666630948,1.233603996173876,2.6643660325220537,1.5290863506472525,10.024994543545224,7.652895E8])
(5.0,[0.5292929292929291,9.482424242424242,2.6955906446060602,2.5929045969903113,10.7908185528757,2.802997657279591,1.260497908376696,2.6399632690541788,1.2941206514771961,10.121349100633022,1.369278E9])
(5.0,[0.41959595959595936,9.366464646464646,2.6654607746464656,2.5897977942692227,10.523221047206757,2.8621021475746664,1.2783062952759925,2.616677890011223,1.3748671503213963,9.990902230427588,8.901976666666666E8])
(5.0,[0.10620000000000002,9.516699999999998,2.7686080827999993,2.7368682424242428,12.29138596969697,3.425440045883763,1.2932000000000001,2.8645080000000003,1.4718992161680005,10.191993928316268,3.800049E9])
(5.0,[-0.41877551020408166,9.351224489795921,2.7963407710612236,2.3958046707342726,12.700633536713651,3.5870136394574956,1.2090545605997498,2.786422324031655,1.5165386396809661,10.04211246840329,4.9439E7])
(5.0,[-0.472247191011236,9.310224719101127,2.97443908247191,2.9260858018386102,13.07796813074566,4.6536766397005165,1.3159298068425709,2.886115389471027,1.7337854843529856,10.112865251199924,2.569824E9])
(5.0,[-0.37642857142857133,9.502755102040817,2.727405136632653,2.9553716494845363,12.698409856932466,3.3131287476845515,1.4067784256559768,2.8418325697625995,1.3819689114577258,10.180806960584395,5.8248125E8])
(5.0,[-0.6123469387755104,9.440408163265309,2.6900186752040813,2.790912991794656,14.135498800757418,4.027300553062727,1.3571491045397752,2.973773427738444,1.5798213523719289,10.151724078763047,6.666666666666667E8])
(5.0,[-0.7312000000000003,9.375100000000003,2.6976460748599984,2.9846712727272724,11.585095949494944,3.629400202964956,1.3741279999999998,2.7024179999999993,1.5753294111400002,10.088027910320164,7.697145E8])
(5.0,[-0.8308163265306121,9.449591836734697,3.0801443503061217,2.918415821586367,12.727603955396592,3.9935284950600973,1.3214618908788005,2.8382923781757614,1.5771409762619741,10.264461361857874,2.750061E9])
(5.0,[-1.0456122448979595,9.049285714285714,3.284032617959184,2.2383444666526393,10.753163402061855,3.1440198029374953,1.1332132444814653,2.5733965014577262,1.343490462157434,9.9154868107176,9.019958E8])
(5.0,[-0.4586666666666668,9.762333333333332,1.0950759396666665,1.8763498850574716,5.191804712643677,5.120075413561843,1.0860888888888887,1.6559777777777775,2.0866372736666667,10.17420931397152,0.0])
(5.0,[-0.6407070707070708,9.460101010101008,2.536824164505051,2.8867188827045975,12.022156112141824,3.345683395624187,1.3528068564432199,2.7374941332517078,1.5185666222981333,10.110380072924208,7.697145E8])
(5.0,[-0.8819387755102039,9.250612244897958,3.0869545254081636,2.8898632127077635,12.081997559436147,3.995480218894147,1.3170803831736775,2.736413994169097,1.5745995710620577,10.080267513819933,2.750061E9])
(5.0,[-1.0100000000000005,9.183030303030302,3.3340960233333328,2.429402040816327,11.034674397031534,3.0685329754661934,1.1945454545454541,2.651955922865014,1.3291074742087543,10.059714731822252,9.6498875E8])
(5.0,[0.15363636363636363,10.32272727272727,-1.186208492727273,1.1572254545454546,0.5312218181818178,0.33071391455009813,0.8403305785123968,0.6120661157024789,0.45206047933884297,10.45871638267925,1.29715E8])
(5.0,[1.2915151515151513,9.959797979797978,-2.672727272727273,12.21081502782931,12.978981591424455,16.001809833024122,2.6372084481175397,2.7898683807774716,3.1932598714416898,11.511680004363932,1.2233276666666665E9])
(5.0,[1.1632323232323232,9.940202020202024,-2.6645454545454528,12.002756792413939,13.207185673057106,10.018225046382195,2.776722783389451,2.717606366697276,2.6210651974288326,11.286989128344034,1.684601E9])
(5.0,[1.0796938775510212,9.85795918367347,-2.54234693877551,11.167110214601307,15.077742183883858,12.040880002103933,2.5239483548521453,3.071549354435652,2.8369804248229906,11.22050532098573,1.1466573333333333E9])
(5.0,[1.3346464646464653,9.764141414141411,-2.7021212121212117,12.373972067614929,17.328014306328587,11.687145454545458,2.698171615141311,3.1457790021426386,2.756804407713499,11.268445195457968,1.0900063333333333E9])
(5.0,[1.0929292929292924,9.843535353535355,-3.0397979797979806,11.88742908678623,17.24085982271696,9.43455097917955,2.6966472808897057,3.2011590654014888,2.40423630241812,11.312532131459687,8.549957499999999E8])
(5.0,[-3.7622222222222224,9.094242424242426,0.8794949494949494,19.19361541950113,15.928214471243043,15.538359946402808,3.4357351290684615,3.1106887052341596,3.196247321701867,11.22906509050488,0.0])
(5.0,[-3.8556122448979586,9.205204081632655,0.9565306122448982,19.45820632232274,18.76162727750894,17.12331773616663,3.477932111620158,3.4899062890462305,3.336930445647646,11.461612727799858,1.480011E9])
(5.0,[-3.6720408163265326,9.275714285714285,1.2136734693877547,15.45487208079109,16.298200000000005,13.291406985062059,2.925672636401499,3.1449271137026242,2.929300291545189,11.328708425902084,1.769989E9])
(5.0,[3.0125252525252524,9.676060606060604,-1.7621212121212122,15.412888455988455,13.82088942486085,14.004727087198518,2.920634629119477,2.8578022650749926,3.12085705540251,11.558481324743235,5.49988E8])
(5.0,[3.3112500000000002,9.385937500000002,-2.1656249999999995,15.502678421052638,14.564226480263153,11.532140657894734,3.023098958333333,2.938307291666668,2.7376171874999993,11.320752014607,5.99945E8])
(5.0,[3.1696969696969686,9.44373737373737,-1.4407070707070704,16.159251948051946,19.646211399711394,15.82992908678623,3.206966636057546,3.515341291704928,3.3594878073665955,11.508287097344338,8.099975E8])
(5.0,[2.4320618556701037,9.667010309278353,-1.1416494845360827,14.261695704467352,10.803829510309278,11.067130584192439,2.6088511000106283,2.32543309597194,2.544410670634499,11.056377496913282,1.99997E8])
(5.0,[0.5287878787878786,9.644848484848483,-2.0293939393939397,11.858231168831164,25.23272319109462,14.555293506493504,2.599106213651668,3.846323844505663,3.1048423630241815,11.425185718987466,5.250095E8])
(4.0,[1.9324489795918365,9.309489795918365,0.8357142857142857,11.821078476751529,27.87285643803914,7.149670103092782,2.4917201166180765,4.20509371095377,1.8820991253644315,10.54205646741701,1.920044E9])
(4.0,[1.4060204081632657,9.528979591836734,1.2479591836734696,10.471203587208075,31.145588638754468,9.241533936461183,2.428227821740941,4.533431903373595,2.1638275718450637,10.718254607003468,1.205017E9])
(4.0,[1.9154081632653055,9.66918367346939,0.35234693877551015,11.16114055333474,23.825459120555433,7.174321239217335,2.4588942107455227,3.811970012494795,1.9087088713036242,10.724327312596762,1.059967E9])
(4.0,[1.1639393939393938,9.447575757575766,1.1803030303030306,6.824638404452688,27.213761410018545,7.262519294990724,1.9279338842975207,4.31652280379553,1.8540863177226803,10.315621783020424,4.150055E8])
(4.0,[1.5240206185567005,9.689278350515456,0.36690721649484515,9.792626374570446,22.362965098797247,7.863165335051547,2.289673716654267,3.7438962695291753,1.9970326283345727,10.762252488474909,5.19959E8])
(4.0,[1.8558000000000003,9.459000000000001,0.6970000000000001,10.90868521212121,24.689479797979793,8.917445454545454,2.4479279999999997,3.9822000000000006,2.1561399999999993,10.611373064552653,1.899994E9])
(4.0,[1.315670103092783,9.444329896907218,0.7551546391752575,8.303701890034361,21.281995640034374,5.882806486254293,2.3848145392709106,3.6405675417153787,1.7410032947178238,10.376246934883484,5.59967E8])
(4.0,[1.3116326530612243,9.94918367346939,-1.9033673469387762,11.043467410056804,19.132799326741004,8.679585451293919,2.5139441899208657,3.421528529779258,2.2034381507705136,11.045347378732755,7.840028E8])
(4.0,[1.3855102040816327,9.586428571428572,-2.063673469387754,9.706354891647377,17.995548969072164,6.164751314958972,2.244327363598501,3.3529737609329433,1.8594085797584343,10.66243226157695,3.400024E9])
(4.0,[1.6478350515463913,9.70453608247423,-2.2168041237113405,7.164958805841919,20.220635459621985,8.166188638316152,2.1768370708895746,3.4416983738973332,2.1330513338293127,10.884960978152359,1.6250305E9])
(4.0,[0.9941836734693877,9.97581632653061,-1.6898979591836738,12.48790293498843,20.648055512308023,8.63669380391332,2.6441503540191595,3.542792586422324,2.244781341107872,11.102775676685487,7.333373333333334E8])
(4.0,[1.6078571428571429,9.79265306122449,-2.3615306122448985,9.42067886597938,21.95231041447506,8.358660519671785,2.4581341107871726,3.6095543523531863,2.157244897959183,11.111345561141007,0.0])
(4.0,[1.2077319587628867,9.795463917525778,-1.8330927835051556,10.889763552405498,14.353585459621995,5.210113251718214,2.6029758741630356,2.8302242533744293,1.6488681050058454,10.838497746660401,1.469971E9])
(4.0,[-0.5748979591836735,9.714999999999998,-1.4974489795918369,7.158790195665896,15.706742783505156,8.648149095308229,2.0552977925864226,2.9725510204081638,2.2938234069137837,10.596637730340388,1.819947E9])
(4.0,[2.6547474747474737,9.674545454545454,-1.8136363636363635,12.87762314986601,26.555747495361793,10.837049907235624,2.851684521987553,4.219467401285582,2.5568411386593195,11.45064068406776,6.940002E8])
(4.0,[2.8502040816326533,9.55704081632653,-1.7409183673469388,8.903847380601723,20.80371589522407,9.181422859246794,2.424294044148271,3.6836922115785073,2.306651395251977,11.00830965006304,0.0])
(4.0,[2.357979797979797,9.489898989898984,-1.3734343434343443,14.121430571016289,24.12234182642753,9.01945543186972,2.9606264666870716,3.923944495459648,2.3176859504132237,10.98902522402944,9.99787E8])
(4.0,[2.5601020408163264,9.444081632653063,-1.4714285714285706,12.365266999789611,18.49708626130865,6.889645360824738,2.816022490628904,3.2923198667222,1.900612244897959,10.81248520045789,1.4999695E9])
(5.0,[-0.9333333333333333,9.803333333333336,1.8160463694545455,2.3496693877551014,12.190559183673468,3.0241222334267666,1.1760942760942765,2.772053872053872,1.3588245924701559,10.260081722721106,1.4750215E9])
(5.0,[-0.7582653061224489,9.616122448979596,1.6602925858979596,3.2123052072375344,8.353836355985692,2.8133293347101973,1.4143794252394841,2.305081216159933,1.2786448875714282,10.075754936156681,1.899993E9])
(5.0,[-1.1143434343434342,9.75969696969697,1.164608517939394,3.217684003298289,9.26520705009277,2.9489299537771974,1.3570615243342519,2.296614631160086,1.3385768142026324,10.175527604981625,1.049988E9])
(5.0,[-1.0757142857142856,9.949591836734697,1.7295061931020412,2.9551113402061846,17.406869934778033,4.62466953233563,1.357230320699709,3.4005372761349455,1.6027365534144107,10.4931034832482,5.011E7])
(5.0,[-0.8054545454545453,9.66050505050505,1.7661050983232323,3.260376066790352,9.000072191300765,3.506973251823401,1.4094031221303944,2.3314804611774305,1.4133059873151719,10.163276732002961,5.50049E8])
(5.0,[-1.128350515463917,9.616701030927839,1.2546165721649483,2.108741000859106,6.039630670103095,4.759083513395348,1.1129046657455628,1.9408608778828786,1.6714768000637688,10.082125478394666,3.833313333333333E8])
(5.0,[-1.0728282828282827,9.694343434343425,1.3398845238989903,2.419240898783756,6.046426860441148,5.110046267751651,1.1924660748903175,1.969903071115191,1.7344465835465772,10.181727262491533,7.764333333333333E8])
(5.0,[-0.8170707070707068,9.445353535353537,2.051719643272727,2.682408678622965,7.93107410843125,3.183211530040006,1.3043628201203958,2.2516845219875528,1.367512920198347,9.967893437253396,5.571507142857143E8])
(5.0,[-1.1343877551020403,9.657244897959183,1.3684279998979592,2.848101167683568,7.926663465179884,3.968402639016771,1.3550895460224899,2.3371470220741353,1.5534741246064143,10.146382694158513,0.0])
(5.0,[-1.209591836734694,9.645102040816324,1.523950126632653,3.174232821375973,8.23017988638754,3.103692543218891,1.4040483132028327,2.248992086630571,1.3639351513286126,10.132897107897822,1.800019E9])
(5.0,[-1.0538775510204086,9.649081632653067,1.4918450209183667,3.644681716810438,13.288459972648855,3.947269331677009,1.4832653061224492,2.8884319033735952,1.5412889855372767,10.183084693549992,0.0])
(5.0,[-1.104545454545455,9.620505050505047,2.0474547064646464,2.6136311688311684,10.540627293341574,5.3904720889586315,1.2899540863177232,2.6438036935006624,1.6511902678257324,10.28209256471226,0.0])
(5.0,[-0.9203030303030303,9.714242424242425,1.5922048984444446,2.2809192949907238,7.734777736549165,2.570122441506691,1.1873400673400671,2.122197734925008,1.1561745025185184,10.121562019483356,3.399994E9])
(5.0,[-0.8998979591836734,9.84030612244898,1.6879502273469384,3.2403453503050703,8.74550815274563,3.0124669633837367,1.366220324864639,2.263411078717202,1.3663233834152437,10.314759885527485,0.0])
(5.0,[-0.9271717171717171,9.451313131313128,2.1538034822222216,2.0540490620490623,8.934789074417646,3.1755002356523283,1.1897867564534237,2.363856749311295,1.2953991663748599,9.974874520438851,1.460022E9])
(5.0,[-0.9388775510204087,9.629693877551022,1.3687059743061218,2.976669861140333,9.62936176099306,3.1161826796358425,1.3435943356934612,2.464931278633903,1.3821901711162012,10.054404594635004,6.50086E8])
(5.0,[-1.087878787878788,9.604949494949501,2.3821850673535354,2.101296474953618,11.405980354566069,2.9966453554598504,1.1892011019283746,2.6816610549943896,1.297825559631058,10.19908421952451,7.303832E8])
(5.0,[-1.3219999999999998,9.978000000000002,0.18445839228571437,5.466522352941176,13.70534,12.956936355581655,1.6357714285714284,3.024228571428572,2.6022758364244902,10.915397808065116,5.0019E7])
(5.0,[-1.169090909090909,9.724040404040405,1.5601489125656562,3.313222634508348,11.460799835085556,6.977287600174864,1.3651790633608811,2.702348739924498,1.7467314302181416,10.405309049713257,9.04984E8])
(5.0,[-1.2141414141414142,9.59060606060606,1.8143954160606055,2.72573267367553,8.404362894248612,3.9807691044290534,1.330209162330374,2.361861034588308,1.5568386881787568,10.149774188832986,2.850036E9])
(5.0,[-1.5468686868686865,9.445656565656567,2.3149088054949494,2.63438091115234,10.47027788084931,3.4162376235605585,1.3210284664830119,2.5864870931537585,1.3064805417022747,10.132795754951577,7.875135E8])
(5.0,[-1.4145454545454548,9.44535353535354,1.7666553870707071,2.682851576994435,8.233792475778191,4.268523626946509,1.2990266299357212,2.171698806244261,1.5588703905764716,10.043147160274358,2.600006E9])
(5.0,[-1.4241237113402059,9.583402061855667,1.4381402088041233,2.9698078178694156,9.122212263745702,5.585002405518458,1.4086172813263886,2.3773918588585374,1.877387383648847,10.207027238487147,0.0])
(5.0,[-1.3743434343434342,9.569898989898997,1.5364852749898987,2.996984003298288,10.3392152958153,5.833819453328646,1.3871278440975414,2.480095908580757,1.9111817293043567,10.210816211770796,1.959991E9])
(5.0,[-1.4295918367346934,9.69163265306122,1.9828724585714297,3.0424678729223653,11.58178699768567,4.308301171259783,1.4554935443565182,2.7268013327780087,1.5279579463556854,10.346820448542227,0.0])
(4.0,[-1.393333333333333,9.426464646464646,1.9766013991313127,3.5075102040816324,10.998676149247576,4.0379415360602,1.460404040404041,2.6746107540046937,1.5358432775398427,10.225915693504197,0.0])
(4.0,[-1.243636363636364,9.434949494949493,1.690849220808081,3.923388682745827,7.598472191300759,5.2437805463022515,1.3928374655647384,2.214496479951024,1.6351643557432913,10.16428871417624,0.0])
(4.0,[-1.3670408163265306,9.117346938775507,2.1714725910612254,3.9229365137807704,7.435780517567849,7.334759622320498,1.4972823823406909,2.1345022907122035,1.9709000735493545,10.1129514824646,1.149933E9])
(4.0,[-1.4204040404040406,9.316666666666668,2.151327044848484,1.4303222840651408,4.544859183673468,4.169667963688632,0.8832772166105498,1.7231649831649822,1.6209089249586768,10.014619107628974,0.0])
(4.0,[-1.26765306122449,9.053877551020406,2.2479133042448978,2.2232263938565118,4.6575971807279615,5.814471001125364,1.2044960433152851,1.7282423990004163,1.9044490822490634,9.884017018513571,1.8499905E9])
(4.0,[-1.402142857142857,9.103163265306124,2.3115675807755105,0.980794329896907,4.170828034925312,3.3603638523778385,0.7154956268221571,1.5764493960849648,1.5149559295868398,9.790281888589567,1.9150085E9])
(4.0,[-1.1627380952380957,9.040357142857147,2.751634552738094,1.1508972317842798,3.152851678141138,4.904906381445495,0.8364399092970523,1.340085034013605,1.7817252584325396,9.861970512398214,8.30017E8])
(4.0,[-1.3669387755102045,9.208265306122447,2.009140276020408,1.1042668209551867,3.296523763938562,4.978646324795588,0.8077842565597666,1.3506518117451056,1.8633724910037481,9.891871924397464,0.0])
(4.0,[-1.3450000000000004,9.112978723404252,2.4687604709574464,1.3708317204301077,3.625909311370395,5.108920145636598,0.8709574468085105,1.4267904028972394,1.8070298483952012,9.913784797503594,7.25006E8])
(4.0,[-1.2726530612244897,9.203061224489794,2.252082794591835,1.118467115505996,3.6500173364191055,4.422960935527219,0.7806663890045816,1.4539733444398166,1.702951908386089,9.8979388568981,1.0666603333333334E9])
(4.0,[-0.7420731707317073,9.655853658536588,1.062054930804878,1.2162018217404396,2.0622937067148412,4.81149233689555,0.7743099345627605,1.0015466983938133,1.6569829761421768,10.07577719833285,0.0])
(4.0,[-1.7134693877551024,9.261632653061223,1.760082476142857,3.8709094887439486,8.984112770881548,5.224432209640544,1.4693960849645984,2.4518367346938774,1.7342996904169088,10.099784208663777,0.0])
(4.0,[-1.9486868686868684,8.992626262626267,2.736314081919192,2.382497237682952,5.750335889507319,6.328250948702271,1.1036445260687682,1.8251729415365765,1.9169016733904696,10.088803520094945,0.0])
(4.0,[-1.875454545454546,8.936161616161614,2.5820877323838394,1.4044107606679035,5.240234096062666,4.072949831661665,0.9417630853994494,1.8462381389654112,1.6588808008056324,9.85381209750502,0.0])
(4.0,[-1.5621649484536078,9.260206185567007,2.0419288277938143,1.8879233891752578,3.448956207044672,4.721790490830773,1.0344861303007762,1.3655606334360717,1.7797389414526517,9.980010128434115,7.300048E8])
(4.0,[-2.1132653061224493,9.157653061224483,2.2562522998367354,1.5479871660004207,4.219207837155481,5.675546703539549,0.938837984173261,1.4760079133694304,1.713724516463141,10.061032652865897,0.0])
(4.0,[-1.4470999999999994,9.2612,2.3267639971000014,3.293849080808082,6.955180363636368,4.819616861093611,1.4734160000000005,2.192576,1.672344428436,10.144059809862144,3.200074E9])
(4.0,[-1.5947959183673472,9.231326530612247,2.105594565571427,1.454320061014097,4.537848737639388,4.462518375311514,0.9408038317367764,1.669027488546439,1.6136850097376092,9.961670373843004,0.0])
(4.0,[-1.2052040816326526,8.807244897959183,2.9458866308367346,1.4374747001893546,4.951127382705659,5.434267304376788,0.9195876718034157,1.7335922532278214,1.9779683203544363,9.830002404479613,1.599976E9])
(4.0,[-1.1343434343434353,8.865353535353533,3.0061070393131315,1.439953391053391,4.314616965574109,6.327189938046051,0.8964126109580656,1.5630486685032148,2.0987508983189476,9.919742466186507,1.705002E9])
(4.0,[-1.476161616161616,9.04171717171717,2.8678398854545457,1.481319810348382,5.469228653885795,4.457070050275188,0.9559983675135192,1.832545658606264,1.6732084980348945,9.964556801603193,7.159912E8])
(4.0,[-1.6844999999999999,9.273900000000003,2.07655819568,1.0892169191919183,2.3680482727272714,3.5860558047812914,0.7850500000000001,1.120129999999999,1.5327031472832005,9.92889446520113,7.00002E8])
(4.0,[-1.3889690721649486,8.964123711340207,2.821518207608247,1.0889947594501719,3.2752390678694154,4.492219707567412,0.7937612923796367,1.3520735466043141,1.7754540847605482,9.832886209427524,0.0])
(4.0,[-1.087070707070707,9.089393939393942,2.744706442707069,1.091455617398475,3.804105751391465,5.861077628874554,0.7958289970411181,1.483893480257117,2.0112588477281905,9.962430010282969,0.0])
(4.0,[-1.557755102040816,8.952857142857143,2.9732663188775508,2.4633495476541127,12.173964948453605,5.036052192986318,1.2335818408996255,2.8562682215743433,1.6143600812786345,10.032620491621584,4.866536666666667E8])
(4.0,[-1.64,8.988686868686873,2.9703364436363637,1.36194693877551,4.965409482580912,4.075825715061134,0.8521212121212122,1.755249464340373,1.5942268888521578,9.947048417974926,1.809997E9])
(4.0,[-1.3992857142857134,9.32857142857143,2.174391229734695,1.8742582474226803,2.289665979381443,4.296276664620123,1.0426967930029152,1.0898542274052485,1.5739046448942116,10.000472344670811,5.74997E8])
(4.0,[-1.7510101010101007,9.098080808080809,2.9979898764040405,1.1132173366316225,3.735395258709542,4.413242103620043,0.8169799000102034,1.551355984083258,1.6779473540577485,10.079515084698462,8.000081666666666E8])
(4.0,[-1.1491919191919187,8.698484848484847,3.235038935959595,1.1443381158524015,3.772188497217069,6.830004927311722,0.7898745026017754,1.5535537190082653,2.246619433976125,9.83761550543442,5.600158E8])
(4.0,[-1.5204123711340203,8.931855670103092,2.9724653668041245,0.9280060781786935,3.5805111039518907,4.437332422266344,0.7262153257519399,1.483592305239664,1.7113201792709107,9.853306943401744,1.650055E9])
(4.0,[-1.4782653061224496,9.226632653061229,2.1616047905102036,1.1726227330107297,1.8138184409846418,3.3945528338289486,0.8435443565181174,0.9421470220741351,1.4864672375843397,9.844266993583842,2.000061E9])
(4.0,[-1.714897959183674,8.836326530612242,3.2112054457142856,0.9077262781401227,3.4216709025878376,4.402591397919352,0.7692877967513534,1.4801915868388176,1.7214224604664723,9.870027939872,0.0])
(4.0,[-1.3246938775510202,8.827653061224492,2.994391759897959,1.095917946560067,3.478030517567854,5.76798345969462,0.8448854643898376,1.4847709287796744,2.0431713078425657,9.851231910476365,1.3366496666666665E9])
(4.0,[-1.4654545454545458,8.780000000000005,3.361199153434343,1.0805760667903526,4.1640795918367335,5.0173951855453,0.8043342516069789,1.5890909090909089,1.8000565891439642,9.87666886561517,0.0])
(4.0,[-1.5178787878787876,8.967878787878789,3.29185921020202,1.0065209647495361,4.545559740259739,4.003497903819277,0.7862442607897152,1.6929782675237217,1.565246304887257,9.977176896775022,2.950043E9])
(4.0,[-1.5823333333333327,9.088666666666667,2.6489306290000005,0.8001402259887,3.835208361581921,6.343533667279869,0.6869777777777776,1.3963777777777777,2.009402337766667,9.9891102529973,8.749695E8])
