(3.0,[-0.9467346938775508,3.7580612244897957,9.356224489795919,0.004407784557121816,0.0036260993057016513,0.0024031243425204924,0.048638067471886696,0.03371095376926273,0.03920866305705977,10.127546904945948,0.0])
(3.0,[-0.8595959595959598,3.72020202020202,9.424242424242426,0.009593712636569782,0.011032611832611831,0.00364100185528761,0.07952657892051836,0.07742475257626762,0.04634833180287667,10.169429827720736,0.0])
(3.0,[-0.9081818181818183,3.7204040404040404,9.400303030303027,0.01648441558441559,0.02455289631003919,0.02447643784786653,0.08710743801652894,0.10600755024997445,0.08580961126415591,10.151990312672808,0.0])
(3.0,[-0.823469387755102,3.7706122448979595,9.41183673469388,0.011171344414054287,0.0021006522196507543,0.0017636019356195682,0.08544773011245317,0.03618492294877145,0.03626822157434341,10.173099463003469,0.0])
(3.0,[-0.8736363636363635,3.7730303030303034,9.385757575757578,0.003980519480519482,0.0012192949907235625,0.0017491651205937115,0.05180899908172641,0.026372819100091892,0.031747780838690516,10.15367542060145,0.0])
(3.0,[-0.8474226804123711,3.8730927835051547,9.346804123711342,0.06094849656357388,0.01841325171821304,0.00736363831615115,0.18159421830162606,0.10823466893399934,0.0659666276968859,10.15704723220845,9.533086666666666E7])
(3.0,[-0.8688888888888889,4.809090909090909,8.907979797979799,0.08539160997732427,0.05251038961038915,0.00916322407750976,0.2524130190796857,0.19226813590449965,0.07795939189878588,10.167494991183638,9.30008E7])
(3.0,[-1.041170212765957,4.653404255319148,8.941170212765957,0.12462979867307236,0.0959452756806234,0.02088356211393263,0.2992055228610231,0.280719782707107,0.12953146220009037,10.144761644134759,9.444344444444443E7])
(3.0,[-1.2283505154639172,4.8102061855670115,8.846907216494845,0.08171183419243995,0.03921454037800696,0.0064424183848797514,0.23885216282282917,0.14240833244765624,0.0623339355935807,10.150764520587924,2.975031666666666E8])
(3.0,[-1.7032653061224492,4.71704081632653,8.798469387755105,0.02842634125815274,0.05199218388386283,0.012928560908899486,0.1348937942523948,0.18838608912952948,0.09033735943356935,10.131828702690347,3.4285614285714287E8])
(3.0,[-1.6999999999999997,4.726969696969698,8.794343434343437,0.028455102040816325,0.05042133580704999,0.012581962481962817,0.1353535353535353,0.184315886134068,0.0885154576063669,10.132235635835395,3.4285614285714287E8])
(3.0,[-1.172323232323232,4.2041414141414135,9.13111111111111,0.1678567924139352,0.33999593898165364,0.09751201814058946,0.3475053565962657,0.46556269768390984,0.2475420875420875,10.146203788122543,2.62496875E8])
(3.0,[-0.12928571428571428,5.48,8.486020408163265,0.010398453608247423,0.017470103092783507,0.010259257311171908,0.07467930029154518,0.10081632653061198,0.07487921699291937,10.104169842207362,0.0])
(3.0,[-0.903775510204082,5.103367346938775,8.696224489795918,0.09578456764148958,0.08834833789185774,0.036481474857984426,0.22463348604748012,0.24664514785506014,0.1567950853810913,10.134134340360884,0.0])
(3.0,[-1.1773737373737372,3.7265656565656564,9.173737373737374,1.696880787466502,1.5654513502370662,0.24405629767058293,1.117177838996021,1.058816447301296,0.3957188042036529,10.135710516175198,5.476309523809524E7])
(3.0,[-2.6361616161616173,3.134545454545455,9.204242424242425,0.006311647083075664,0.007304638218923919,0.0034430426716141067,0.06580348943985305,0.06334251606978869,0.04673400673400702,10.075045307287077,0.0])
(3.0,[-2.7718556701030925,3.0908247422680413,9.167010309278345,0.042542353951890044,0.024315979381443285,0.010110760309277975,0.17403337230311394,0.1044425550005313,0.0756786055903931,10.066842568155556,0.0])
(3.0,[-2.3967368421052635,3.5904210526315783,9.056,0.5141817917133258,0.3092998208286678,0.0024136170212765815,0.6769728531855959,0.527609972299169,0.03907368421052643,10.072748397162126,0.0])
(3.0,[-2.252142857142857,3.689591836734695,9.127448979591838,0.017404639175257735,0.020729728592467835,0.0017738375762676507,0.0975364431486882,0.10693461057892598,0.03443981674302399,10.101184259303745,2.250065E8])
(3.0,[-2.3201041666666664,3.4725,9.202812500000004,0.014072620614035084,0.048751578947368424,0.00540990131578951,0.07758463541666676,0.14776041666666662,0.05110677083333442,10.109136286590433,0.0])
(3.0,[-2.086464646464646,3.623939393939393,9.209090909090905,0.21008839414553698,0.09920575139146576,0.0025348794063078865,0.3544597490052036,0.2503703703703698,0.04174471992653833,10.129195865116012,4.999905263157895E7])
(3.0,[-2.2291919191919183,3.661111111111112,9.095959595959592,0.49578913626056503,0.42984875283446766,0.015248814677386145,0.5457198245077032,0.45595959595959584,0.08521171309050095,10.100593990187182,9.357125E7])
(3.0,[-1.8066666666666669,3.1350000000000002,9.460119047619045,0.11680803212851404,0.3648662650602411,0.06643733505450349,0.19222222222222218,0.3238095238095238,0.13836734693877706,10.153998690422295,0.0])
(3.0,[-1.8332323232323229,3.0361616161616163,9.481717171717172,0.15085883323026172,0.12783205524634073,0.006416408987837551,0.24755637179879614,0.23592490562187535,0.05630853994490325,10.137157355087565,5.0003E7])
(3.0,[-1.5769387755102047,3.038877551020408,9.531734693877546,0.29358022301704195,0.26969047969703364,0.04463098043341055,0.4249895876718033,0.373069554352353,0.13124531445230986,10.15600867735332,0.0])
(3.0,[-0.6971428571428574,4.022755102040817,9.303265306122453,0.022004123711340196,0.019591300231432685,0.0037356196086680248,0.10819241982507295,0.11313619325281093,0.04630154102457461,10.161823219126322,5.257577272727273E7])
(3.0,[-1.0106315789473685,3.779368421052632,9.353999999999997,0.01398683090705489,0.005150660694288935,0.001598723404255263,0.09482105263157892,0.056494182825484726,0.03355789473684212,10.140083306199546,0.0])
(3.0,[-0.8211340206185568,3.917113402061855,9.305154639175255,0.016747658934707896,0.005526997422680401,0.0013773195876288736,0.10645977255818893,0.061528323945158774,0.028151769582313607,10.130457995524928,3.01001E8])
(3.0,[-0.7625252525252525,4.0104040404040395,9.285252525252526,0.04415988455988458,0.02483248814677381,0.005704782519068108,0.17437200285685142,0.13165595347413517,0.05854300581573338,10.146569429985956,6.39299642857143E7])
(3.0,[-1.0302061855670104,3.7781443298969064,9.342371134020622,0.1712812070446735,0.1767652706185565,0.022834944158075535,0.36540121160590916,0.34745031352959943,0.09647146349240221,10.146825054997265,5.7111266666666694E7])
(3.0,[-1.5828571428571436,3.3193877551020408,9.42969387755102,0.03989278350515457,0.03052127077635176,0.004693719755943591,0.15693877551020421,0.1420783007080384,0.05243440233236126,10.12480843877372,0.0])
(3.0,[-1.512857142857143,3.357142857142856,9.42877551020408,0.034373195876288676,0.05503917525773193,0.016786114033242195,0.14183673469387761,0.15212827988338212,0.06848812994585617,10.126212748144816,0.0])
(3.0,[-2.185353535353534,3.196262626262627,9.313030303030297,0.15112308802308788,0.04597466501752212,0.009658070500927733,0.29463524130190777,0.16943169064381186,0.06621365166819687,10.095207364542661,0.0])
(3.0,[-3.3223469387755102,3.470816326530611,8.74214285714286,0.42450886808331606,0.47651066694719074,0.15022938144329956,0.5159496043315284,0.5196709704289878,0.2519970845481052,10.024489674703439,0.0])
(3.0,[-3.921313131313132,3.178080808080807,8.62131313131313,0.03802580911152339,0.040776891362605594,0.010231931560503045,0.1553453729211305,0.16015916743189465,0.07538210386695225,9.994339516446846,0.0])
(3.0,[-3.8740999999999994,3.2392000000000003,8.599199999999996,0.184681,0.07700339393939394,0.03135288888888868,0.31321400000000005,0.2009919999999999,0.14017599999999894,9.985620004079992,0.0])
(3.0,[-4.056808510638298,3.382340425531915,8.45265957446809,0.0032628231525966595,0.006841775337451383,0.0015143559826127173,0.04386147578089615,0.06248981439565432,0.03205070167496566,9.967731729972291,0.0])
(3.0,[-3.7178571428571434,3.5265306122448976,8.582448979591838,0.06497577319587632,0.09671155059962122,0.005690847885546057,0.20540816326530595,0.2465514369012909,0.05687213660974638,10.00397533428453,5.1878E7])
(3.0,[-3.6281052631578947,3.790210526315789,8.513157894736842,0.0591112653975366,0.07717655095184753,0.002623964165733457,0.20625595567867044,0.23410747922437658,0.037484764542935985,10.006883200396093,6.89655172413793E7])
(3.0,[-3.9748979591836737,3.2636734693877556,8.558673469387747,0.006188133810225109,0.006619356196086688,0.0020260572270144636,0.054294044148271325,0.06764681382757187,0.037436484797999756,9.985749581695854,0.0])
(3.0,[-4.016868686868687,3.2647474747474754,8.558282828282831,0.012303360131931554,0.0081149866007009,0.0029776334776334765,0.07760840730537678,0.06697683909805133,0.04247321701867182,10.002913663703769,0.0])
(3.0,[-3.9242424242424234,3.4273737373737374,8.519494949494955,0.03529406307977762,0.05744201195629769,0.002078313749742299,0.1438934802571167,0.18533414957657388,0.03805530047954285,9.991029925017353,4.99875E7])
(3.0,[-3.4389898989898993,3.998383838383838,8.491313131313133,0.04413366316223455,0.041462667491238975,0.0055339723768295,0.15197020712172232,0.14741965105601448,0.05056626874808662,10.00001053836361,0.0])
(3.0,[-4.45909090909091,3.2910101010101016,8.2530303030303,0.42021038961038976,0.1863683570397857,0.039035621521335724,0.36440771349862244,0.27675747372717086,0.10987450260177485,9.969932171560561,0.0])
(3.0,[-4.436428571428572,3.408571428571427,8.259795918367349,0.04283556701030931,0.02812371134020613,0.004146349673890182,0.1533527696793001,0.1254810495626825,0.04860891295293585,9.979514268108948,0.0])
(3.0,[-4.329696969696969,3.4831313131313135,8.288585858585856,0.05144990723562136,0.04263397237682958,0.003316347144918564,0.17972451790633617,0.14618100193857764,0.04365268850117333,9.983564479101723,4.9998E7])
(3.0,[-4.376326530612246,3.44265306122449,8.263673469387758,0.03703172733010743,0.05666092993898602,0.003388428361035126,0.13417742607246988,0.1874510620574762,0.04589754269054543,9.969161044877342,9.9945E7])
(3.0,[-4.111752577319589,3.8989690721649484,8.205670103092782,0.00438127147766323,0.004401009450171834,0.0013435567010309428,0.052709108300563516,0.052430651503879384,0.0286916781804654,9.972466299643454,0.0])
(3.0,[-4.313939393939393,3.6482828282828286,8.218181818181813,0.013230241187384043,0.03404702123273562,0.0037558441558442025,0.09674931129476605,0.15651668197122742,0.05002754820936688,9.97529302339294,0.0])
(3.0,[-4.583434343434342,3.285757575757575,8.235858585858585,0.04716971758400324,0.09609814471243043,0.005720428777571697,0.17463116008570576,0.28034282216100387,0.05715539230690781,9.988759960594471,5.069E7])
(3.0,[-4.716249999999999,3.0689583333333323,8.263124999999995,0.0025184210526315843,0.002971535087719268,0.0012848684210527161,0.03575520833333294,0.0445095486111108,0.030234375000000414,9.997314440433776,5.449479775280897E7])
(3.0,[-4.524791666666667,3.3291666666666666,8.254270833333335,0.05050942982456139,0.10259929824561423,0.0023489364035087948,0.1905772569444443,0.2814583333333333,0.0354600694444444,9.992063737718954,5.0049E7])
(3.0,[-4.667708333333334,3.1329166666666652,8.248020833333337,0.007609429824561432,0.018555614035087813,0.001576041666666703,0.06212673611111106,0.09801215277777761,0.032024739583333864,9.982895372605752,0.0])
(3.0,[-4.178181818181819,3.837272727272725,8.198181818181814,0.08587625231910916,0.1387710575139151,0.0023660482374767613,0.2428099173553721,0.31864095500459216,0.03676767676767804,9.980671699316497,6.702114893617022E7])
(3.0,[-4.625816326530611,3.5137755102040797,8.108673469387753,0.029212213338943863,0.02694539238375762,0.006776572690931993,0.12285922532278239,0.11400249895876735,0.05630570595585158,9.977714647410211,0.0])
(3.0,[-4.6044329896907215,3.4775257731958766,8.133298969072161,0.007870768900343677,0.008770897766323038,0.002401503436426118,0.0678903177808482,0.07399298543947273,0.038518439791688515,9.973031176500255,0.0])
(3.0,[-4.718865979381444,3.3110309278350516,8.11721649484536,0.017978908934708077,0.022171842783505234,0.0023890463917526023,0.11704113083218219,0.13306408757572546,0.03743012009777852,9.957934032418581,0.0])
(3.0,[-4.780714285714286,3.16561224489796,8.136224489795918,0.008687113402061889,0.002925909951609502,0.0019144645487060826,0.0731486880466474,0.03641815910037468,0.036528529779258787,9.95420998905662,5.135471874999998E7])
(3.0,[-4.782448979591837,3.1635714285714287,8.139795918367348,0.006552703555649075,0.0029943298969072134,0.0016844940037871242,0.061636817992503215,0.037755102040816294,0.034493960849646156,9.95720350489923,5.1354093749999985E7])
(3.0,[-4.779999999999999,3.152553191489362,8.139255319148932,0.003643010752688185,0.0025181423015328257,0.0014155685197895036,0.04531914893617043,0.03442281575373476,0.031367134449977525,9.951939020337411,5.303988043478259E7])
(3.0,[-4.746632653061222,3.2289795918367346,8.126530612244897,0.007938028613507158,0.015765958342099724,0.001692993898590367,0.061339025406081764,0.09573094543940022,0.031103706788837972,9.950946698531105,0.0])
(3.0,[-2.6551515151515144,3.6741414141414133,8.850000000000003,0.2256354359925793,0.37138369408369387,0.050722448979591654,0.3841873278236914,0.4778655239261297,0.15636363636363623,9.97520730688351,0.0])
(3.0,[-1.584175824175824,5.886703296703294,5.880769230769231,4.375640146520146,18.00773123321124,20.16072051282051,1.4741263132471925,3.5037845670812704,4.105240912933221,10.29213811112978,7.50061E8])
(3.0,[-0.2453846153846153,9.977692307692308,1.5876923076923077,7.3610978461538465,7.1970824615384625,6.011466461538459,1.9807692307692304,2.0979289940828405,1.5692899408284027,10.68203285800805,2.49969E8])
(2.0,[-1.1438144329896904,9.324845360824742,1.295154639175258,0.0013634235395188971,0.0015314862542955166,0.0028023195876288602,0.02661494313954711,0.03158040174301178,0.04230205122754809,9.483801049296458,5.106735416666667E7])
(2.0,[-1.211717171717172,9.334848484848484,1.2320202020202018,0.0028286538857967424,0.0010089053803339705,0.0040489383632240855,0.045232119171513124,0.023636363636363702,0.050245893276196295,9.49379810039659,5.038421428571428E7])
(2.0,[-1.1935353535353534,9.327171717171716,1.3483838383838387,0.0021924757781900594,0.0019286538857967532,0.004134096062667487,0.03797571676359557,0.030415263748597047,0.052853790429548006,9.49974332414237,5.040819387755103E7])
(2.0,[-1.1736363636363631,9.321919191919191,1.235656565656566,0.012566233766233758,0.002838115852401536,0.015859513502370675,0.08934802571166206,0.038659320477502084,0.10235894296500361,9.477883006408604,4.989717346938774E7])
(2.0,[-1.116428571428571,9.333061224489798,1.268979591836735,0.03821701030927836,0.006314243635598513,0.0640958552493163,0.14402332361516043,0.0643648479800083,0.21306538942107442,9.490209419087876,5.11348762886598E7])
(2.0,[-1.2080808080808079,9.323434343434343,1.2141414141414133,0.06468505462791174,0.005418697175840058,0.03214695938981658,0.19244362820120386,0.05290072441587594,0.14041424344454662,9.48443700242501,4.97947244897959E7])
(2.0,[-1.1440206185567012,9.30701030927835,1.4323711340206182,0.012997207903780101,0.004998260309278338,0.009874527491408944,0.08653629503666699,0.05087894569029646,0.0814135402274418,9.487003031235774,5.104256249999999E7])
(2.0,[-1.101224489795918,9.320714285714285,1.316326530612245,0.04514693877551022,0.011610824742268025,0.027856469598148515,0.15357351103706782,0.06998542274052466,0.1359391920033319,9.48121249797503,5.1041604166666664E7])
(2.0,[-1.2275,9.325199999999997,1.0572999999999997,0.008059343434343438,0.008049454545454526,0.008935060606060623,0.06990000000000005,0.05980799999999985,0.07260800000000002,9.465770415976394,5.051001020408163E7])
(2.0,[-1.1402000000000008,9.306100000000002,1.2885000000000002,0.014129252525252534,0.004367464646464658,0.01206944444444445,0.06506400000000026,0.043174000000000816,0.07971999999999997,9.465182366903077,4.9803767676767685E7])
(2.0,[-1.1596969696969692,9.309595959595953,1.3574747474747473,0.01320909090909092,0.002342692228406583,0.011112945784374327,0.08437710437710443,0.03461279461279222,0.0775982042648709,9.480526555062568,5.051032653061225E7])
(2.0,[-1.2297000000000002,9.333699999999999,1.1000999999999999,0.05645950505050507,0.013506373737373725,0.038786858585858563,0.15194800000000003,0.0706860000000004,0.148274,9.483352188392281,5.1569937500000015E7])
(1.0,[1.3307216494845358,7.778865979381444,1.7418556701030927,16.857792182130584,84.53105599226802,15.519836103951889,3.248268678924434,8.294524391540016,3.2028525879477105,11.709180573973997,3.406189E8])
(1.0,[1.3480808080808082,7.8584848484848475,1.801212121212121,13.785550360750358,75.57354972170685,13.286598515769946,3.0558392000816252,7.570590756045302,2.9391000918273638,11.271701638354793,4.1086927272727275E8])
(1.0,[1.2437999999999998,7.108300000000001,1.5628,15.46918137373738,81.68596778787881,12.927915313131313,3.2955040000000007,8.100167999999998,2.869991999999999,11.114312460357919,3.98777E8])
(1.0,[1.2848979591836738,7.031938775510202,1.4395918367346943,14.319680917315383,85.71383022301704,13.611449316221327,2.9948063306955426,8.11557892544773,2.8580882965431074,11.26875739895246,4.5757722222222227E8])
(1.0,[1.8207999999999986,7.661999999999999,1.7063,15.312080161616159,79.4477575757576,15.506995262626264,3.2078159999999984,7.781320000000001,3.2312779999999997,11.651561574560832,8.200378E8])
(1.0,[1.551632653061225,7.6422448979591815,1.5148979591836738,11.691648853355774,83.91526294971597,14.183004628655576,2.718196584756351,7.916164098292374,2.8900874635568514,11.581019815143874,3.4249375E8])
(1.0,[1.3501010101010096,7.512222222222218,1.6093939393939392,14.874972438672438,83.72098072562359,16.774748608534324,3.1845444342414035,7.916386083052747,3.4257545148454236,11.565715908128519,3.2996264285714287E8])
(1.0,[1.2606060606060603,7.554444444444444,1.3506060606060606,14.082022077922087,80.51895147392291,12.018069016697586,2.9959412304866846,7.773557800224469,2.7648668503213956,11.270705846004258,4.412028888888889E8])
(1.0,[1.5929292929292924,7.433030303030302,1.6475757575757575,11.755388270459704,81.98003153988869,13.275202226345087,2.6209284766860517,7.902938475665746,3.0551943679216413,11.414747351411592,7.332966666666666E8])
(1.0,[1.8880000000000003,7.8509,1.9136999999999997,17.15856565656566,79.00126079797975,16.189916474747474,3.24744,7.718445999999999,3.248270000000002,11.970480451289761,3.139994E8])
(1.0,[1.7565999999999993,8.144800000000002,1.6217999999999992,14.107228727272732,76.19643733333332,14.29147753535353,2.9421999999999997,7.588919999999999,3.0874520000000003,11.743133681416138,3.968567E8])
(1.0,[1.6069696969696963,7.519797979797979,2.1765656565656566,16.411917254174398,77.89989995877139,17.748673799216647,3.2338904193449634,7.658175696357516,3.4728823589429645,11.678662183021292,2.9643028571428573E8])
(1.0,[1.2196000000000005,7.178199999999999,1.6425999999999994,13.603967515151515,86.76656440404038,16.67710832323232,3.0162479999999996,7.960544000000001,3.3502600000000013,11.744837170789182,5.1755525E8])
(1.0,[1.563737373737374,7.352525252525253,1.5692929292929292,15.933307318078741,79.91771294578436,15.05480051535766,3.254104683195592,7.657247219671466,3.129488827670647,11.375545147821159,4.421997777777778E8])
(1.0,[1.3936734693877553,6.993877551020408,1.6326530612244896,12.57626059330949,79.05610852093416,10.393116600042081,2.9161974177426075,7.785747605164515,2.517942523948355,10.842391885211985,3.384586923076923E8])
(1.0,[1.2786868686868689,7.432929292929294,1.8593939393939394,15.150574788703361,78.45921888270458,14.034213914656771,3.1155208652178357,7.810172431384551,3.114655647382921,11.41025410078824,6.753946666666666E8])
(1.0,[1.3934999999999993,7.598600000000001,1.5849000000000006,13.795919949494946,78.01446670707068,15.265867666666672,3.0599600000000002,7.747256,3.0950800000000007,11.355132117663688,6.786542857142857E8])
(1.0,[1.6500000000000001,7.862000000000003,1.6611999999999993,13.93170505050504,75.35511313131313,13.930541979797981,3.009400000000001,7.546320000000002,3.0099679999999998,11.449329210873673,5.94894375E8])
(1.0,[1.6958999999999995,7.5051000000000005,1.8836000000000004,15.348042616161615,71.37074645454544,14.85089802020202,3.2139,7.319997999999998,3.0510880000000014,11.156390516777185,3.138842142857143E8])
(1.0,[1.5469,7.615000000000001,1.4531000000000003,12.131352919191926,77.42049191919193,8.888348878787877,2.6594239999999987,7.413299999999998,2.3209479999999996,11.09927755584426,5.440445E8])
(1.0,[1.6794000000000004,7.8388,1.9250999999999996,14.675537010101014,71.90351773737376,14.595918171717177,3.143635999999999,7.466399999999998,3.0700100000000012,11.385321180796103,3.4709164285714287E8])
(1.0,[1.466666666666667,7.56444444444444,1.4961616161616165,19.716408163265296,77.13236167800457,13.444854504225933,3.6461952861952853,7.4893827160493815,2.975112743597592,11.630380430211314,4.65033E8])
(1.0,[1.3509183673469385,6.9358163265306105,1.903265306122449,14.189342446875662,81.1751111824111,15.79297067115505,3.032996668054977,7.557330279050394,3.2197209496043313,11.223150556001393,4.811638888888889E8])
(1.0,[1.31765306122449,8.154693877551022,1.7271428571428573,9.75037072375342,43.585548874395116,8.148222680412365,2.382490628904623,5.012282382340691,2.1210204081632664,10.35306756164451,4.619812E8])
(0.0,[0.3233333333333333,9.364848484848492,1.5057575757575763,4.584273469387754,9.56683543599258,6.172900185528756,1.7037710437710436,2.5205509641873283,1.7072910927456382,9.990650831110678,1.080109E9])
(0.0,[0.34585858585858614,9.138585858585856,1.9987878787878788,4.224671449185734,8.184989816532676,7.224280148423004,1.6444832159983678,2.342236506478931,1.8622222222222222,9.896076196481006,4.40064E8])
(0.0,[0.5249494949494949,9.289696969696966,1.659191919191919,4.250678313749741,9.335774397031539,5.891721789321787,1.607433935312723,2.4713927150290793,1.6090011223344558,9.914169926253438,1.6272125E9])
(0.0,[0.24559999999999993,9.296200000000002,1.8363999999999994,4.141317818181818,9.769302585858588,6.5283465050505045,1.6340400000000004,2.6123240000000005,1.6698799999999998,9.963122060613559,1.659958E9])
(0.0,[0.39070707070707067,9.151313131313133,1.9163636363636367,4.934684188827047,9.204405400948259,6.630645825602968,1.7890276502397717,2.4854198551168256,1.7548393021120294,9.892011765761808,2.220551E9])
(0.0,[0.29252525252525263,9.250202020202025,1.8377777777777777,4.98876804782519,12.524059142444854,8.783450113378688,1.7897704315886134,2.937775737169677,2.058316498316498,10.056100426717121,1.6000215E9])
(0.0,[0.8655,9.241600000000005,1.9363999999999997,5.171788636363636,10.661831757575758,6.547572767676765,1.9157300000000006,2.662663999999999,1.6726959999999997,10.026944386315227,3.32904E9])
(0.0,[1.0036363636363634,9.336363636363638,2.086262626262626,6.61061521335807,12.54154174397031,7.313127726242014,1.9849403122130393,2.869623507805327,1.8451158045097438,10.27790864791645,8.60006E8])
(0.0,[0.7002,9.152399999999998,1.9930999999999999,5.9510363232323265,13.158893171717175,7.880262010101006,1.988195999999998,2.982591999999999,1.891686,10.002298084666851,0.0])
(0.0,[0.6849494949494953,9.234848484848486,2.0649494949494946,6.333323211708929,14.09065788497217,8.130339538239538,1.9902499744923992,3.1006427915518824,1.9055994286297315,10.147792576837109,7.216898333333334E8])
(0.0,[0.6051000000000002,8.778499999999996,2.1179,6.216990898989898,12.985330050505043,5.37260665656566,2.048793999999999,2.876829999999999,1.5800800000000002,9.60749539589489,0.0])
(0.0,[0.5710000000000001,8.9573,1.9681000000000008,7.788601010101012,16.730817888888886,8.555239787878788,2.260779999999999,3.4088139999999996,1.8903580000000002,9.949984104409943,2.070023E9])
(0.0,[0.9101010101010102,8.948888888888888,2.1674747474747478,7.045596928468357,13.48356099773242,10.670557843743557,2.132015100499949,2.9820202020202027,2.235020916233038,10.026365428778128,2.411194E9])
(0.0,[0.8871717171717168,9.204949494949496,2.0005050505050503,5.711977633477633,13.866378313749745,7.372008925994642,1.9101561065197428,3.0994367921640653,1.789107233955719,10.080035568861044,8.9282225E8])
(0.0,[0.7385999999999999,9.164499999999995,2.0816999999999997,7.356159636363635,15.532992676767677,8.000569808080808,2.19774,3.23053,1.9699380000000006,10.170798105587393,1.183319E9])
(0.0,[0.8250000000000003,9.106499999999999,2.011199999999999,7.0020595959595955,13.125443181818175,7.922980363636361,2.1698,2.98742,1.8823200000000004,10.063131571030562,1.05072E9])
(0.0,[0.8271717171717172,9.239595959595965,2.1095959595959584,6.970996000824574,19.201548814677384,11.057920243248818,2.0328129782675237,3.6684399551066225,2.3098051219263342,10.295256318952998,4.100036E9])
(0.0,[0.9247474747474747,9.014040404040403,2.2812121212121217,5.972802741702738,13.951661059575356,10.004300556586273,1.8389470462197735,3.126183042546678,2.1850015304560753,10.02914483007909,1.5497895E9])
(0.0,[0.6093877551020406,9.060306122448972,2.2501020408163273,6.409962507889753,15.958275163054914,9.396998958552494,2.003519366930446,3.4178633902540616,2.0960474802165754,10.065231892698106,1.3865966666666667E9])
(0.0,[0.866565656565656,9.16888888888889,2.287171717171718,5.863567676767679,16.588485487528345,9.278285796742935,1.9446117743087439,3.414792368125702,2.081103968982758,10.128011790908335,5.044555555555556E8])
(0.0,[0.7618181818181821,8.83717171717172,2.122525252525253,5.703772170686459,12.704016408987837,7.654031313131316,1.9522314049586778,2.975729007244159,1.8451300887664523,9.73632390338034,2.115128E9])
(0.0,[1.1912,9.034999999999997,2.1085999999999996,6.159123797979796,13.217142424242425,9.526460646464649,1.903152,2.8977000000000017,2.131036000000001,10.05985514704106,6.93278E8])
(0.0,[0.8544897959183672,9.187448979591837,2.256530612244898,5.935635304018515,16.457365590153596,9.440270313486216,1.8800000000000003,3.4089775093710943,2.1661516034985415,10.163996492564815,7.417856666666666E8])
(0.0,[1.0249494949494944,9.135858585858587,2.233030303030304,5.44223341579056,13.8738530818388,7.22716827458256,1.8220732578308332,3.1168962350780527,1.8983226201408026,10.055223003606255,1.529999E9])
(0.0,[1.0419191919191921,9.071919191919191,2.0351515151515147,7.035603421974851,18.49517280972995,10.387194619666046,2.0800428527701262,3.6433445566778895,2.2098867462503824,10.108550417582645,0.0])
(0.0,[0.7782828282828284,9.143838383838386,2.0794949494949497,7.7719102865388585,17.84188103483818,7.275386477015055,2.254635241301909,3.506999285787165,1.9893072135496388,10.163985080490114,5.8999625E8])
(0.0,[0.7214999999999999,8.957600000000003,2.1794999999999995,6.23103712121212,14.168479030303034,7.588647222222222,2.0656999999999988,3.1864560000000006,1.82298,9.864190967509828,8.749465E8])
(0.0,[0.9115151515151517,9.218181818181815,2.1701010101010105,6.195859925788499,14.00054564007421,8.084745908060192,1.9267340067340069,3.1167860422405878,2.048811345781043,10.1387079137837,5.137635E8])
(0.0,[0.6343434343434344,9.054646464646463,2.2595959595959587,6.0498921665635965,15.096896557410838,9.21745289631004,1.9931537598204268,3.3176226915620854,2.076286093255789,10.034000792542392,5.699615E8])
(0.0,[1.1056,9.1096,2.2391,5.402198626262628,12.115803878787874,8.899529484848486,1.817888000000001,2.872583999999999,2.136212000000001,10.064102916093368,4.089996E8])
(0.0,[0.8507070707070709,9.12464646464646,2.157070707070708,5.260643372500515,15.716255741084312,9.358302556173987,1.7592286501377408,3.351627384960717,2.1208590960106113,10.03721584386302,0.0])
(0.0,[1.0811000000000006,9.054799999999997,2.1277999999999997,5.986892717171716,11.811651474747476,7.5804355151515175,1.8874119999999992,2.877688,1.8604720000000008,9.98113955637924,1.5749665E9])
(0.0,[1.007979797979798,8.797575757575759,1.9778787878787878,6.459377509791793,11.328089981447123,6.895982189239333,1.9408692990511172,2.7005325987144175,1.7672115090296912,9.724830735376715,0.0])
(0.0,[1.0022999999999997,9.082999999999998,1.8970000000000005,6.460957282828281,10.807273737373736,7.830176767676769,1.9898539999999996,2.7172599999999996,1.90184,9.99329500814147,0.0])
(0.0,[0.9673469387755105,9.125408163265309,2.1742857142857144,6.9329908268462,11.586664264674946,8.816531958762889,2.0882715535193688,2.8213598500624757,2.0483673469387735,10.13706744819358,5.501913333333334E8])
(0.0,[0.9363636363636365,9.05202020202021,2.144646464646465,5.974153988868276,15.487232611832608,8.404506761492478,1.819853076216713,3.3070911131517207,1.9616855422916037,10.017569844259189,0.0])
(0.0,[0.6090909090909091,9.145656565656562,2.087373737373737,6.397263450834881,13.796957472686046,7.665460379303239,2.07348025711662,3.044264870931537,1.9878420569329665,10.089257132774174,1.8450315E9])
(0.0,[0.6921999999999999,9.064,2.064599999999999,6.827360767676769,15.537997979797977,7.677483676767678,2.1271799999999996,3.1622800000000018,1.9155519999999997,10.024835106320314,1.5933126666666667E9])
(0.0,[0.8244444444444445,8.750606060606064,1.9686868686868693,8.02106780045352,17.060675139146568,7.216558462172751,2.3132884399551066,3.4173798591980415,1.8205774920926439,9.781954933768308,6.883341666666666E8])
(0.0,[0.9281000000000001,9.056899999999999,2.1787,5.802255949494948,16.32928827272727,9.021049808080807,1.9150139999999998,3.320189999999999,2.0895179999999995,10.043263970799227,3.021057E9])
(0.0,[1.108877551020408,9.45408163265306,2.252551020408163,6.184139964233119,14.311146055123082,7.637542909741216,1.9264743856726367,3.155231153685964,1.9007226155768433,10.401891343493544,9.079896E8])
(0.0,[0.9717171717171711,9.11939393939394,2.0450505050505057,6.0823143681715095,13.408477179962897,6.25381504844362,1.9340577492092648,2.9874074074074084,1.7161187633914903,9.985381141893233,9.73399E8])
(0.0,[0.6981818181818179,9.14878787878788,2.072727272727272,7.155368089053805,14.194196474953621,7.7506016697588125,2.1421120293847578,3.1179430670339774,1.934306703397612,10.106940116808516,1.1730956666666667E9])
(0.0,[0.9561,9.073099999999997,2.110200000000001,7.069270494949493,13.573732717171714,8.339733292929296,2.1091000000000006,3.023657999999999,1.9758480000000007,10.076390380653214,0.0])
(0.0,[0.7295,9.114199999999997,2.0456000000000008,8.239863383838385,17.441337737373736,8.769861252525251,2.27593,3.486451999999999,2.0020080000000005,10.1642250053441,0.0])
(0.0,[0.6552525252525255,9.054141414141418,2.0563636363636357,6.423737435580294,15.171849000206134,9.528023376623379,2.0353106825834097,3.173963881236607,2.168797061524334,10.044710593772427,8.60016E8])
(0.0,[0.5962244897959181,9.059183673469386,2.1476530612244904,7.617203124342521,15.884213759730692,8.863391342310122,2.2176530612244907,3.307092877967513,2.004820907955019,10.076579767027265,6.834206666666666E8])
(0.0,[1.0126262626262625,9.168989898989903,2.0332323232323244,4.799131807874665,11.710762234590803,7.831556792413931,1.7048648097132937,2.7019283746556484,1.8672808897051323,10.014578745024613,2.117401E9])
(3.0,[2.233404255319148,2.524893617021275,8.893829787234038,0.0020312971859986284,6.962251201098066E-4,9.744223289865139E-4,0.031299230421004555,0.019411498415573235,0.02623358985966419,9.511374047796963,0.0])
(3.0,[2.1431632653061237,2.5130612244897965,8.936122448979594,0.0061888596675783916,0.01911836734693884,0.0035270776351776,0.05908371511870106,0.10797584339858386,0.047017909204498214,9.528330510122025,0.0])
(3.0,[2.0761616161616154,2.6993939393939392,8.89323232323233,0.011787157287157207,0.01609758812615961,0.004597608740465717,0.0877481889603101,0.10552800734618908,0.05586164677073757,9.524530941223876,5.610195E8])
