(0.0,[0.26714285714285735,10.001632653061224,-0.9999999999999998,4.793779381443301,6.269040605933095,4.021364948453609,1.7259183673469394,1.991699291961683,1.5687755102040812,10.465118536022318,0.0])
(0.0,[0.772929292929293,9.933131313131305,-0.7954545454545456,2.867104596990311,7.302501319315608,3.1730556586270886,1.3652892561983465,2.139071523313948,1.4431955922865012,10.283306552939962,8.49991E8])
(0.0,[1.5569696969696971,9.922828282828283,-0.9417171717171725,2.409441743970315,7.6923653885796694,3.3998408987837574,1.2860116314661771,2.1732741556983983,1.4891460055096413,10.347358668637858,1.6450045E9])
(0.0,[2.6803030303030297,9.63646464646465,-0.35212121212121217,2.3202703153988873,5.72413737373737,2.0060821892393323,1.220287725742271,1.8301540659116422,1.1250260177532907,10.207406640341958,0.0])
(0.0,[2.6767346938775507,9.556836734693881,-0.32591836734693874,1.9301046917736173,4.349947622554176,1.7928079107931831,1.1042815493544362,1.5960412328196594,1.110112453144523,10.095972534941808,2.360046E9])
(0.0,[2.486565656565656,9.680101010101016,-0.5425252525252523,2.0159003298289013,6.494827540713257,2.6107802927231503,1.129403122130395,2.0627364554637286,1.2701785532088568,10.232888382571183,7.5501E8])
(0.0,[2.2557142857142853,9.781530612244895,-0.7372448979591836,3.1943793814432984,6.11867907637282,2.5107376919840103,1.3861516034985417,1.9652977925864217,1.2857955018742189,10.33981754797362,1.10249325E9])
(0.0,[2.723030303030303,9.692020202020204,-0.4984848484848486,2.554929499072357,7.372742815914244,2.9319313543599264,1.1940679522497706,2.2010305070911125,1.3452464034282217,10.345641314519783,0.0])
(0.0,[2.9648453608247425,9.487319587628868,-0.2758762886597938,1.8633398195876287,5.73604274054983,2.2573599012027494,1.076560739717293,1.9655797640556916,1.2036199383568926,10.132375151431123,1.600189E9])
(0.0,[2.643775510204081,9.622142857142856,-0.571734693877551,2.6149392068167483,6.885526288659793,3.094346444350938,1.2749999999999995,2.0799125364431488,1.4099770928779678,10.257364541724794,5.0018E7])
(0.0,[2.948484848484849,9.43525252525252,-0.2051515151515152,1.606539517625232,5.710790496804785,2.3165497217068642,1.003844505662687,1.9459320477502287,1.232886440159168,10.067670338067972,1.600189E9])
(0.0,[2.65070707070707,9.739595959595956,-0.758282828282828,3.1012107194392913,6.590869222840652,3.6110653885796764,1.4246831955922865,2.1519069482705855,1.527858381797776,10.418767695450049,4.779541E8])
(0.0,[2.91888888888889,9.611111111111116,-0.5576767676767675,3.1037589569160997,6.299499773242626,3.691415976087404,1.4537598204264872,2.017710437710439,1.5258096112641566,10.36171159660241,1.0733336666666666E9])
(0.0,[2.7733673469387763,9.584591836734695,-0.5988775510204081,3.9982101935619623,8.192532305912055,4.076539964233114,1.560506039150354,2.283979591836736,1.6366992919616827,10.368835747381667,2.129974E9])
(0.0,[2.8011224489795916,9.774591836734695,-0.7249999999999998,5.062230685882599,9.181326120345046,5.426107731958762,1.8063369429404412,2.4827217825905867,1.93,10.679902369601063,1.3899943333333333E9])
(0.0,[2.7561000000000013,9.517900000000001,-0.6435000000000002,4.160001808080808,9.677612717171717,4.665833080808079,1.6070019999999996,2.5165000000000006,1.7241799999999998,10.356109081424615,4.655557777777778E8])
(0.0,[2.9018367346938776,9.659387755102037,-0.8703061224489798,5.2278831895644835,9.940828487271194,5.255167946560067,1.904989587671803,2.6126155768429826,1.8693356934610579,10.628517698049293,0.0])
(0.0,[2.9765656565656573,9.511111111111115,-0.6131313131313134,4.412006452277881,8.71113854875283,4.782729890744176,1.7133170084685236,2.3995959595959606,1.7165350474441385,10.415123358810122,0.0])
(0.0,[2.3257575757575766,9.785151515151517,-0.43515151515151523,4.264087940630799,12.251100742115032,5.13521094619666,1.6934067952249772,2.826629935720845,1.8441077441077445,10.535240153064226,5.000455E8])
(0.0,[2.4376041666666657,9.601458333333337,-0.3498958333333333,4.355944725877193,8.885616798245612,4.8097926206140365,1.7710872395833333,2.3706250000000004,1.7638411458333332,10.33573660513648,1.050008E9])
(0.0,[2.38050505050505,9.839292929292927,-0.4833333333333331,4.758847701504844,9.729592352092356,5.423379591836733,1.8023079277624732,2.5316661565146417,1.9529292929292925,10.628686417672874,1.4100036666666667E9])
(0.0,[2.4401999999999986,9.683099999999994,-0.34969999999999996,4.4727151111111105,9.881144838383838,4.848796878787881,1.7345839999999995,2.5203139999999995,1.7752580000000002,10.450009467987616,1.056671E9])
(0.0,[2.4115463917525766,9.82721649484536,-0.4174226804123711,4.111042375429553,9.524801546391753,4.87879641323024,1.648540758847912,2.443464767775534,1.8370708895738126,10.567200921012507,1.589981E9])
(0.0,[2.3012121212121213,9.61111111111111,-0.3897979797979799,5.355659740259742,10.62536507936508,5.162869346526489,1.8603428221610037,2.6219304152637473,1.882401795735129,10.414377961835417,0.0])
(0.0,[2.3608999999999996,9.782900000000003,-0.5567999999999999,5.173260797979797,10.186370292929293,4.771696727272727,1.8471180000000003,2.6084159999999996,1.8565440000000009,10.566620690296956,5.2624887500000006E8])
(0.0,[2.522755102040817,9.687959183673467,-0.4333673469387755,5.1351335682726695,12.138461771512729,4.800771018304228,1.799729279466889,2.8538400666389,1.8326884631403586,10.498319480813494,0.0])
(0.0,[2.4191919191919182,9.837777777777777,-0.6325252525252524,4.72162178932179,11.245470521541947,5.198770088641517,1.7896724823997554,2.660336700336701,1.869221508009387,10.626152530591025,1.049958E9])
(0.0,[2.4007999999999994,9.645699999999996,-0.4488,5.422746828282827,11.439869202020198,5.851786424242424,1.919968,2.7839559999999977,1.999551999999999,10.49132552602919,1.5549775E9])
(0.0,[2.1772448979591825,9.797551020408163,-0.6176530612244898,6.0507376919840095,12.359954765411318,6.076014022722488,2.050010412328197,2.8713785922532282,2.138338192419825,10.651567635977964,7.63331E8])
(0.0,[2.462424242424243,9.722020202020204,-0.4800000000000001,4.486159369202224,9.53717342815914,4.890818367346938,1.7243220079583714,2.462728293031323,1.834141414141414,10.50034894564295,1.050003E9])
(0.0,[2.39020618556701,9.744536082474221,-0.31237113402061856,4.846474957044675,10.25401462628866,5.150526610824743,1.7754575406525668,2.530243383994048,1.8509852269104048,10.52346076394916,2.120117E9])
(0.0,[2.2226262626262607,9.72727272727273,-0.5411111111111112,5.309137930323644,9.692022077922072,4.7658507936507934,1.8432588511376389,2.571992653810836,1.8612345679012345,10.489694975844259,5.099967142857143E8])
(0.0,[2.52090909090909,9.770303030303022,-0.47838383838383824,5.1773307977736565,11.798400927643781,4.624846340960626,1.854618916437098,2.8233302724211824,1.8291460055096413,10.581601956511582,0.0])
(0.0,[2.4903061224489798,9.702142857142855,-0.54,4.921514338312641,10.73834484536082,5.302404123711338,1.801307788421491,2.6364723032069968,1.8759183673469384,10.52177006701623,0.0])
(0.0,[2.146262626262625,9.763939393939394,-0.17656565656565665,4.139397113997114,8.212673098330242,4.045908493094206,1.7237485970819304,2.306446280991733,1.6392715029078666,10.390292730227168,8.0249025E8])
(0.0,[2.121212121212121,9.858686868686863,-0.3609090909090909,3.7584944341372895,8.779727849927854,4.517259369202227,1.6326660544842364,2.3620283644526068,1.743103764921947,10.494075988228134,0.0])
(0.0,[2.140816326530613,9.611020408163265,-0.2705102040816327,3.729978708184304,8.812720597517357,4.002472932884496,1.5736401499375259,2.3273052894627235,1.623675551853395,10.223761362414676,1.229777E9])
(0.0,[2.189393939393939,9.802828282828278,-0.2765656565656566,4.2732465677179965,9.172879674293961,4.757788084930942,1.7121763085399448,2.418702173247628,1.7247954290378533,10.47743493967624,0.0])
(0.0,[2.0619191919191917,9.829494949494947,-0.4272727272727274,4.345936075036076,9.418888517831379,4.363011873840444,1.7367717579838793,2.4932374247525755,1.7025344352617078,10.474070214725943,1.050018E9])
(0.0,[2.0410101010101003,9.650909090909089,-0.18969696969696964,4.007225499896928,9.208602226345079,4.912423376623376,1.727019691868177,2.440716253443526,1.7992408937863482,10.309174184285396,1.443339E9])
(0.0,[2.2036363636363627,9.830808080808083,-0.24676767676767683,5.264100927643786,8.457197299525868,5.286852710781282,1.9633792470156104,2.3878706254463817,1.8810549943883275,10.57389781765331,6.071908571428571E8])
(0.0,[2.112525252525254,9.760808080808081,-0.2904040404040404,4.044970088641517,7.996295258709545,4.056777386105956,1.6099234771962045,2.2788123660850945,1.6636975818794002,10.373295561194888,1.61499E9])
(0.0,[2.0757575757575752,9.66262626262626,-0.14757575757575753,3.670292022263451,8.270386909915477,3.8547675324675335,1.6020018365472914,2.3372084481175373,1.6399326599326596,10.249952484077104,1.080017E9])
(0.0,[2.1904000000000003,9.766599999999995,0.03749999999999999,3.148306909090909,7.787238828282825,3.1685967171717166,1.4099280000000005,2.1211960000000007,1.4116000000000002,10.304966758037294,1.100006E9])
(0.0,[2.107551020408163,9.851530612244897,-0.12999999999999992,3.4698434252051347,7.522590416579001,4.179016494845359,1.549229487713453,2.1850624739691797,1.6506122448979594,10.43104460746991,3.799988E9])
(0.0,[1.918383838383839,9.761313131313127,-0.24383838383838388,4.237587157287159,8.251236013193159,4.6695749123892005,1.7027078869503118,2.2710498928680747,1.825709621467197,10.384422856099004,1.0600076666666666E9])
(0.0,[2.2059595959595963,9.716363636363639,-0.26565656565656565,3.7275222840651416,9.275860111317254,4.592996248196249,1.6287276808488929,2.423526170798899,1.746197326803388,10.377393321736019,0.0])
(0.0,[1.9814141414141415,9.839090909090912,-0.2363636363636366,4.317144918573491,8.085392022263452,4.5064764378478674,1.7174757677787977,2.2580532598714425,1.779908172635445,10.460896564528172,1.0600076666666666E9])
(0.0,[2.0460204081632654,9.773775510204079,-0.34397959183673477,3.47500977277509,10.086141268672417,4.363110803702925,1.5383860891295291,2.576097459391919,1.7585901707621825,10.377435298606056,1.07666E9])
(0.0,[2.033061224489796,9.706836734693875,-0.3613265306122448,5.146835893120137,9.702339375131498,5.1859662634125785,1.907567680133278,2.5741836734693884,1.856795085381091,10.423319231599596,0.0])
(0.0,[2.3083333333333327,10.02833333333333,-0.27861111111111103,5.721700000000002,9.55623142857143,4.84318373015873,2.0324074074074074,2.518148148148148,1.8379012345679013,10.767450843679033,1.100006E9])
(0.0,[2.1339393939393956,9.809999999999999,-0.2860606060606062,5.549691465677181,9.366185714285715,5.015660853432283,1.9955371900826442,2.4917171717171716,1.8290786654423024,10.549778496305514,1.419993E9])
(2.0,[-0.17938144329896905,9.977113402061862,0.6225773195876287,0.00805169673539519,0.002016580756013728,0.013658913230240538,0.06854926134552027,0.03469656711659043,0.08918907429057284,9.999201721325663,1.055542E8])
(2.0,[-0.21979591836734697,9.961938775510202,0.7230612244897956,0.2012679991584263,0.02431888281085622,0.13926888281085634,0.31791753436068293,0.10735735110370613,0.2692253227821739,10.007553296699543,1.1825102500000003E8])
(2.0,[-0.16199999999999995,9.9556,0.7809000000000005,0.04890505050505049,0.0028289292929292945,0.021957767676767635,0.16132000000000007,0.03825600000000011,0.1269919999999999,9.991006522216619,1.862475E8])
(2.0,[-0.1390909090909091,9.952424242424245,0.7933333333333333,0.03356141001855289,0.0028042671614100273,0.021828571428571437,0.14045913682277328,0.038775635139271306,0.12531986531986528,9.987713538927906,1.961888095238095E8])
(2.0,[-0.07776595744680849,9.938085106382982,0.9257446808510637,0.00874656829100892,0.0011554335392359165,0.014291374971402438,0.07261430511543683,0.02902670891806291,0.0961611588954279,9.982562589671655,4.57508E8])
(2.0,[-0.4835714285714286,9.950102040816324,0.7240816326530608,0.03162113402061855,0.004586587418472544,0.013016158215863674,0.12677842565597666,0.05172219908371556,0.08825489379425235,9.990321050346674,1.5964182142857146E8])
(2.0,[-0.417319587628866,9.931134020618556,0.8511340206185568,0.14708857388316152,0.03740182560137456,0.17128515893470794,0.31121691997024137,0.12634286321606983,0.34318843660325216,9.992103735364775,1.3293994117647061E8])
(2.0,[-0.4703030303030304,9.92585858585859,0.9394949494949494,0.06268460111317255,0.0048367553081838585,0.02973341579055869,0.18498928680746862,0.049713294561780676,0.13673298642995604,9.98585963137296,2.7857535714285713E8])
(2.0,[-0.36183673469387767,9.91091836734694,1.047755102040817,0.020582158636650538,0.0020269829581317017,0.013978413633494608,0.11393169512703043,0.028708871303623283,0.0855726780508123,9.974426775739005,2.75009E8])
(2.0,[-0.4333333333333332,9.925312500000006,0.9459374999999999,0.05560771929824563,0.015296743421052578,0.061327532894736816,0.1655555555555555,0.05203776041666975,0.17041666666666666,9.985504046270531,6.942922857142857E8])
(2.0,[-0.3451546391752577,9.91061855670103,1.0708247422680406,0.029754402920962184,0.0022246134020618615,0.015953479381443262,0.13541715378892547,0.031206291848230608,0.09559358061430549,9.976541602832125,5.26001E8])
(2.0,[-0.3547474747474748,9.920404040404037,1.0381818181818183,0.17117212945784385,0.029126365697794282,0.09792727272727281,0.30304254667891045,0.08658300173451591,0.22486685032139572,9.993874963570326,2.078233478260869E8])
(2.0,[-0.3483505154639176,9.929278350515464,0.864020618556701,0.022745167525773196,9.400987972508602E-4,0.0059742912371134075,0.10672122435965564,0.02439366563928167,0.06381337017748963,9.974306455607229,1.333323E9])
(1.0,[-4.571919191919191,9.821010101010101,-0.756410845050505,104.6604054627912,67.0011908060194,39.348128566861284,8.089180695847359,6.705644322007961,4.381010323081318,16.477168378105826,3.4230869230769235E8])
(0.0,[-0.21373737373737386,10.45888888888889,-1.3797825042828287,36.321033848690966,22.88094467120181,16.398337675290087,4.696226915620853,3.962581369248036,3.126084510306295,12.710003931611514,4.01001E8])
(0.0,[-0.08360824742268029,10.772886597938141,-1.138352168041237,31.25088371993128,20.56925408075601,14.409267648719684,4.443496652141567,3.7891614411733436,2.7882121380167924,12.75204709739722,3.666636666666666E8])
(0.0,[-0.0726262626262627,10.770808080808077,-1.2039561812727269,34.495727726242016,22.04000546279117,15.166349021627685,4.5656300377512515,3.957010509131721,3.0125774439155184,12.856830618534627,3.7333425E8])
(0.0,[-0.03767676767676775,10.840404040404037,-1.082886445959596,30.73162822098536,20.426156977942693,15.528357035048662,4.37790225487195,3.7561656973778192,2.948523893296603,12.847772217868075,3.399963076923077E8])
(0.0,[-0.4412121212121212,10.705454545454542,-1.069541251010101,32.79298014842301,25.659504638218927,9.57477731774721,4.767438016528928,4.150725436179982,2.446754208009387,12.693829518721788,4.149994E8])
(0.0,[-0.20835051546391753,10.956907216494846,-0.8332282622268037,34.330672250859116,25.163296585051537,9.547641644034998,4.85894994154533,4.139064725263043,2.36804127605484,12.855527750498867,3.736378181818182E8])
(0.0,[0.16888888888888892,10.767171717171717,-1.2078083990101007,33.79108548752834,21.13107967429397,14.055923631613876,4.76996632996633,3.8362473217018676,2.861409786918478,12.884501454520894,4.633212222222222E8])
(0.0,[-0.17040816326530617,10.694693877551023,-1.050573557346939,32.56778952240691,26.393891142436356,11.894333347431182,4.729950020824657,4.248259058725533,2.6599245668429807,12.734154877843702,3.416696666666667E8])
(0.0,[-0.3637373737373738,10.836868686868689,-1.0766953753535358,32.726095073180794,24.10747682951969,11.35784209936053,4.702287521681462,3.9802714008774625,2.661958754159778,12.837631432625876,3.4998825E8])
(0.0,[-0.07326530612244886,11.071020408163264,-1.0850413652040813,33.86638098043341,24.787260803702935,13.678480587506513,4.82613077884215,4.069000416493129,2.9709546363057044,13.142211972520919,3.307146428571428E8])
(0.0,[-0.49346938775510213,10.67806122448979,-1.2741974620000005,31.990936292867655,26.117100326109824,14.590058688396965,4.662644731361933,4.173242399000415,2.862122374448979,12.831614777050117,4.622294444444444E8])
(0.0,[0.18303030303030302,10.6889898989899,-0.989332507474747,34.615337662337666,27.04983366316224,13.309168211345973,4.826011631466175,4.212778287929803,2.8002884624017965,12.913657445385752,4.46997E8])
(0.0,[-0.42926315789473674,10.80157894736842,-1.245473280526316,36.01091328107502,27.00846237402016,13.45240349061003,4.922007756232685,4.256554016620498,2.8014874723656504,13.09503656446523,3.790893636363636E8])
(0.0,[-0.08595959595959594,10.799696969696972,-1.2537598843838378,39.56417534528964,25.7213948051948,14.318620662413657,5.229858177736965,4.161499846954393,2.8265591491072337,13.18434478293645,4.3635972727272725E8])
(0.0,[0.09343434343434348,10.863232323232324,-1.10269784969697,36.924812574726865,25.178738425067,13.556338844742276,5.051694725028059,4.0265748393021115,2.8000299710192835,13.137048770760044,3.7364054545454544E8])
(0.0,[0.023814432989690687,10.627525773195874,-1.2116492716494847,33.369311340206174,28.120070897766325,15.911826008400476,4.834968647040065,4.506004888936125,2.9164220274736943,12.914522116326843,4.222174444444444E8])
(0.0,[0.38360000000000005,10.789399999999993,-1.0425013989,33.570873777777784,24.04922993939394,13.04690368189359,4.646288000000001,4.064024000000001,2.702380497166001,12.814511766762031,4.0909372727272725E8])
(0.0,[0.40363636363636374,11.08040404040404,-0.9915338028282831,34.70194582560296,28.861744733044727,12.402965245392723,4.8831588613406804,4.472908886848281,2.7672972274461785,13.155574493359476,3.2143078571428573E8])
(0.0,[0.34577319587628896,10.876082474226804,-1.2037859739175256,34.124385073024065,26.180765743127154,17.460385790131866,4.92251036241896,4.138758635349134,3.199885659341057,13.292550895904832,3.1713864285714287E8])
(0.0,[0.45161616161616186,10.783939393939393,-0.9637427830707069,32.37637695320553,26.42880983302413,11.435155140353885,4.774757677787982,4.113321089684727,2.431400922492807,12.794812892258014,3.7455054545454544E8])
(0.0,[0.44581632653061226,10.94204081632653,-0.8835158319387758,35.71931324426679,26.40465764780139,10.796087387598464,5.046732611411912,4.191386922115786,2.5199401821032907,12.99259980552055,3.9817945454545456E8])
(0.0,[0.4454639175257733,10.871546391752576,-0.9497735260824745,35.40762712628867,27.86133820876289,8.374782256998486,5.091369964927198,4.242941864172603,2.0816187779423965,12.937470984024548,3.40001E8])
(0.0,[-0.01520408163265291,11.001734693877552,-1.0546040580612246,33.39264789606563,26.995503145381864,6.8042241945640445,4.952942523948352,4.212551020408163,1.9790404894044147,12.937978843198271,3.408279166666666E8])
(0.0,[0.3679797979797982,11.007070707070705,-1.0937551879797982,34.801812203669336,27.926773984745406,6.641243047478331,4.958804203652691,4.26114069992858,1.888346344746454,12.979691890576886,3.707674615384615E8])
(0.0,[0.031111111111111124,10.733838383838384,-0.9264587958181818,37.4883507936508,29.491411647083083,9.11273283812364,5.109741863075196,4.4697520661157,2.2221942665968775,12.967147901372991,3.366725E8])
(0.0,[0.15979591836734688,10.812653061224488,-1.1695431202040814,36.577459751735745,24.345972270145175,9.682246710271922,5.077517700957934,3.8193336109954186,2.414721432053311,13.008043791236183,3.6817245454545456E8])
(0.0,[0.049797979797979834,10.929090909090911,-1.1505754270707076,38.50189995877138,28.10681651205937,10.50369841644827,5.1799857157432925,4.272892561983472,2.570397680318335,13.240588075195054,4.329926E8])
(0.0,[0.16581632653061218,10.666122448979586,-0.9899769110204079,36.34035035766884,25.87625697454239,10.512958638900693,5.082498958767182,4.082923781757601,2.4847632654060816,12.938052056452996,5.255465555555556E8])
(0.0,[0.2888541666666667,10.524791666666665,-1.070332333395833,35.863875515350884,27.713688377192984,9.87719071832311,5.093919270833333,4.356892361111112,2.3534825770208334,12.740468379665822,4.000061E8])
(0.0,[-0.010202020202020101,10.911414141414133,-0.9275594220202018,36.85241832611831,29.517595938981657,9.05854960767084,4.970668299153152,4.477590041832465,2.263715408060402,13.069075584356934,2.9358342857142854E8])
(0.0,[0.4680612244897963,10.707142857142857,-0.9684345075510203,36.57351475909951,29.924868041237136,10.576350495190997,4.971951270304039,4.485481049562681,2.496415161836736,12.886662586424393,4.3272254545454544E8])
(0.0,[0.435,10.949062500000002,-1.1144565881250001,33.1070105263158,25.611878059210543,10.517734267300256,4.816875000000001,4.105390625000004,2.379880875117189,12.862913864460818,4.060028E8])
(0.0,[0.5007142857142857,11.1019387755102,-1.1798278458163267,37.79609742268041,25.816438470439714,13.407165616085182,5.040145772594752,4.192551020408167,2.723411484031653,13.312294721926232,4.779937E8])
(0.0,[0.40747474747474777,10.841111111111106,-1.155803425050505,37.17193131313133,27.97671405895691,12.384898228970284,5.040932557902256,4.4322334455667765,2.6690961842913987,13.031499860966118,4.027321818181818E8])
(0.0,[-0.26408163265306117,10.842244897959182,-0.8808751515714285,33.02544708605091,28.1425577950768,8.499698082342237,4.678071636817993,4.247638483965015,2.1527580921341105,12.809198258244448,3.741633333333333E8])
(0.0,[0.03705263157894756,10.775368421052631,-0.9547147110105262,32.59538696528555,27.115552788353853,9.85854309200563,4.804562880886427,4.226883102493073,2.294001596599225,12.77788825977617,3.7544945454545456E8])
(0.0,[0.14938775510204078,11.098265306122446,-0.7959564511224487,34.45362642541551,28.46952376393857,8.334729265035007,4.959950020824657,4.336162015826739,2.16040498635985,13.105925694831916,4.016596666666667E8])
(0.0,[0.10408163265306122,10.94316326530612,-0.9461972026326534,37.509191415947825,26.22920947822429,9.159497655819889,5.12082465639317,4.181809662640566,2.2855181759067067,13.080565932876864,3.7546054545454544E8])
(0.0,[-0.007272727272727063,10.57474747474747,-1.152088806262626,34.74576289424861,24.878929272314977,10.108900951325921,4.796308539944903,4.032886440159169,2.3851548342046733,12.625584380616079,4.100036363636364E8])
(0.0,[-0.24868686868686873,10.83333333333333,-0.8853226109090908,35.380636013193154,25.61523469387754,10.823659064179525,4.803532292623203,4.127340067340067,2.293721574784206,12.848663591368501,4.4100040000000006E8])
(0.0,[0.17310000000000003,10.900299999999996,-0.94566072436,34.75923574747474,25.26739081818183,12.94769248760261,4.897996,4.0768819999999995,2.591230297204,13.006067442824113,3.7545772727272725E8])
(0.0,[0.25867346938775504,10.874183673469389,-0.8910209266326531,33.76510853145382,22.906535924679147,8.067986562576138,4.819177426072469,3.8767513536026663,2.029383591601416,12.686456003053017,4.160065E8])
(0.0,[0.14938775510204078,11.098265306122446,-0.7959564511224487,34.45362642541551,28.46952376393857,8.334729265035007,4.959950020824657,4.336162015826739,2.16040498635985,13.105925694831916,4.016596666666667E8])
(0.0,[-0.24323232323232327,10.749898989898988,-0.9988254856363638,34.77246291486292,27.025511214182632,9.564107068534662,4.951358024691359,4.26677685950413,2.3655379677428843,12.871994500334614,3.4833525E8])
(0.0,[-0.2042424242424242,10.848989898989903,-0.9077480308686872,32.41881447124304,24.981547948876518,9.306153273358266,4.619473523109889,4.036839098051221,2.1950619717620654,12.681865567851391,3.708343333333333E8])
(0.0,[0.11206185567010299,10.69969072164948,-1.060561725298969,29.456095704467362,17.796109278350517,8.738834322427568,4.499239026464024,3.2734955893293654,2.134368850231906,12.39205315115369,5.999958333333334E8])
(0.0,[-0.44357142857142867,10.215714285714284,-1.6256857835714287,12.941732417582417,3.5372263736263743,4.661723974908963,2.613979591836735,1.2885714285714287,1.475306011734694,11.13326888127868,2.00043E8])
(0.0,[0.00616161616161616,10.708383838383838,-1.1758900275151514,25.64726062667492,14.149127973613693,8.02803328754717,4.187917559432711,2.8623752678298136,2.017095534026323,12.214539170883333,6.37474E8])
(0.0,[0.7362626262626263,11.05363636363636,-0.3429851334949495,30.20594813440528,19.96033970315399,11.163972357582981,4.488372615039282,3.6656932966023867,2.5060689240759095,12.766382189053562,4.860046E8])
(0.0,[0.521443298969072,10.87742268041237,-0.4538243675257733,29.576974978522333,24.24761724656359,13.435767245764056,4.532564565841216,4.080595174832607,2.5796379984780535,12.743975044612858,3.849884E8])
(0.0,[-0.010202020202020157,10.93747474747475,-0.4798764834949496,29.82119995877139,23.78786396619254,11.061377379337836,4.560777471686563,4.015178043056831,2.4938479975602488,12.719123569520391,4.05451E8])
(0.0,[-0.32412371134020623,10.730618556701032,-0.561663824845361,28.210218234536075,26.78505586340206,9.37585074608692,4.438743755978315,4.236462960994792,2.2459720201402913,12.476506992900923,3.500035E8])
(0.0,[0.0755208333333333,10.981354166666662,-0.6076661452708332,33.000012357456136,24.702893936403512,10.848196738410232,4.895909288194444,3.9282009548611114,2.442177416319879,12.964035731194382,4.4182245454545456E8])
(0.0,[-0.32000000000000006,10.723535353535354,-0.5870507512121212,28.557173469387752,27.212888394145537,10.004480996153088,4.47979797979798,4.26241812059994,2.294149606397307,12.52226390973934,3.4615615384615386E8])
(0.0,[0.1673469387755102,10.88785714285714,-0.5484274586734694,28.59131453818641,24.139062371134028,9.865082589621554,4.451361932528115,4.144679300291545,2.388377023436069,12.594091160848617,6.071471428571428E8])
(0.0,[0.01673469387755111,10.767653061224495,-0.6319563393877553,28.543372733010724,23.848405775299824,10.952749257069533,4.407692628071634,4.041482715535196,2.4142732827946682,12.532689824096465,4.230041E8])
(0.0,[0.39397959183673464,11.104081632653056,-0.5581562939183671,28.668116989269937,22.00959966337051,8.803700315377572,4.476180758017491,3.7201207830070797,2.2045675819641826,12.703557606413503,3.766606666666667E8])
(0.0,[-0.06432989690721651,10.910824742268042,-0.5677017288041236,28.1055164733677,20.856588896048116,9.399298374479855,4.323777234562651,3.831727069826762,2.374552540004677,12.470070805492716,5.514308571428571E8])
(0.0,[0.32020408163265307,10.81275510204082,-0.6045766741836734,24.50470098884915,23.948383052808744,9.209771784146179,4.087371928363184,3.968025822573927,2.2677737303727614,12.271917648715432,3.84997E8])
(0.0,[0.3287628865979382,10.734948453608245,-0.5856749552989692,26.598467203608237,20.5573023410653,12.572340943211378,4.2030035072802665,3.5593283026889146,2.5097948077823373,12.434136131087595,5.34961625E8])
(0.0,[0.26499999999999996,10.719999999999999,-0.4275121426938776,29.540837628865983,24.446861855670104,9.20456935381526,4.437346938775512,4.049591836734693,2.360767597918368,12.477364201806646,3.8454645454545456E8])
(0.0,[0.3608247422680414,10.456701030927833,-0.5867983016494847,22.95543681271477,23.632470253436438,13.138462339922434,3.7722584759273023,3.8185949622701663,2.5142765447252633,12.082296245103674,4.399994E8])
(0.0,[0.26499999999999996,10.719999999999999,-0.4275121426938776,29.540837628865983,24.446861855670104,9.20456935381526,4.437346938775512,4.049591836734693,2.360767597918368,12.477364201806646,3.8454645454545456E8])
(0.0,[-0.4061224489795918,10.84612244897959,-0.5516240801020408,34.23123017041867,29.041032232274357,10.001577909575438,4.758479800083297,4.429987505206163,2.3164320043960855,12.869453904332744,3.2214571428571427E8])
(0.0,[-0.8001041666666664,10.674270833333335,-0.7535173622916669,32.152009462719306,24.59504367324562,8.952733362393081,4.658645833333331,4.15888454861111,2.3858722832204866,12.57423608756718,4.611104444444444E8])
(0.0,[-0.7752525252525252,10.800505050505052,-0.900181174242424,34.339655802927226,24.67875586477013,10.030182696382324,4.827219671462098,4.136428935822875,2.560575349188858,12.811111295861018,4.159943E8])
(0.0,[-0.42622448979591854,11.033265306122454,-0.6161122601632654,35.00628353671365,25.727807784557115,7.526599189872803,5.04017909204498,4.327280299875054,2.1002224463840067,13.001069292381652,4.170014E8])
(0.0,[-0.30313131313131314,10.981212121212115,-0.725593088161616,25.36768091115232,26.03765974025975,13.461378359078783,4.241369248035913,4.237992041628406,2.6760419010978462,12.779026754080283,3.5166425E8])
(0.0,[0.2011458333333333,11.0565625,-0.4504646340000003,33.350934462719295,24.712043848684203,9.140640626977513,4.907747395833333,4.105104166666666,2.2230961453749996,12.956497788642764,3.500010833333333E8])
(0.0,[-0.14434343434343425,11.015151515151516,-0.45414915343434353,34.243947268604416,22.183982374768096,11.238003312663293,4.753153759820427,3.8631711049892874,2.593424838020611,12.852554390905793,4.73331E8])
(0.0,[-0.03885416666666659,10.851249999999999,-0.4090360951666667,32.67581867324561,22.855802631578946,8.657414897634833,4.69154513888889,3.9998437500000006,2.3346570809965277,12.63341365694785,4.299988E8])
(0.0,[-0.3313131313131313,10.833333333333334,-0.4447937931717172,25.835050298907436,22.9149,7.878078117238151,4.3031180491786545,3.992929292929293,2.0009918137561478,12.389874169437459,4.6776999999999994E8])
(0.0,[-0.2356701030927834,11.137731958762886,-0.6072990157113402,28.60999355670103,25.119784385738825,11.244594153147164,4.555954936762673,4.03780210436816,2.3687245532570946,12.913660409661997,3.499985E8])
(0.0,[-0.08166666666666678,10.811874999999999,-0.30262709583333336,27.08367508771929,23.78927223684211,8.543554796056947,4.291805555555555,4.118658854166668,2.1555884870659723,12.364513568273534,3.963345454545455E8])
(0.0,[-0.36030303030303046,10.925757575757578,-0.6526760632727273,28.18523766233766,26.136518552875703,11.198646150280442,4.505717783899604,4.173259871441689,2.374362518901745,12.714601769057174,3.499985E8])
(0.0,[-0.11252525252525249,11.027777777777779,-0.533119669151515,21.68314355802927,19.499903174603176,9.961136929925766,3.8777512498724622,3.5734455667789002,2.3428748912764004,12.375297861894953,4.789463333333333E8])
(0.0,[-0.07556701030927841,10.582061855670105,-0.5674208840206187,26.013183268900338,26.227079037800678,8.711499168084607,4.253825061111702,4.13919651397598,2.1444180064980327,12.248449128669789,3.833338333333333E8])
(0.0,[0.33489583333333317,10.8625,-0.5541778952500002,19.06534735745614,19.535124210526305,5.590471541484845,3.639164496527778,3.4525520833333343,1.8399883853854169,11.979802108049464,5.66253625E8])
(0.0,[-0.042164948453608325,10.730721649484533,-0.5151861412989692,25.911665055841926,21.18892968213058,10.581197199006366,4.170417685195028,3.796001700499522,2.5767833402916356,12.413830791532167,3.688863333333333E8])
(0.0,[0.0047959183673468905,10.72438775510204,-0.5698308800612243,24.514691195034708,25.062336219229962,8.396831038163134,4.115497709287798,4.053252811328615,2.0688633162740535,12.263936062936436,3.6749775E8])
(0.0,[0.15632653061224483,10.700918367346942,-0.5908173185102038,19.728860593309484,17.13658574584473,7.759148239621836,3.6524281549354436,3.234720949604331,2.1623025234089965,11.97099687814122,6.183166666666666E8])
(0.0,[-0.1627551020408164,10.683367346938772,-0.4704579197346938,27.106968619819074,21.474684420366078,5.309943041656818,4.076499375260308,3.839900041649312,1.735354814341524,12.09335869643594,5.377671111111112E8])
(0.0,[-0.004210526315789315,10.943052631578942,-0.4444534569473685,24.10989484882419,17.71200228443449,7.823944971352202,3.9206094182825493,3.3953418282548467,1.9527428254648196,12.237745750209092,7.620056E8])
(0.0,[-0.5929591836734696,10.990204081632655,-0.34717987857142857,26.427482905533346,17.3679525352409,8.222844216682207,4.188900458142442,3.3108371511870067,2.3054409974344034,12.45990033087832,5.47493E8])
