(0.0,[-3.812828282828283,9.246161616161615,-0.29858585858585873,8.35851640898784,34.366105524634094,6.271759204287778,2.2855708601163145,5.065399449035812,1.6688725640240785,11.006411898051928,1.00247175E9])
(0.0,[-3.849090909090909,8.908585858585859,-0.1332323232323232,6.343402226345084,28.185397979797987,11.80508536384251,1.9195041322314055,4.422899704111826,2.069766350372413,10.633510975309926,1.0166726666666666E9])
(0.0,[-4.065899999999999,9.296999999999997,0.29620000000000046,9.016408272727274,30.992697979797992,17.507252080808076,2.3787820000000006,4.61408,2.754852000000001,11.537446044711345,1.01752475E9])
(0.0,[-4.4744,9.089900000000004,0.22919999999999988,10.834026909090909,31.016299989898993,17.830981171717166,2.351703999999999,4.572302000000001,2.666032,11.48767949054678,7.283273333333334E8])
(0.0,[-4.919797979797982,9.12818181818182,-0.34747474747474766,11.346595877138734,34.034351762523194,15.201190496804779,2.505234159779615,4.779834710743802,2.359579634731151,11.783228424765177,8.133138333333334E8])
(0.0,[-4.506565656565656,9.452424242424245,-0.14424242424242426,8.338837064522782,32.26739610389611,13.616465491651201,2.2934190388735836,4.802050811141719,2.178041016222835,11.558144399268778,6.40007E8])
(0.0,[-4.639175257731956,9.296288659793813,-0.31329896907216503,7.841234729381441,27.890546499140893,9.517791086769758,2.2236688277181416,4.448156020831118,1.7559868211287073,11.393138324309549,6.333313333333334E8])
(0.0,[-4.5827,8.9337,-0.3408000000000002,8.053486575757576,31.65117304040405,11.72196905050505,2.172224000000001,4.747225999999999,1.98136,11.178898420482847,0.0])
(0.0,[-4.352999999999999,9.107400000000004,0.1718999999999999,7.744764646464649,30.19362145454546,11.07289635353535,2.1861800000000002,4.689060000000002,2.0426879999999996,11.144204170048544,1.04071E9])
(0.0,[-4.5338775510204075,9.317653061224489,0.02367346938775508,6.905504397222807,31.00334185777403,11.443087397433203,1.9901124531445227,4.520845481049562,2.0773011245314446,11.387068228976142,1.2767026666666667E9])
(0.0,[-4.3896969696969705,9.185353535353535,0.4729292929292931,6.912996846011132,31.287323088023093,17.725553576582143,1.9061524334251607,4.709339863279258,2.70371390674421,11.422425566171144,1.19989E9])
(0.0,[-4.6401010101010085,9.239595959595956,0.16696969696969696,11.92286019377448,33.44475493712637,20.35138256029686,2.533459851035609,4.8472849709213355,2.736504438322621,11.84743951946814,1.52005E9])
(0.0,[-5.179494949494951,9.41757575757576,-0.35494949494949485,17.76651504844362,35.84288998144714,16.69548851783137,3.3030956024895417,4.9704315886134065,2.740867258443016,12.504340853326685,6.63386E8])
(0.0,[-5.290204081632654,8.29418367346939,1.7650000000000001,10.315022638333684,28.19166582158636,20.865167525773195,2.529408579758435,4.34365680966264,3.538979591836735,11.43121250372029,4.532773333333333E8])
(3.0,[8.951443298969076,-0.8551546391752575,2.2812371134020615,0.0015103951890034087,0.0019564862542955416,0.001829703608247425,0.030379423955786303,0.0376915718992454,0.03581251992772874,9.277246644217966,5.165067708333334E7])
(3.0,[8.98838383838384,-0.8544444444444445,2.1191919191919193,0.005925932797361308,0.018751473922902495,0.021060564831993405,0.06041424344454598,0.1117845117845118,0.11812468115498427,9.276381075710374,5.720981395348839E7])
(3.0,[8.965157894736842,-0.758842105263158,2.2961052631578935,0.0013018365061590004,8.677939529675255E-4,0.001177222844344903,0.025998891966758662,0.01785263157894733,0.025575623268698493,9.285679879311521,5.234024468085106E7])
(3.0,[8.957979797979792,-0.7881818181818182,2.3004040404040405,0.011246897546897481,0.0041619666048237445,0.0065182024324881484,0.06313845525966956,0.04797061524334255,0.050268339965309765,9.282617028341836,5.02045306122449E7])
(3.0,[8.943195876288662,-0.8435051546391753,2.279175257731959,0.001232388316151216,0.0016521692439862542,0.002518062714776591,0.0290849186948667,0.031233924965458633,0.042002338186842354,9.267732178244213,5.093733333333333E7])
(3.0,[8.927789473684214,-0.517157894736842,2.518947368421054,0.0026471892497200488,0.004786517357222836,0.006428667413213893,0.039242105263158765,0.04936952908587256,0.05840443213296357,9.291343100184775,5.180878723404255E7])
(3.0,[8.986565656565652,-0.6229292929292928,2.3250505050505046,0.04568400329828895,0.028782148010719454,0.0553721913007628,0.1356473829201095,0.12255484134272009,0.1859096010611163,9.307738144008521,0.0])
(3.0,[8.999387755102042,-0.7794897959183671,2.1321428571428567,0.0665521986114032,0.06534303597727754,0.1499551546391751,0.1599625156184921,0.1859579341940858,0.3332361516034987,9.292829813720022,6.074053086419754E7])
(3.0,[8.92,-1.2321212121212117,2.2780808080808077,0.014102040816326555,0.014531168831168867,0.012338115852401563,0.059191919191918935,0.08071625344352626,0.06562187531884496,9.28973322038373,7.99928E7])
(2.0,[-1.2863636363636364,9.481414141414144,2.9850505050505043,0.10712541743970316,0.021449000206142828,0.07110076272933412,0.2619834710743802,0.12474849505152491,0.21974900520355062,10.03222728138914,5.020359183673469E7])
(2.0,[-1.348265306122449,9.449081632653062,2.969081632653062,0.1729299495055754,0.03378162213338955,0.026637292236482132,0.34662432319866726,0.14978758850478954,0.1276343190337359,10.00651077796347,5.000225773195876E7])
(2.0,[-1.4068000000000005,9.417599999999998,3.0292,0.0926401616161616,0.022616404040404072,0.049799353535353544,0.23752799999999993,0.11754399999999993,0.17958399999999994,9.999688776551654,5.020203030303032E7])
(2.0,[-1.208,9.479799999999997,2.9745999999999992,0.08304646464646462,0.017347434343434227,0.04197862626262627,0.23151999999999998,0.10100399999999977,0.16077200000000005,10.015107206680309,5.02020303030303E7])
(2.0,[-1.2540206185567004,9.393505154639175,3.20319587628866,0.04325345790378001,0.032277169243986124,0.07914072164948452,0.1678945690296526,0.12623233074715678,0.22679987246253588,10.010286558973602,0.0])
(2.0,[-1.2926530612244895,9.388775510204086,3.2195918367346947,0.04819495055754261,0.010050031559015436,0.02369467704607612,0.18085797584339858,0.08066638900458187,0.11995835068721374,10.012870318015787,5.06182783505155E7])
(2.0,[-1.2098989898989894,9.451414141414144,3.0517171717171707,0.06257856112141835,0.013208183879612458,0.03950008245722548,0.2009203142536477,0.0910968268544024,0.15075604530149977,10.010537575359663,5.02039081632653E7])
(2.0,[-1.2333333333333336,9.401250000000003,3.189687500000001,0.045317192982456136,0.03310578947368446,0.07240305921052642,0.17687499999999998,0.12976562499999975,0.2075846354166667,10.010452733278607,0.0])
(2.0,[-1.253838383838384,9.39373737373737,3.2193939393939397,0.07050756545042258,0.014086909915481524,0.051185343228200404,0.20533823079277627,0.09680440771349817,0.1681114172023262,10.015128576079222,5.030604081632653E7])
(2.0,[-1.1788888888888884,9.4910101010101,2.9505050505050505,0.19525691609977325,0.033101010101010055,0.03781300762729326,0.35638608305274966,0.1538883787368636,0.15277216610549943,10.020977084410553,5.020453061224489E7])
(2.0,[-1.9383505154639176,9.563505154639172,1.9615463917525777,0.4620160008591064,0.56681050257732,0.92987779209622,0.5222510362418958,0.4063641194600926,0.7856881709002019,10.025346663439882,0.0])
(2.0,[-1.8360606060606062,9.769393939393941,1.073939393939394,0.06808126159554727,0.00303024118738406,0.02200575139146568,0.19133149678604233,0.04362411998775574,0.11574533210896852,10.002760691403283,5.040818367346939E7])
(2.0,[-1.9725000000000001,9.687700000000001,1.4088000000000003,0.12222702020202021,0.08407849494949496,0.4100025858585857,0.2708,0.15144999999999942,0.4831520000000002,10.011833468944129,7.00013E8])
(2.0,[-1.7527551020408167,9.731326530612243,1.4398979591836734,0.1877438775510203,0.011850799495055851,0.27087730906795704,0.3285818408996254,0.08378800499791736,0.40785089546022496,10.014477354605344,5.0721793814432986E7])
(2.0,[-2.06298969072165,9.661958762886597,1.426907216494845,0.2173190936426116,0.03326174828178682,0.10294241838487976,0.3791858858539696,0.13372728238920178,0.25492613455202473,9.997976278154592,3.809937E9])
(2.0,[-1.400204081632653,9.526428571428573,2.723163265306123,0.39397521565327126,0.2392499999999999,0.483733189564486,0.43821740941274473,0.2823615160349852,0.4820991253644314,10.052922904956723,1.399994E9])
(2.0,[-1.405555555555555,9.485454545454544,2.90020202020202,0.02112494331065761,0.005888311688311683,0.01639995877138733,0.11656565656565653,0.05954086317722651,0.09472094684215902,10.019877387040916,5.051032653061225E7])
(2.0,[-1.7686868686868686,9.549696969696972,2.2585858585858594,0.5845584621727481,0.24503358070500927,0.803112265512265,0.6272543617998164,0.2912151821242728,0.7888746046321804,10.042871958308018,1.399994E9])
(2.0,[-1.3138383838383838,9.495353535353532,2.862222222222222,0.33465450422593285,0.07074145537002696,0.43674807256235837,0.417083971023365,0.1890439751045809,0.5036812570145903,10.041355213325625,2.86438E8])
(2.0,[-1.3769473684210525,9.649473684210525,2.1746315789473685,0.14701505039193724,0.08192418812989938,0.6927378947368421,0.276026592797784,0.18578393351800562,0.6941340720221607,10.028766930618962,5.914262857142857E8])
(2.0,[-1.4300000000000004,9.694693877551025,1.9795918367346934,0.06600824742268045,0.016689080580686022,0.2427585945718496,0.2104081632653061,0.08983340274885415,0.41942107455226996,10.012585824923898,1.00006E8])
(2.0,[-1.308989898989899,9.597676767676768,2.5645454545454545,0.022017336631622336,0.00703230261801709,0.03859443413729138,0.11249668401183555,0.06863789409243962,0.15002754820936637,10.02336182668107,5.0203908163265295E7])
(2.0,[-1.3576530612244897,9.582040816326531,2.6016326530612237,0.01913154849568693,0.006940122028192675,0.04031483273721848,0.11627238650562262,0.06678050812161591,0.16013744273219493,10.024360559292775,5.030901030927834E7])
(2.0,[-1.3357575757575753,9.607575757575757,2.518686868686867,0.016149165120593695,0.0058858998144712266,0.039517645846217336,0.10233241505968768,0.06112641567187004,0.1605183144577083,10.02452269573676,5.020421428571429E7])
(2.0,[-1.31020202020202,9.585858585858585,2.5820202020202014,0.025357101628530217,0.008773490002061226,0.05735710162853016,0.12323028262422198,0.07778798081828367,0.1897520661157026,10.017875332493807,5.0305418367346935E7])
(2.0,[-1.3440206185567019,9.53288659793814,2.7753608247422683,0.025463874570446732,0.008974914089347101,0.013148045532646056,0.1303730470825806,0.07152513550855423,0.08863428632160697,10.020993724841652,5.052089583333334E7])
(2.0,[-1.1514141414141414,9.60414141414142,2.5893939393939385,0.055477571634714486,0.013977571634714669,0.0936812615955474,0.1822079379655137,0.09832466074890321,0.24754208754208767,10.020802135277934,5.0204836734693885E7])
(2.0,[-1.2375757575757573,9.565555555555557,2.6428282828282827,0.0677981447124304,0.0178167800453515,0.042091919191919215,0.20473217018671566,0.11090909090909101,0.1619875522905825,10.006443788350428,5.0197061224489786E7])
(2.0,[-1.2801041666666668,9.592291666666664,2.530729166666667,0.20385577850877187,0.02816732456140363,0.17982156798245624,0.3028255208333333,0.12860677083333344,0.2675998263888888,10.021210681920248,0.0])
(2.0,[-1.3196969696969698,9.54666666666666,2.6796969696969697,0.16172745825602966,0.018177551020408394,0.2177886827458257,0.22970921334557695,0.10154882154881992,0.33174778083868994,10.022141149399602,0.0])
(2.0,[-1.6965999999999997,9.663599999999999,1.9833,0.16739842424242424,0.028259636363636355,0.08123647474747478,0.334452,0.13452800000000018,0.19623999999999994,10.022794628754133,0.0])
(2.0,[-1.6499999999999997,9.619090909090906,2.191616161616162,0.12212448979591838,0.02162671614100186,0.06478511647083067,0.2852525252525252,0.1171533516988065,0.19052137536986025,10.01202656654336,5.061901020408164E7])
(2.0,[-1.4030612244897955,9.591530612244902,2.48530612244898,0.09586269724384593,0.026219282558384186,0.13140248264254156,0.2591211995002083,0.13350895460224887,0.28556018325697613,10.018750765843988,5.071486597938146E7])
(2.0,[-1.5304040404040407,9.611313131313134,2.324646464646463,0.0970998350855494,0.025176829519686788,0.06387206761492487,0.25111519232731344,0.12737679828588888,0.1894990307111517,10.014321407301166,5.02039081632653E7])
(2.0,[-1.3544897959183673,9.60642857142857,2.4197959183673476,0.1833899431937723,0.07763556701030938,0.35535872080791114,0.35608079966680545,0.19169096209912556,0.46590170762182426,10.025264639715665,5.033263333333333E8])
(2.0,[-1.7704000000000006,9.672700000000006,1.6891,0.5281796363636361,0.13573708080808097,0.360961808080808,0.5426080000000001,0.23353799999999966,0.46804600000000013,10.022966498907335,0.0])
(2.0,[-1.16298969072165,9.624845360824741,2.245670103092783,0.24730659364261168,0.13278773625429546,1.3948060567010305,0.331841853544479,0.2424891061749387,1.0676862578382402,10.034604910285932,0.0])
(2.0,[-1.4649999999999999,9.813958333333334,0.9433333333333334,0.5672042105263156,0.15818837719298245,1.1470371929824565,0.5530208333333332,0.24209635416666664,0.722916666666667,10.052868151490179,2.811781764705882E8])
(2.0,[-1.295578947368421,9.887157894736836,0.7423157894736843,0.0957036506159015,0.08162055991041438,0.22514777155655083,0.22755235457063724,0.16121440443213467,0.3575313019390583,10.015323779424365,0.0])
(2.0,[-1.3282828282828285,9.884242424242423,0.7544444444444444,0.11553069470212332,0.07995732838589979,0.2180922902494331,0.2468544026119783,0.16423630241812093,0.3526599326599326,10.018214619359473,0.0])
(0.0,[5.819292929292932,8.755858585858581,-1.2644910912121208,19.136353576582152,14.726395938981659,14.41817087760165,3.3142495663707785,3.1043566982960913,2.7265153855218873,11.756934857598647,1.609985E9])
(0.0,[5.847070707070706,8.61848484848485,-1.143696467010101,21.685365821480097,15.261808905380333,12.829016860626446,3.7024364860728514,3.118689929599021,2.5583907645530037,11.677453926146017,9.699606666666666E8])
(0.0,[5.801414141414141,8.682424242424245,-1.1893727893939394,21.991455122655122,14.237832838589982,18.251721399285678,3.4483828180797884,3.0940618304254666,3.115795268044077,11.894605715089646,6.49963E8])
(0.0,[2.3537373737373763,10.148585858585859,0.10043287638383833,22.546752216037934,19.51341838796124,14.073005100596584,3.7888746046321806,3.6951372308948076,2.9883746149315376,11.841693571318784,4.7285685714285713E8])
(0.0,[2.7373737373737366,10.076161616161619,0.38081939498989903,27.19196650175221,21.652562667491235,16.720281705300156,4.107735945311705,3.918702173247629,3.163139193341904,12.077749129511272,5.798295714285715E8])
(0.0,[2.882150537634408,10.079999999999998,0.18321565193548395,26.684512716222542,15.899428260869568,14.412812701693694,4.078517747716499,3.1486021505376347,3.02129831893167,12.042875921377021,8.399885E8])
(0.0,[2.9032653061224476,10.055306122448982,0.36580363428571433,27.06394386703135,21.00284990532295,15.773785847751599,4.115160349854228,3.7687880049979183,3.113937125364433,12.069372792861099,4.900003333333333E8])
(0.0,[2.8834693877551034,10.020204081632654,0.09631532620408158,25.083944540290357,18.14735665895224,12.87359690238706,3.9664139941690966,3.438771345272804,2.693255033710954,11.850608464289873,5.550536666666666E8])
(0.0,[2.797171717171718,9.884747474747476,0.22329117143434335,27.242630694702132,21.588249680478242,14.206989203011881,4.108056320783591,3.816512600755025,2.8493334303560847,11.8299506959077,4.899935555555556E8])
(0.0,[2.8322448979591828,10.105918367346936,0.09158987634693885,24.635399032190204,18.255711003576685,14.334916021281558,3.9224281549354423,3.412819658475635,2.9397004665810074,11.925870156666683,6.299482857142857E8])
(0.0,[3.0268686868686863,10.036464646464648,0.19701351113131307,22.92557070707071,15.216937373737375,13.146229722648398,3.8095643301703923,3.175359657177839,2.7814164766615646,11.84060732516338,1.109985E9])
(0.0,[3.0351020408163274,9.70091836734694,0.4223697619795918,24.457511845150435,18.040591931411733,16.266248457795864,4.092757184506455,3.5271345272803005,3.0197235491578502,11.707951276934876,1.875015E9])
(0.0,[2.9165656565656564,10.003737373737374,0.16371933878787884,24.267847268604413,16.509084869099155,11.44961356661779,4.027301295786145,3.2232935414753596,2.56812416050199,11.804042350771908,7.27501E8])
(0.0,[2.959090909090909,10.018787878787876,0.26566556353535364,23.559408348794065,16.3568107606679,12.604135556325808,3.9741781450872367,3.314355677992043,2.7574443180818267,11.834784922554187,1.709976E9])
(0.0,[2.904897959183674,10.116326530612248,0.1844306131632655,25.077627309067957,17.97088945928887,13.5858546957377,4.0665306122448985,3.471482715535195,2.8461988490503956,11.99637983173227,2.250061E9])
(0.0,[3.338556701030927,9.791134020618557,0.3442999331340205,27.156541645188998,16.092630992268045,14.712107202827843,4.222901477308961,3.247378042299925,2.885385771358912,11.901565871467769,2.250031E9])
(0.0,[3.563888888888889,10.236666666666668,0.5258967922222223,23.28917009987515,15.718952808988767,12.712672586328479,3.94604938271605,3.2145925925925933,2.769470724444444,12.138542530093073,1.5069173333333333E9])
(0.0,[2.963367346938776,9.732244897959188,0.37247480881632655,25.732917410056807,16.95282377445824,13.563910144188661,3.9886776343190347,3.3716326530612246,2.8618897641832586,11.624445991685134,1.029648E9])
(0.0,[3.2608163265306125,10.073367346938777,0.28157987248979593,24.767094172101825,16.870752461603207,12.796624050575476,4.080033319450228,3.330920449812578,2.7024108936301543,12.012368314218397,2.250031E9])
(0.0,[2.9857575757575754,9.978787878787879,0.13826714656565664,24.101426716141003,14.382988311688315,12.452267864645362,3.975457606366697,3.016957453321089,2.7355011330027543,11.792252615448003,1.105026E9])
(0.0,[3.0939795918367348,10.158673469387757,0.31160019928571414,22.357500494424567,15.684168325268248,12.878484829163309,3.849733444398168,3.158211162015827,2.7973221742128285,11.90793630874165,9.06128E8])
(0.0,[3.2729670329670326,9.773516483516484,0.580286680769231,26.859145543345544,20.097160830280835,15.330482395106992,4.0751286076560795,3.653082960995049,3.005710239628063,11.891909770503851,7.36023E8])
(0.0,[3.0248453608247443,9.823505154639175,0.4116995654639177,24.440121069587633,19.384191752577312,14.430909417311694,3.9428207035816776,3.57687108088001,2.897015661305133,11.739489498544994,6.05003375E8])
(0.0,[3.118736842105263,9.975052631578949,0.25448543336842105,23.758932430011207,16.292991220604698,12.496022136674464,3.889143490304709,3.2045828254847644,2.77242367295291,11.83493827511805,1.1199746666666667E9])
(0.0,[2.876363636363637,9.945050505050503,0.13496525636363646,23.97444582560296,16.380484436198714,12.397211103676703,3.8206795224977044,3.2414692378328738,2.7126880049586775,11.74496028534775,9.4016275E8])
(0.0,[2.9208163265306117,9.92704081632653,0.29103069883673455,26.152137471070898,17.77253239006944,12.955196469002937,4.070899625156188,3.4399812578092464,2.6962105239158674,11.793219890238438,9.72003E8])
(0.0,[2.973260869565218,9.949565217391307,0.18476298978260872,23.426692546583848,14.880808600095552,11.87644446451448,3.7735444234404545,3.09194706994329,2.595590274957466,11.68561470148722,1.0033366666666666E9])
(0.0,[3.1165306122448975,10.208163265306128,0.23793913265306127,22.719394024826435,16.239897622554174,11.814495728083614,3.7531861724281557,3.225843398583923,2.6029386453852568,11.946787782935681,1.1275025E9])
(0.0,[2.966161616161615,9.951818181818178,0.04017315686868682,24.31823001443001,14.960559925788491,11.801898250689193,3.8448566472808894,3.1148025711662077,2.594970178236914,11.739025416308122,9.35028E8])
(0.0,[2.9941836734693865,9.80959183673469,0.34384428683673474,27.255987471070895,18.57092560488112,16.022488994952955,4.110187421907538,3.626318200749687,3.222100027963349,11.90588111866288,1.675003E9])
(0.0,[3.0356565656565655,9.912626262626265,0.20059057731313135,25.4337921665636,18.684942011956302,13.566681712026213,3.9616120803999593,3.5766452402816045,2.8260533002987454,11.796560780148178,8.499985E8])
(0.0,[2.964615384615384,9.903296703296705,0.08441620709890109,24.531974017094015,16.688082344322346,12.249741272644155,3.9443279797125936,3.3617220142494877,2.7018190596227503,11.704205700188503,6.76001E8])
(0.0,[2.9546938775510205,9.954387755102038,0.005142366428571483,24.048876709446674,16.410672301704185,11.950518867037571,3.948883798417326,3.3037109537692633,2.7247389481341107,11.783130870517352,1.0300295E9])
(0.0,[3.057755102040816,9.909693877551016,0.2187594578571429,24.1139433620871,17.139213307384818,13.345457957574897,3.9975052061641008,3.375012494793837,2.875731354562683,11.769310565972425,9.119934E8])
(0.0,[3.0436734693877567,9.986122448979597,0.3899866621020409,25.42575543867032,19.076549758047545,15.155524336650727,3.9193544356518113,3.604818825489378,3.0249197944493953,11.907647921925422,9.75995E8])
(0.0,[3.036703296703297,9.829890109890112,0.32643934285714293,24.075202344322342,18.5441210989011,15.84302283952207,3.8692669967395243,3.5159256128486893,3.1225778086028266,11.80789529465289,4.8571771428571427E8])
(0.0,[3.0513131313131323,9.983535353535354,0.2506694246060605,24.725950298907442,19.739914924757777,13.140624761120739,3.9238036935006613,3.6151576369758187,2.7813164080722363,11.859113630858966,7.650045E8])
(0.0,[2.771818181818182,9.896666666666674,0.3135431630909091,20.18174768089054,16.639397959183672,14.05842654508179,3.611643709825527,3.3611447811447808,2.9367920998163455,11.592098248570435,6.799986E8])
(0.0,[-1.2721428571428568,9.687448979591828,1.0404277793061223,16.094687113402067,23.990520229328848,17.283090713768534,3.2139358600583097,4.135816326530612,3.177614091136193,11.384328537103158,2.210022E9])
(0.0,[-1.5407291666666671,10.1896875,1.0917559965625003,17.09334788377194,22.390310427631583,17.061989573033653,3.374032118055556,3.9551236979166657,3.099107958684897,11.878574275068576,1.0999755E9])
(0.0,[-1.5063636363636361,9.724848484848483,1.0784838909090908,18.20516623376623,23.415617068645634,21.985772854202633,3.4038934802571164,4.110762167125802,3.5937706497704314,11.64687438054388,1.120025E9])
(0.0,[-1.7729896907216496,9.839896907216493,0.8972579731958765,16.324344093642612,24.735455197594508,19.759408459093624,3.2886704219364438,4.173506217451374,3.3972786611499624,11.71502173707262,1.100007E9])
(0.0,[-1.7852525252525255,9.66131313131313,1.0863259088888892,18.105008864151724,24.450076829519688,20.692668042800744,3.4251790633608814,4.1488807264564835,3.4255904166554436,11.643432400881448,1.105011E9])
(0.0,[-1.9296969696969708,9.942828282828279,0.9524612735353534,14.35698868274582,20.659859266130685,17.315448931076872,3.0352800734618923,3.7348331802877253,2.9900033041669225,11.573343731196283,1.675003E9])
(0.0,[-1.9209278350515477,9.7119587628866,1.095665707113402,14.508171005154638,23.775934664948448,20.71766745840145,3.0289977680943783,4.083834626421511,3.3097720048825603,11.444647503630431,1.1000215E9])
(0.0,[-1.9706060606060618,9.804040404040402,0.9746115595959597,17.47739350649351,22.190199835085554,20.748349558954256,3.2860789715335157,3.9978961330476492,3.437311067421691,11.697739395359664,2.2500155E9])
(0.0,[-1.9685714285714286,9.842527472527472,0.9812636910549452,15.4077946031746,21.98251242979243,17.4627991277269,3.069638932496076,3.8695882139838194,3.0324706342374115,11.526889443236469,3.369995E9])
(0.0,[-2.154897959183673,9.798367346938775,1.0222210150408164,17.04423555649064,22.84983648222175,27.668760202088816,3.1661182840483133,4.004893794252394,3.975797088949605,11.8984748755112,7.350005E8])
(0.0,[-2.086363636363637,9.74979797979798,0.7235293783838384,17.543696846011134,21.50253465264893,21.010124740831866,3.2430119375573923,3.8230323436384044,3.2796563277706356,11.652220074880853,3.339935E9])
(0.0,[-2.102121212121212,9.92171717171717,0.9176537320202021,17.06767402597403,18.823581715110294,21.061607647836038,3.2819100091827367,3.5982654831139684,3.392376822769104,11.796757132477104,1.6499785E9])
(0.0,[-1.9874747474747465,10.01070707070707,0.8736283542424241,16.562712945784366,21.971863780663778,19.79726779196923,3.278610345883073,4.0146107540046945,3.27062887940006,11.850577663095546,1.1000215E9])
(0.0,[-2.067474747474747,10.017474747474747,1.1068252403030308,17.96600274170274,26.256380292723147,22.368083904737624,3.5313396592184474,4.379065401489642,3.3906536312947675,12.05930867867153,1.419993E9])
(0.0,[-2.1125510204081634,9.650816326530611,1.1193702074897955,16.66795321901956,28.212213759730705,22.921919562232173,3.4052561432736352,4.528129945855895,3.569370679905873,11.756827872523912,1.4499816666666667E9])
(0.0,[-2.142959183673469,9.990306122448981,0.9898379115714291,17.388093214811693,24.71698856511676,20.91130250835395,3.3688775510204074,4.150102040816327,3.4214131948717204,11.965566553812307,1.1049805E9])
(0.0,[-2.2353535353535356,9.7,1.1398442503838384,16.502804720676156,27.424189795918362,22.96510910935658,3.3558045097439035,4.445050505050506,3.616569883551475,11.811068825926029,1.08669E9])
(0.0,[-2.1341414141414146,9.668383838383834,1.0200127054545456,17.758034714491853,22.24743409606265,22.03591302226091,3.4243709825528,4.025536169778596,3.5951909204040406,11.707766590059304,1.450002E9])
(0.0,[-2.211919191919191,9.886767676767674,0.8814703931313129,15.782266687280973,24.021536384250673,24.04056111780691,3.2299418426691138,4.045623915926943,3.7672039153106827,11.95200067027387,1.0999653333333333E9])
(0.0,[-2.3099999999999996,9.647010309278352,1.1418625217113405,15.930402083333336,27.042877426975952,27.3413691428904,3.1822680412371125,4.488772451907747,3.996078848520777,11.842493486799938,1.6597745E9])
(0.0,[-2.2109090909090905,9.977979797979797,0.9541122283232325,15.394955287569573,22.849285673057103,21.2642414277638,3.1480073461891656,3.9488297112539503,3.4644183407840026,11.825455782716888,0.0])
(0.0,[-2.200510204081633,9.617448979591842,1.1536990378979595,14.599907984430883,26.496276930359773,24.354472670994195,3.0382861307788427,4.359641815910037,3.6441237673015414,11.65748269475953,2.17926E9])
(0.0,[-2.146938775510205,10.143367346938769,1.0338955952448987,16.602165790027346,21.74855039974754,21.56503189882344,3.238196584756351,3.9509162848813,3.5421356756984586,11.95229964363118,0.0])
(0.0,[-2.29979797979798,9.493333333333336,1.0036407734343433,16.316408122036687,24.817495918367346,24.420597831841103,3.208899091929395,4.153333333333335,3.641901157641055,11.611565415233263,1.09996E9])
(0.0,[-2.327777777777778,9.910101010101009,1.023039416161616,15.254966439909296,19.845378561121414,23.715494580923068,3.0808978675645355,3.7453484338332816,3.7125918616875846,11.848746367436139,1.0999605E9])
(0.0,[-2.2585567010309284,9.808969072164945,1.0993165124123716,17.271874978522344,21.455909342783496,24.161055729074217,3.3539759804442557,3.8078669359124246,3.6393354676016583,11.837918147638623,2.220764E9])
(0.0,[-2.2038383838383844,9.559090909090907,1.1496123720202025,15.264362667491241,27.02688998144712,24.118412327713468,3.0919416386083047,4.383728191000918,3.573550676590144,11.625135351599738,3.270721E9])
(0.0,[-2.230816326530614,9.864795918367346,0.951339614877551,15.84999726488534,23.906373669261516,23.06486489613087,3.216784673052894,4.155718450645565,3.658433361329447,11.798527274963186,2.25E9])
(0.0,[-2.1828282828282832,10.03575757575757,1.0151974276565658,15.12093885796743,22.26302875695733,22.901469385335226,3.1092031425364763,3.986476890113254,3.6020949012276295,11.88084586664693,1.149872E9])
(0.0,[-2.271010101010102,10.00030303030303,1.0674775255555553,15.21299080601938,20.167382560296844,23.238439164434382,3.099222528313438,3.7138475665748385,3.623576698540965,11.913421731995196,0.0])
(0.0,[-2.348484848484848,9.584545454545458,1.0976073988686867,16.472110946196658,22.759590352504635,24.501956121743447,3.2883073155800435,4.011092745638201,3.6988561707254375,11.660563479042095,2.24971E9])
(0.0,[-2.091010101010102,10.01393939393939,1.0405119876767677,13.76524182642755,22.667460853432278,22.4873166649413,2.929545964697479,3.9091521273339453,3.5292501109682686,11.820845808768059,1.123352E9])
(0.0,[-2.323030303030304,9.74444444444445,1.5461158528080816,14.420251948051947,20.89875351473923,23.053371155462617,3.011080501989593,3.8118069584736247,3.5698818897067657,11.705825808444684,0.0])
(3.0,[-0.2558585858585859,4.230505050505052,9.122222222222222,0.06750818387961245,0.21091504844361947,0.05613786848072594,0.1932394653606775,0.405409652076319,0.20491582491582508,10.07392116549298,3.00019E8])
(3.0,[0.009375000000000076,4.785937499999998,8.812916666666665,0.5405511842105263,0.23123490131578978,0.13216824561403437,0.5944270833333334,0.35513671874999986,0.28123263888888966,10.071394695652396,0.0])
(3.0,[0.8474747474747473,5.524343434343434,8.259292929292926,0.06034355802927235,0.06769216656359478,0.03083112760255572,0.1925538210386696,0.17894296500357104,0.14042648709315328,9.980192882258947,0.0])
(3.0,[-0.14949494949494946,4.163939393939393,9.18242424242424,0.2010762729334157,0.16026289424860893,0.08416957328385938,0.24215896337108472,0.2981695745332106,0.21188246097337138,10.10354445379204,1.7143028571428573E8])
(3.0,[0.686734693877551,4.8718367346938765,8.696326530612243,0.06527788764990536,0.015611024616031978,0.009404923206396083,0.20917534360683052,0.10322782174094133,0.07728446480633062,9.996012916448375,5.937581249999999E7])
(3.0,[0.06577319587628866,4.350618556701029,9.084948453608247,0.004797573024054983,0.0031454467353950865,0.0019877577319587043,0.05696673397810607,0.04463386119672699,0.03261558082686776,10.073595903707027,5.1249822916666664E7])
(3.0,[-0.01872340425531915,4.282127659574466,9.14563829787234,0.0024843742850606263,0.0030943491191947085,0.0021603408830931426,0.04074241738343142,0.04029425079221442,0.0370190131281125,10.098815907584319,5.2473172043010734E7])
(3.0,[-0.10447916666666664,4.280937499999999,9.175520833333326,0.015719725877192982,0.008465427631578972,0.006526041666666731,0.08688585069444446,0.07731770833333353,0.06663411458333376,10.126960661434381,0.0])
(3.0,[-0.6833333333333331,9.870202020202024,1.3010101010101007,0.335495918367347,0.0192856730571016,0.2761744794887655,0.503232323232323,0.11233751657994115,0.4392225283134373,10.009309544685475,1.9181822727272725E8])
(3.0,[-1.2394897959183668,9.705816326530618,1.7791836734693884,0.8270337576267621,0.301051388596676,1.3404982958131704,0.7095481049562679,0.2993565181174503,0.8420866305705954,10.053556820133505,0.0])
(3.0,[-1.6088775510204083,9.713877551020408,1.1908163265306122,1.029605943614559,1.007438417841363,2.186164275194614,0.8263161182840483,0.7192961266139111,1.2219700124947934,10.081662731275786,5.0018E7])
(3.0,[-1.4136363636363638,9.708989898989904,1.566666666666666,1.112831539888682,1.1116112141826426,2.7338632653061214,0.8417630853994491,0.7334435261707994,1.3958249158249156,10.132102977648138,1.76503E9])
(3.0,[-0.3995959595959595,5.960808080808081,6.793838383838383,3.124214120799834,9.417225870954445,12.974405524634095,1.1311621263136422,2.6450362207937976,3.25519232731354,10.211112070528173,0.0])
(3.0,[0.1105102040816327,4.071122448979591,9.195612244897958,0.21617602566799912,0.21947398485167124,0.08668261098253698,0.4409808413161183,0.44393586005830876,0.2829987505206165,10.082417249307928,0.0])
(3.0,[0.1841414141414141,4.224949494949493,9.10070707070707,0.13362859204287775,0.12255586477015024,0.05393112760255644,0.3175104581165188,0.2923783287419653,0.19987756351392702,10.050303406971622,0.0])
(3.0,[-0.5754081632653061,3.591836734693876,9.421530612244899,0.5920993162213338,0.3560460761624239,0.14562752998106424,0.5811599333610992,0.34544356518117536,0.21322365680966265,10.147113337159562,0.0])
(3.0,[-0.9150515463917527,3.741340206185567,9.365463917525771,0.0026065077319587606,0.001986726804123691,0.0013625429553264783,0.03687533212881285,0.0369561058560951,0.03003719842703833,10.12678667336806,0.0])
