(0.0,[-0.48062499999999975,10.78864583333333,-0.26417800185416673,29.26447960526315,21.16670235745614,7.293168988586192,4.448072916666668,3.826950954861112,2.144176119627604,12.368859787123329,4.3500670000000006E8])
(0.0,[0.09704081632653051,10.761632653061225,-0.575390202244898,24.722200431306547,17.277267410056805,2.9434819421766725,3.824229487713453,3.2755435235318617,1.340489554377343,11.94720723911603,4.380004E8])
(0.0,[0.04540816326530607,10.907448979591836,-0.744393695489796,23.61646838838628,14.519144971596884,5.7403005710541,3.788204914618908,2.8736151603498534,1.722279062061224,12.134228875295745,5.9467E8])
(0.0,[0.17734693877551028,10.668469387755103,-0.7821971301428575,20.911190826846205,15.464134746475915,10.600457892099257,3.62021657642649,3.0413577675968346,2.4035347212915457,12.032850929556902,8.4500125E8])
(0.0,[0.20207547169811316,8.990377358490568,-3.8196080846037734,8.220555224963716,14.618149854862123,25.33952203412485,2.09057315770737,3.060776076895692,4.174876603784978,11.553816844708747,5.0E8])
(0.0,[0.23151515151515156,10.74383838383838,-0.8044259898383839,23.66420890538034,14.827515728715724,7.229293049961624,3.7426017753290486,2.95017039077645,2.0445029795408636,12.043968771277152,6.900084E8])
(0.0,[-0.005360824742268186,9.876494845360828,-2.41894568657732,13.915843878865987,14.36719800257733,20.878738719896752,2.7614177914762457,3.0274588160272082,3.5532214257799972,11.875404141566559,9.50002E8])
(3.0,[5.372626262626264,1.6126262626262626,8.546565656565654,0.11737262420119549,0.05826037930323644,0.06338808493094196,0.277485970819304,0.1876073870013263,0.1856728905213749,10.23223103918107,0.0])
(3.0,[5.5778350515463915,1.744639175257732,8.414432989690722,0.004887972508591098,0.0010272121993127174,0.0034374355670102885,0.05682644276756298,0.024908066744606248,0.047733021575087575,10.245288061839476,0.0])
(3.0,[5.5753535353535355,1.7625252525252522,8.406464646464647,0.005563904349618635,0.0019986600700886443,0.0036414553700267653,0.05743495561677382,0.03245995306601355,0.05049892868074677,10.240480939833036,0.0])
(2.0,[-5.023500000000002,8.166200000000002,-1.3431000000000004,0.16869974747474714,0.06582581818181787,0.27185392929292906,0.3499,0.2023720000000001,0.46160399999999996,9.706196660531644,6.240031999999998E7])
(2.0,[-5.171734693877551,8.11673469387755,-0.9930612244897961,0.4154804649694933,0.15950056806227633,0.6182565116768358,0.47758225739275295,0.29965847563515197,0.5662848812994583,9.730663219497856,0.0])
(2.0,[-4.987755102040818,8.233673469387758,-0.8131632653061224,0.9516052177572054,0.8775698716600046,0.4404527771933518,0.6868721366097459,0.6081757600999578,0.5200583090379008,9.742456326649005,1.19985E8])
(2.0,[-5.204646464646463,8.032424242424247,-0.9927272727272728,0.6012822716965579,0.355753246753247,1.0894690166975887,0.5912437506376904,0.4250566268748096,0.7767125803489436,9.709934737375956,1.466707777777778E8])
(2.0,[-5.195500000000001,8.1443,-1.2142,0.5846815656565657,0.4725237474747477,0.14579834343434336,0.41701000000000005,0.341644,0.22394799999999995,9.789322498935848,3.9948E7])
(2.0,[-5.006969696969698,8.228080808080806,-1.1476767676767674,0.23842337662337654,0.13827689136260568,0.5340772005772008,0.36807468625650414,0.24364860728497068,0.4924375063769005,9.740155258633651,0.0])
(2.0,[-5.142268041237111,8.122783505154642,-1.2225773195876295,0.04273855240549848,0.025701546391752605,0.0992547465635739,0.14858114571155318,0.11268785205654241,0.226096290785418,9.699284297802418,6.149865000000001E7])
(2.0,[-5.427676767676768,7.958282828282827,-1.2060606060606063,0.03919556792413941,0.02043273551844977,0.056985343228200355,0.12213039485766741,0.10314865830017349,0.16135292317110506,9.713639220158134,1.2552602631578949E8])
(2.0,[-4.908282828282828,8.274646464646468,0.09575757575757571,1.409214368171511,0.5407414553700269,2.9076246753246755,0.8906580961126415,0.5088419549025609,1.5003122130394864,9.8413342254628,1.839997E9])
(2.0,[-5.480816326530615,7.931224489795916,-1.1628571428571426,0.026063244266778782,0.015573742899221569,0.03350309278350516,0.12350270720533116,0.09550603915035369,0.1392711370262391,9.714225905696782,1.6928539285714293E8])
(2.0,[-5.50838383838384,7.918888888888887,-1.1054545454545457,0.005313687899402154,0.00408548752834466,0.004963821892393295,0.056477910417303975,0.049337822671156155,0.054637281910009126,9.710093144389042,4.577772222222222E8])
(2.0,[-5.466161616161615,7.94838383838384,-1.095050505050505,0.11354430014430013,0.05144430014430028,0.1884293341579057,0.23781654933170066,0.17005815733088483,0.362469135802469,9.725606756958712,1.3000063888888891E8])
(2.0,[-5.29808080808081,8.06909090909091,-1.0530303030303028,0.20312587095444268,0.07889202226345059,0.15082541743970318,0.348256300377513,0.2080991735537188,0.31853076216712567,9.730968865234946,7.298437313432838E7])
(1.0,[-5.399699999999999,5.706300000000002,-0.22780000000000009,76.73811607070706,68.84473061616164,14.508180969696971,7.419088000000001,7.436960000000002,2.826884,12.229266325718699,3.4306915384615386E8])
(1.0,[-4.728787878787878,6.216666666666666,-2.112424242424242,119.15491076066792,101.58158367346942,31.344049165120605,9.561401897765535,9.089090909090912,4.717949188858282,15.778006030780938,1.887626666666667E8])
(1.0,[-4.489600000000001,7.014500000000001,-1.0274999999999996,82.01932105050506,91.90912196969695,18.523602777777786,7.265576,8.794350000000005,3.498100000000001,13.878866820160043,1.7961942307692304E8])
(1.0,[7.153400000000002,3.7625999999999995,-1.4948,92.41580044444444,103.13678105050506,17.55261309090909,8.723472000000003,8.379347999999998,3.170208,14.799981159582492,5.587615E8])
(1.0,[6.322783505154638,1.0126804123711337,-0.15360824742268042,97.33459946305845,77.83551357388318,11.499564969931273,8.709399511106389,7.0843979168880855,2.6642469975555323,13.04976304432157,8.51227E8])
(1.0,[6.8855555555555545,0.43363636363636354,-0.1524242424242424,100.03126371882091,77.09208664192951,13.44948589981447,8.978608305274975,7.253939393939394,2.7796265687174775,13.499297066249182,0.0])
(1.0,[6.828061224489795,-0.1003061224489794,0.9450000000000002,82.14224053229539,55.22245454449823,14.906369587628868,8.144802165764263,5.690726780508123,2.9655102040816335,12.035037185762665,0.0])
(1.0,[6.641134020618556,0.3484536082474228,0.11278350515463911,94.98907474226802,73.59665904209622,11.809151546391753,8.782270166861515,6.839041343394623,2.5628695929429273,12.899426649784898,8.24936E8])
(1.0,[6.593265306122449,-1.348571428571428,0.05530612244897956,105.0034119082684,75.15189278350512,14.409952998106448,9.140812161599335,7.195393586005831,2.99920866305706,13.453527064704623,0.0])
(1.0,[7.184444444444446,0.31353535353535356,-0.060404040404040384,90.51131882086169,67.46904961863532,10.932059018759015,8.34446689113356,6.650617283950614,2.4524885215794296,12.840016445636383,0.0])
(1.0,[6.6253125,-1.4406249999999996,0.06927083333333323,85.84320621710525,57.357424868421035,10.186695252192983,8.23032552083333,6.096575520833333,2.206812065972222,11.968572235434266,0.0])
(1.0,[6.2166326530612235,-0.525816326530612,-0.48500000000000004,102.37390710077841,80.3539482958132,12.8948293814433,9.069962515618489,7.250539358600581,2.46704081632653,13.29690360881348,2.413452E9])
(1.0,[6.682,-0.5191,-0.23800000000000013,97.2956101010101,63.17625069696966,11.743490909090905,8.697159999999998,6.203192000000002,2.3864399999999995,12.753085489342345,4.090332E9])
(1.0,[7.397448979591836,-0.9680612244897957,-0.36530612244897964,105.36860476541133,90.45919723332631,16.541649905322952,9.130458142440652,7.9840379008746325,3.0473094543940022,14.606000362520426,0.0])
(1.0,[6.674200000000001,-1.2833,-0.011399999999999815,93.99142864646464,63.698713242424205,13.475690949494949,8.508388,6.674562000000002,2.6465479999999992,12.682344479429242,2.440857E9])
(1.0,[6.487400000000001,-1.3346,0.033199999999999896,82.71859519191919,54.172332161616175,13.296397737373738,7.938088000000001,5.794844000000001,2.6284399999999994,11.673031807400013,0.0])
(1.0,[6.085959595959597,1.8694949494949495,0.5760606060606064,72.10737738610595,63.005917089259924,18.48734248608534,7.654457708397102,6.304115906540149,3.034980104071013,11.743628579335835,0.0])
(1.0,[7.20795918367347,1.2527551020408167,0.05530612244897953,86.13420816326528,77.26575624868508,7.581148874395119,8.428729695960017,6.976780508121612,2.1628113286130795,12.651930640120817,1.2057955E9])
(1.0,[6.881313131313132,-0.22676767676767673,0.4353535353535354,78.40383397237684,54.22430373118945,10.820763904349615,8.00171411080502,5.999777573716967,2.4083868992959903,11.835901400118876,8.0246E8])
(1.0,[7.178699999999998,-0.8773000000000005,-0.48209999999999986,86.13982556565657,82.1185795050505,14.416238979797976,8.228544,7.349337999999998,2.80169,13.227894106569638,0.0])
(1.0,[6.9027272727272715,-2.0592929292929294,-0.6966666666666668,93.76766901669761,62.84818418882703,9.638783673469389,8.667419651056012,6.66526068768493,2.3616835016835016,12.907589957518693,7.70386E8])
(1.0,[7.980101010101009,-0.854646464646465,-0.6465656565656567,86.88107039785608,71.5648455370027,9.735508493094207,8.284146515661668,6.893323130292828,2.273847566574839,13.209493799714364,0.0])
(1.0,[-4.931919191919192,6.107777777777779,-1.1317171717171712,85.31661974850546,91.31974195011334,13.805589878375587,7.738745026017754,8.750527497194161,2.8557024793388424,13.58703095212206,1.745847083333333E8])
(1.0,[-4.716428571428571,6.2753061224489795,-1.2206122448979588,76.06618402061855,83.05414887439514,16.507428487271202,7.59619533527697,8.394731361932525,2.7180882965431072,13.23787010727081,2.8800459999999994E8])
(1.0,[-6.752121212121213,3.9732323232323217,-0.7370707070707069,86.51779443413731,72.80186699649556,11.89535153576582,7.724683195592288,7.474904601571265,2.6686256504438326,13.371896268336883,6.357291428571428E8])
(1.0,[-7.096060606060607,2.351717171717172,-0.927171717171717,82.13462615955473,71.15208987837559,11.254332735518448,7.829274563820015,7.352078359351086,2.505250484644425,12.99305214291667,5.066833333333333E8])
(1.0,[-7.213232323232324,1.9869696969696973,-0.39151515151515154,83.94980781282212,71.92229888682745,15.72149666048237,8.082652790531577,7.351117232935415,3.063691460055097,13.275662541676672,2.28537E9])
(1.0,[-6.98,1.2483838383838377,-0.45565656565656576,91.69026734693877,71.11841572871569,13.707675840032984,8.419797979797979,7.019155188246097,2.869621467197225,13.205321533599529,7.74681E8])
(1.0,[-7.261,1.4453,-0.34880000000000005,84.34285555555554,67.02244940404042,13.768968242424236,8.0775,6.863666,2.92416,13.024346463800141,8.00019E8])
(1.0,[-7.535612244897956,1.3353061224489793,-0.5587755102040819,87.64457127077635,75.47071794656006,18.69521910372396,8.326045397750935,7.314348188254892,3.507392753019575,13.972091623965754,9.061096E8])
(1.0,[-6.917142857142859,1.2331632653061229,-0.8356122448979589,82.70198762886596,72.706236282348,19.37647230170419,7.988775510204081,7.321703456892963,3.411570179092046,13.264442906171967,9.924545E8])
(1.0,[-6.533939393939393,2.1227272727272726,-1.3646464646464647,85.67745064935066,84.26083228200368,18.239337373737367,8.012702785430058,7.830964187327826,3.4411141720232625,13.825269247571308,1.0087076666666667E9])
(1.0,[-7.195858585858589,1.8364646464646464,-0.9905050505050504,77.55613471449183,78.83497819006391,12.564857905586475,7.663089480665238,7.5717457402305905,2.8699336802367106,13.301254903975705,6.4198E8])
(1.0,[-7.85949494949495,1.7705050505050506,-0.8616161616161616,79.89665178313747,77.73427831374971,16.357054504225925,7.949580655035201,7.591521273339454,3.2444015916743187,13.64774645473081,1.575058E9])
(1.0,[-6.663917525773195,1.1785567010309284,-1.0518556701030923,89.0486178264605,72.80998539518899,10.791902770618556,8.325598894675311,7.199511106387503,2.586799872462537,12.925271438855031,8.200225E8])
(1.0,[-6.250799999999998,1.7284000000000004,-0.2747999999999999,93.8416518787879,67.38282771717172,9.869770666666668,8.635711999999998,6.847112000000002,2.4453280000000004,12.5950925195407,1.103292E9])
(1.0,[-7.5893,1.0166000000000002,-0.5667999999999999,88.89396819191923,71.94994993939395,12.88167854545454,8.350271999999997,7.077656,2.819776000000001,13.507145657927104,1.059835E9])
(1.0,[-7.602727272727272,1.6272727272727272,-1.057272727272727,82.60319350649353,84.19953432282001,16.858434322820028,8.017961432506883,7.906483011937555,3.1846280991735534,14.062887716951609,6.200012E8])
(1.0,[-7.451111111111108,0.6016161616161622,-0.6684848484848486,77.4805589569161,71.22720348381776,10.921192578849718,7.794006734006735,6.921789613304765,2.618745026017754,12.810108824977243,7.749865E8])
(1.0,[-7.543599999999997,1.2171999999999998,-0.7452,77.90444751515153,68.08114359595957,13.072704,7.693944,6.784384,2.769048000000002,13.110114507620507,7.766416666666666E8])
(1.0,[-7.483402061855668,1.7611340206185564,-1.337525773195876,68.45171226374568,73.69140390893472,9.161602147766322,7.157668190030821,7.221220108406845,2.410075459666277,13.033747576997655,7.5489825E8])
(1.0,[-7.453838383838382,1.9446464646464636,-1.3017171717171716,77.47001776953205,71.3308700267986,12.063769470212325,7.682214059789818,7.0722987450260195,2.7183858789919393,13.163301156139243,7.51654E8])
(1.0,[-7.593636363636367,2.016767676767676,-1.1479797979797983,79.3478090909091,75.24369964955679,17.256387713873426,7.768044077134988,7.535071931435569,3.2828119579634727,13.80447759206471,7.44644E8])
(1.0,[-7.620000000000002,1.330918367346939,-1.278367346938776,78.86078969072166,85.278558941721,13.618102461603204,7.825306122448984,7.773221574344025,2.976255726780507,13.799267846896393,5.55712E8])
(1.0,[-7.432929292929291,1.5797979797979793,-0.045050505050505105,80.51450867862296,70.62941220366932,12.943841579055869,7.699465360677486,7.078155290276502,2.9422671156004476,13.183140397037352,8.066303333333334E8])
(1.0,[-6.832525252525251,1.011616161616162,-0.9721212121212119,79.33668845598847,99.4244667491239,22.786474025974034,7.841089684726051,8.54411590654015,3.9725191307009493,14.208837614539744,6.600211428571428E8])
(1.0,[-6.5086,0.8396,-0.8839,84.25146468686869,88.14219781818178,19.32257958585859,8.015859999999998,7.948719999999999,3.546475999999999,13.577288938906031,6.58014E8])
(1.0,[-7.128484848484847,2.0855555555555556,-1.1959595959595957,80.06749053803343,77.12836575963718,21.541334528963098,7.917165595347415,7.492076318742987,3.755278032853791,13.57034900371062,7.680116E8])
(1.0,[-6.754242424242425,2.168080808080809,-1.4007070707070708,73.74255528756959,80.88782178932178,15.33237806637807,7.1223507805325985,7.60850525456586,3.001336598306296,13.226537795607474,5.67501125E8])
(1.0,[-7.373030303030302,1.5019191919191917,-1.0934343434343428,73.33820296846008,76.49916464646464,14.135820737992164,7.559749005203548,7.361556983981226,2.9888358330782565,13.178537313863027,7.6496125E8])
(1.0,[-7.4221,2.2145,-1.1771000000000003,81.37206524242423,84.6553340909091,16.610378373737372,7.864425999999999,7.822489999999998,3.054364,13.84563090938538,5.111084444444444E8])
(1.0,[-6.549393939393939,1.0085858585858596,-1.5468686868686867,75.34890575139148,89.38517553081839,18.80224417645846,7.448025711662075,7.947089072543618,3.515726966636058,13.55205687209677,3.7998575E8])
(1.0,[-6.978383838383837,2.0943434343434344,-1.4840404040404034,82.75140144300147,83.71817175840035,21.057387590187602,7.762714008774613,7.896490154065909,3.5931292725232127,13.94020296080081,6.411525714285715E8])
(1.0,[-6.1616,1.7630999999999994,-1.2868000000000004,73.99729842424242,86.16204584848485,21.50034319191919,7.269024000000002,7.763106,3.6854559999999994,13.254005077744042,5.543822857142857E8])
(1.0,[-5.881111111111112,1.0305050505050504,-2.1121212121212123,79.53690997732429,92.4534436198722,19.272294434137297,7.693198653198653,8.250329558208346,3.517324762779309,13.696044044725719,4.011231111111111E8])
(1.0,[-6.730202020202022,1.9413131313131313,-1.0269696969696975,79.50055301999592,83.70016254380542,15.305241743970312,7.842442607897151,7.720704009794917,2.9850015304560755,13.496231571867348,5.010918888888889E8])
(1.0,[-6.546060606060607,1.2218181818181821,-1.8315151515151522,81.27168738404457,101.92706400742114,30.382629313543596,7.867982858891947,8.703342516069789,4.481205999387816,14.775343494820456,9.080078E8])
(1.0,[-6.130199999999999,-0.365,-2.2178,80.26896561616162,95.34718888888891,39.64437288888889,7.736816000000003,7.908400000000004,4.840399999999999,14.496353054405656,6.213685E8])
(1.0,[-7.942424242424242,1.2555555555555558,-1.4336363636363636,71.97830630797776,93.20119841269839,19.050421335807055,7.639467401285583,8.129382716049383,3.460202020202021,13.915263252577278,5.077616666666667E8])
(1.0,[-6.46020202020202,0.3771717171717167,-1.0787878787878784,81.37294893836322,94.26536947021233,20.05238423005565,7.895788184879094,8.108780736659522,3.5907927762473215,13.844599221433043,4.8125075E8])
(1.0,[-6.460510204081633,1.2331632653061226,-0.6856122448979589,78.75597396381231,80.08664452977065,11.540191889333046,7.773215326947107,7.328417326114118,2.7326551436901294,12.848294540669755,9.02484E8])
(1.0,[-6.769500000000001,1.2597000000000003,-1.3741999999999999,77.20186540404039,80.8216797070707,12.311988242424238,7.686250000000002,7.432240000000002,2.661243999999999,13.133510251883324,4.675025E8])
(1.0,[-6.849399999999998,1.9195000000000009,-1.1055999999999997,86.32544610101014,84.330227020202,17.65266125252526,8.125951999999998,7.797409999999999,3.2540639999999996,13.663773949710574,7.467396666666666E8])
(1.0,[-7.0993,-0.0927,-1.3758,74.73431970707074,93.70079364646467,26.776069050505036,7.49263,7.837160000000003,3.969303999999999,14.209852710278117,6.299946666666666E8])
(0.0,[1.7618181818181824,9.525151515151512,-0.3589898989898989,17.02370686456401,17.098778293135442,6.953686724386723,3.472323232323233,3.391674318947045,1.8125803489439853,10.733889365114672,9.299849999999999E8])
(0.0,[1.7706999999999993,9.452799999999998,-0.5379000000000002,15.306406575757581,20.89487086868687,9.04131978787879,3.1740680000000006,3.6994800000000008,1.8891499999999997,10.728261060197475,5.949706666666666E8])
(0.0,[1.6814000000000016,9.271099999999997,-0.5171999999999999,14.570987919191916,18.42713514141415,9.519018343434345,3.048907999999999,3.5646780000000007,1.8472240000000004,10.526914093152477,1.420029E9])
(0.0,[1.6551000000000002,9.222000000000001,-0.3415,14.063310090909098,21.84302020202021,7.587107828282828,3.017426,4.00792,1.4999299999999998,10.33109335180925,5.816598333333334E8])
(0.0,[3.198282828282828,8.94858585858586,-0.2670707070707071,24.99324293960008,22.89031838796124,10.577502556173979,4.152735435159679,3.7926272829303134,2.000195898377717,11.043801089386157,8.32605E8])
(0.0,[4.329393939393937,8.526363636363637,-0.12686868686868688,29.237011873840437,23.06450705009276,9.489964584621728,4.589188858279767,3.8794674012855825,2.0919661259055196,11.048326563852337,7.066953333333334E8])
(0.0,[4.97353535353535,8.58707070707071,-0.3863636363636363,27.62957819006389,21.436839290867862,10.401413172541746,4.562181410060197,3.7037567595143357,2.239761248852158,11.334581875512804,1.2000125E9])
(0.0,[6.124400000000003,7.7791999999999994,-0.5512,32.492513777777766,19.5361347070707,8.9397541010101,4.900952000000002,3.475424,1.7906480000000005,11.266972391608357,1.0574647499999999E9])
(0.0,[6.909898989898994,7.172929292929293,-0.17434343434343433,29.160158152958164,13.100561739847457,9.07997788084931,4.639485766758497,2.8528435873890414,1.9682277318640946,11.079176175810735,2.3013765E9])
(0.0,[6.615252525252523,7.022828282828282,-0.07898989898989903,27.940323149865986,12.246130694702122,12.217945908060196,4.602401795735131,2.712949699010305,2.3170656055504533,10.930200914571966,1.040039E9])
(0.0,[6.779595959595958,6.8110101010100985,-0.08131313131313125,26.566026365697795,12.986707132549988,11.487587033601315,4.453700642791553,2.727589021528415,2.2274523007856346,10.76339055548336,1.5449675E9])
(0.0,[7.192828282828284,6.674848484848485,-0.2503030303030303,27.572267429395986,15.896970129870134,11.852682560296852,4.536247321701867,3.0820446893174167,2.092249770431588,10.976794626188102,0.0])
(0.0,[7.325555555555557,6.545353535353535,0.11494949494949502,29.13626984126984,11.986325128839416,9.469904844361992,4.640202020202021,2.6562289562289565,2.1254810733598624,10.91801892899731,2.100052E9])
(0.0,[7.65888888888889,6.700707070707071,-0.12676767676767658,28.307352834467135,13.316284188827048,9.334591486291485,4.610998877665545,2.7232670135700423,2.0133884297520654,11.175472968932516,0.0])
(0.0,[7.4407,6.639,0.20999999999999996,20.73917829292928,10.492277777777783,10.783753535353535,3.77177,2.549939999999999,2.4560000000000004,11.09022664150343,3.279969E9])
(0.0,[7.536363636363639,6.573737373737373,-0.044141414141414134,22.20160500927644,8.932888950731806,6.684946959389817,3.780275482093664,2.2387960412202847,1.6347495153555756,10.839894341947419,0.0])
(0.0,[7.495816326530613,6.578367346938777,-0.20275510204081626,25.041436955606986,12.783151946139274,10.7637108878603,4.312992503123697,2.6266763848396497,2.0547980008329856,11.074180945593003,2.0999905E9])
(0.0,[7.2681632653061214,6.239489795918367,0.20377551020408152,27.647745045234583,11.325138912265945,12.37395776351778,4.437326114119118,2.5528654727197004,2.293202832153269,10.729396170246861,3.150055E9])
(0.0,[7.379900000000001,6.5798000000000005,0.03509999999999999,27.58874241414141,12.296476727272728,9.944029282828282,4.520294000000001,2.824340000000001,1.8952540000000004,10.91654680079539,5.25223E8])
(0.0,[7.549999999999998,6.689898989898991,0.15464646464646478,25.78198163265306,12.376494887652028,12.149851659451665,4.386666666666668,2.8467442097745144,2.2492766044281187,11.120152102083546,2.089844E9])
(0.0,[7.462828282828282,6.62040404040404,-0.06616161616161621,25.575163347763358,14.375510039167173,12.331744300144297,4.320748903173143,2.8993184368941933,2.173290480563209,11.046707013583255,1.080017E9])
(0.0,[7.888673469387753,6.48795918367347,0.2648979591836735,27.338116778876497,12.603667957079734,12.485320092573112,4.459177426072469,2.7579092044981257,2.278313202832153,11.245682434377855,2.040222E9])
(0.0,[7.555151515151515,6.6926262626262645,0.1941414141414142,30.027302782931358,15.76353997113997,13.705273490002067,4.719455157636974,3.119759208244057,2.346644219977554,11.292540843226544,1.040008E9])
(0.0,[7.500101010101011,6.482222222222221,0.2829292929292929,29.69780509173367,13.449717460317457,14.281692352092355,4.681932455871853,2.8966105499438832,2.4598163452708905,11.19014967677634,2.05011E9])
(0.0,[7.369191919191917,6.149292929292928,0.1865656565656564,30.864444238301374,12.501788270459695,11.615000329828899,4.708193041526375,2.529762269156208,2.1639567391082553,10.72152736863247,9.99878E8])
(0.0,[7.497070707070709,6.302121212121214,0.12797979797979808,26.41937602556174,11.048653617810759,9.961506081220369,4.388295071931437,2.34910927456382,2.083728191000919,10.904302696024587,4.749958333333333E8])
(0.0,[7.314040404040407,6.552121212121212,-0.11757575757575754,31.147881467738607,12.73180055658627,8.441145083487937,4.840810121416181,2.8301316192225277,2.0206978879706154,10.963289501938094,1.0401E9])
(0.0,[7.560299999999999,6.2182,0.11609999999999995,28.453310010101017,13.453012888888885,14.308626050505055,4.59353,2.7994600000000007,2.311882,10.973536784111753,0.0])
(0.0,[7.550306122448979,6.44969387755102,-0.0513265306122449,30.308916400168297,12.463349389859044,10.223960077845568,4.81012078300708,2.773700541441066,2.0206497292794663,11.059834833365558,1.5401E9])
(0.0,[7.517070707070711,6.426161616161619,-0.33979797979797977,30.221849494949506,12.019725932797368,7.0546468975469,4.792823181308029,2.6372900724415893,1.6590898887868584,10.92939017634488,6.832783333333333E8])
(0.0,[7.924545454545454,6.018686868686868,0.0416161616161616,26.70298423005566,12.642974788703366,10.924327973613691,4.312047750229569,2.6215610651974304,2.051904907662483,11.014138379980071,1.5599365E9])
(0.0,[7.928080808080806,6.105050505050504,0.22494949494949507,29.929738115852402,12.012229334157906,12.972568109668114,4.640975410672382,2.625215794306704,2.457504336292215,11.154956751833778,0.0])
(0.0,[8.213199999999999,6.4511,-0.12600000000000003,29.015426020202025,13.624151303030306,10.90628080808081,4.691528000000001,2.8366539999999993,2.0544,11.428454646192993,4.090026E9])
(0.0,[7.942400000000001,6.346100000000001,0.14120000000000002,28.722153777777777,13.167617969696966,13.10809955555556,4.6274479999999985,2.742476000000001,2.290799999999999,11.28687634606408,1.0E9])
(0.0,[7.371800000000003,6.4094000000000015,-0.09980000000000004,29.45099672727272,11.057860242424237,10.051032282828277,4.664636,2.7492679999999994,2.1268759999999998,10.88179607183516,2.459503E9])
(0.0,[7.7254999999999985,6.458500000000001,-0.2830000000000002,35.57622702020203,14.313095707070705,11.91072626262626,5.1897199999999994,3.02642,2.186280000000001,11.372346155058313,1.010193E9])
(0.0,[7.633900000000003,6.1554,0.30160000000000003,30.969912919191902,13.831881656565656,13.531807515151518,4.853778000000002,2.951420000000001,2.4496,11.089252013537742,1.0199585E9])
(0.0,[7.396700000000001,6.090700000000001,-0.2778999999999999,27.260992030303022,12.859125767676773,8.005287464646468,4.484236,2.6554960000000003,1.6832340000000006,10.535686610724081,7.9002375E8])
(0.0,[7.841616161616162,6.117777777777777,0.12888888888888878,23.159256545042258,7.0088092970521565,6.860463038548753,3.8324048566472793,2.0325252525252515,1.8590347923681252,10.824124712918064,1.120025E9])
(0.0,[-4.4514000000000005,8.709500000000002,-0.36010000000000014,6.099759636363637,25.508665404040407,10.25693635353535,1.8967679999999998,4.14568,2.0376739999999987,10.782582423958445,1.1199035E9])
(0.0,[-4.406464646464648,8.919292929292924,-0.13717171717171717,6.668882271696556,26.054618882704602,7.618112327355185,1.8292745638200183,4.25440873380267,1.6586327925721864,10.869590792233955,9.9254625E8])
(0.0,[-3.3631,8.7584,-0.058999999999999955,12.164655949494943,29.786017616161626,10.520178787878791,2.552376000000001,4.6542,1.9982200000000006,10.746258676013849,0.0])
(0.0,[-3.1018000000000003,9.075399999999998,-0.22139999999999993,8.662370464646465,30.0407442828283,13.121977818181817,2.1939279999999997,4.646616,2.341268,10.748674085455184,6.199875E8])
(0.0,[-3.4345454545454546,9.59131313131313,-0.06,7.766904638218925,27.07560540094827,10.26391632653061,2.2111111111111095,4.3973023160901965,1.876161616161616,11.079382719883446,5.37525125E8])
(0.0,[-2.7650000000000006,9.781938775510206,0.16724489795918374,6.71341907216495,21.232578676625288,8.259368619819064,1.9642857142857149,3.77356518117451,1.8552686380674717,11.007428500455507,1.1633303333333333E9])
(0.0,[-2.5875,9.86979166666667,0.38656249999999986,9.734435789473684,22.54121048245614,7.66732595394737,2.468750000000001,3.9948090277777784,1.895553385416667,11.174592393617761,7.525025E8])
(0.0,[-2.9792929292929307,9.4830303030303,0.35494949494949496,7.796953576582147,26.05041317254175,9.899145660688514,2.064840322416078,4.2246770737679835,2.075788184879094,10.992762296199267,9.785053333333334E8])
(0.0,[-3.559489795918368,9.35326530612245,-0.1831632653061225,12.638914169997891,30.446622217546825,13.27985690090469,2.6910912119950017,4.554560599750105,2.2176842982090803,11.31839710153101,9.0247325E8])
(0.0,[-3.0214999999999987,9.328899999999997,0.10389999999999999,6.605643181818185,26.14677756565657,9.129415949494948,2.048950000000001,4.2735660000000015,1.8276600000000003,10.810858264263242,6.4998625E8])
(0.0,[-3.0579591836734683,9.960000000000003,0.08948979591836725,8.347140122028193,32.6596226804124,11.187231695771093,2.112207413577676,4.937142857142857,2.195393586005831,11.536097283271124,7.1669E8])
(0.0,[-3.2073000000000005,9.502399999999996,0.3459,7.089373444444441,30.21585074747474,10.381644636363639,1.9359379999999997,4.661896000000002,2.213424,11.018922153423338,2.109985E9])
(0.0,[-3.282626262626263,9.62343434343434,-0.02242424242424241,6.978825685425686,24.798394207379932,6.459022634508349,2.01026629935721,4.200969288848074,1.6195347413529237,11.027355493278758,1.3332926666666667E9])
(0.0,[-3.5405000000000006,9.5418,0.04039999999999993,8.37670580808081,26.72339470707071,10.362195797979794,2.0813699999999997,4.329199999999996,1.9021039999999998,11.092723967882103,7.67981E8])
(0.0,[-3.805918367346938,9.44551020408163,-0.31112244897959157,10.280343993267406,33.120233242162826,9.105410067325902,2.557097042898792,4.944498125780926,2.029148271553521,11.395173067116286,1.1533203333333333E9])
(0.0,[-3.5087878787878775,9.447272727272729,-0.1989898989898989,7.394116883116884,33.4932628942486,8.063921418264277,2.1435996326905418,4.8668135904499525,1.6333659830629526,11.100224740330308,6.1499775E8])
(0.0,[-4.031111111111111,9.53080808080808,-0.23262626262626276,7.455240589569159,32.1672911770769,8.223905277262423,2.128866442199775,4.7164758698092,1.6327333945515765,11.343028021736169,9.5501725E8])
(0.0,[-3.7333333333333334,9.396060606060603,0.4486868686868687,7.162242857142857,23.4252384044527,11.961017645846212,1.994276094276095,4.080220385674932,2.073172125293338,11.026139336029951,3.19794E8])
(0.0,[-3.7127,9.264900000000003,0.19740000000000002,7.0860623333333335,28.3964919090909,9.932237616161618,2.0482620000000007,4.534198,1.886996,10.986606105843853,1.260025E9])
(0.0,[-3.607604166666667,9.190937500000002,0.11906249999999999,7.892344725877192,26.231598059210526,8.949259111842107,2.065687934027778,4.331315104166668,1.722649739583333,10.791628539692644,1.079895E9])
(0.0,[-3.815353535353535,9.25323232323232,0.08121212121212124,8.339141455370031,26.49935066996497,6.821380148423005,2.188935822875217,4.374994388327723,1.609947964493419,10.943836542017179,5.133108333333333E8])
(0.0,[-3.5235353535353533,9.044949494949496,0.2551515151515152,5.201231251288393,20.949233415790555,9.610857884972168,1.5376533006836044,3.7497459442913987,1.9575022956841142,10.530324010841332,9.19983E8])
(0.0,[-4.358383838383839,9.195858585858588,-0.045555555555555564,11.298191238919806,33.509128592042885,19.102690249433103,2.816816651362107,4.788495051525353,2.6672278338945024,11.857909589103558,7.36017E8])
(0.0,[-4.205714285714286,9.162755102040816,-0.01683673469387756,11.306657731958762,35.69277892909741,19.858504323585095,2.662478134110787,5.111903373594335,2.858127863390255,11.64478286383854,6.599325E8])
(0.0,[-3.8440404040404053,9.300707070707066,0.2987878787878786,10.495283508554937,34.94755969903114,18.245620964749545,2.5316804407713507,5.04393225181104,2.764450566268748,11.547501706284057,8.01996E8])
