(0.0,[5.884646464646465,7.789393939393941,0.042929292929292935,33.01571288394147,13.892879220779221,12.70557806637807,4.746887052341599,2.860324456688093,2.2833935312723193,11.357391523323793,0.0])
(0.0,[5.665899999999998,7.658400000000002,0.02899999999999997,35.764048676767686,15.538587313131313,14.736475757575754,5.123689999999998,3.01268,2.4943599999999986,11.312481226925156,1.644989E9])
(0.0,[6.167272727272727,7.933232323232323,0.19909090909090904,29.03307105751392,19.734322098536385,11.21571038961039,4.520330578512396,3.3714702581369247,2.2170798898071626,11.425980952496209,8.960022E8])
(0.0,[5.8557999999999995,7.738100000000001,-0.18009999999999998,27.73302258585859,17.058880191919197,9.051027262626263,4.261464,3.1603860000000017,1.9340479999999993,10.950687516205708,1.116628E9])
(0.0,[5.841919191919191,8.208080808080805,0.31777777777777777,30.815323830138112,18.922593217893205,15.37061746031746,4.503632282420159,3.485054586266706,2.7310662177328844,11.449301297727878,1.4732766666666667E9])
(0.0,[4.231313131313132,8.797171717171718,-1.3379797979797983,14.23359111523397,10.832769470212325,9.373142815914246,3.0802632384450574,2.7106478930721356,2.1444260789715326,10.708953942462012,0.0])
(3.0,[-5.65857142857143,-3.4617346938775495,7.3742857142857146,0.05339793814432998,0.042956753629286824,0.02355257731958771,0.18341107871720103,0.1575635152019989,0.12058309037900893,9.923651467326168,0.0])
(3.0,[-6.180206185567009,-3.4069072164948446,7.006288659793814,0.024349957044673607,0.010369501718213074,0.019936082474226787,0.10242108619406998,0.06438091189286883,0.09566160059517495,9.9468395021179,0.0])
(3.0,[-6.145520833333332,-3.4218749999999982,7.001354166666665,0.010351304824561466,0.0042006578947368,0.005224462719298367,0.07508246527777783,0.052617187499999975,0.059631076388889044,9.92538240124083,0.0])
(3.0,[-6.39818181818182,-3.536565656565658,6.752626262626262,0.09300890538033377,0.07173094207379918,0.04883384869099159,0.2037098255280071,0.17964901540659092,0.17458218549127644,9.961415292971873,1.66626E8])
(3.0,[-6.626060606060608,-3.627979797979797,6.497777777777777,0.005603710575139201,0.004565264893836328,0.004556235827664407,0.05163758800122389,0.04979695949392922,0.053445566778900104,9.964993402422312,4.977510204081632E7])
(3.0,[-6.624700000000001,-3.3121000000000005,6.663699999999999,0.05504334343434347,0.03127938383838381,0.04361344444444445,0.13648800000000016,0.10813199999999995,0.10772199999999998,9.969126354457948,2.1001166666666666E8])
(3.0,[-6.5335353535353535,-3.324242424242424,6.776666666666665,0.022025128839414567,0.017394063079777367,0.01634897959183686,0.08686052443628192,0.08241812059993883,0.08464646464646444,9.985542824375067,4.0039E7])
(3.0,[-6.716464646464645,-3.2590909090909093,6.65757575757576,0.011751659451659452,0.014977736549165137,0.011322634508348783,0.08464034282216099,0.0897153351698806,0.08152433425160664,10.004521178164284,1.119965E9])
(3.0,[-6.673979591836734,-3.274591836734693,6.696836734693876,0.002566473806017254,0.00340240900483906,0.001739375131495894,0.03927946688879627,0.04626822157434394,0.02976051645147941,10.005942438440044,0.0])
(3.0,[-6.674536082474227,-3.283195876288661,6.676907216494847,0.0030708762886598033,0.00342405498281786,0.0018320017182130637,0.04028908491869496,0.04648740567541693,0.034494632798384744,9.99583513558143,0.0])
(2.0,[-5.208469387755103,8.177244897959184,1.3466326530612245,0.007730622764569851,0.0035871765200926513,0.00868235851041447,0.06860891295293627,0.04733652644731351,0.06989379425239477,9.789101430015803,5.082497938144331E7])
(2.0,[-5.190202020202017,8.172626262626263,1.3861616161616166,0.0038162853019995504,0.001986909915481371,0.004193279736136861,0.04728293031323326,0.03615549433731249,0.0517885930007143,9.780518193069259,5.04994387755102E7])
(2.0,[-5.167244897959183,8.185204081632657,1.4298979591836736,0.002628413633494633,0.001338617715127286,0.004151535872080796,0.04281757600999596,0.029464806330694794,0.052952936276551454,9.78514501617571,5.072178350515463E7])
(2.0,[-5.182424242424241,8.177878787878784,1.4279797979797972,0.01241038961038959,0.003541372912801438,0.018059142444856777,0.0877073767982861,0.048680746862564794,0.1156147331904907,9.788031469643427,4.989779591836735E7])
(2.0,[-4.541515151515147,8.364444444444441,-1.231616161616161,0.15414768089053885,0.04570045351473887,0.04378715728715721,0.24994796449342113,0.12092031425364613,0.15933272115090286,9.609175014316254,7.234175E7])
(2.0,[-5.432200000000002,7.9388000000000005,-0.20829999999999965,0.6765547070707062,0.3753642020202022,1.2721193030303026,0.63324,0.412,0.9912739999999999,9.725044109681866,3.29986E8])
(2.0,[-6.182323232323233,7.556868686868684,1.1758585858585862,0.021364955679241307,0.013389074417645771,0.017385734900020617,0.10641567187021735,0.08227731864095428,0.10951943679216404,9.83623055670627,0.0])
(2.0,[-6.081200000000001,7.576599999999998,1.4995000000000003,0.008200565656565606,0.0065054949494949355,0.009671464646464642,0.07080799999999983,0.061268000000000024,0.07180999999999996,9.831270084687935,0.0])
(2.0,[-6.536767676767678,7.212121212121211,1.5306060606060607,0.006995567924139338,0.0054148423005565775,0.009703710575139171,0.06346699316396283,0.04912151821242696,0.07662075298438935,9.854181714892356,5.061953608247424E7])
(2.0,[-6.579183673469391,7.181122448979591,1.5107142857142863,0.046609636019356096,0.019970892068167278,0.024918041237113435,0.15108704706372317,0.09749479383590158,0.12074344023323622,9.860002975532394,5.382395604395604E7])
(2.0,[-6.4742,7.238399999999999,1.5065000000000002,0.10339430303030307,0.09552468686868675,0.037180555555555515,0.20690399999999987,0.1707040000000005,0.15434000000000003,9.833182304785218,0.0])
(2.0,[-7.204795918367348,6.682448979591836,1.3282653061224488,0.016074700189354047,0.009187755102040786,0.022472217546812525,0.08811120366513915,0.07178675551853404,0.12507080383173674,9.918303381714807,0.0])
(2.0,[-6.704693877551019,6.998877551020409,0.1456122448979591,0.2983756785188299,0.1724513044393007,1.5519465285083107,0.4778883798417326,0.339670970428988,1.1641087047063727,9.79336450203485,0.0])
(2.0,[-7.6449,6.277100000000001,0.9756999999999998,0.08008584848484841,0.07165312121212113,0.18232778787878787,0.1531820000000001,0.14180199999999973,0.24365200000000026,9.95549693744276,6.49565E7])
(2.0,[-7.581428571428574,6.322959183673472,1.3240816326530613,0.08193814432989693,0.04779424573953306,0.03717285924679149,0.16685131195335318,0.13598292378175747,0.12432319866722198,9.967054771245671,0.0])
(2.0,[-7.421313131313131,6.410808080808083,1.5259595959595966,0.06306662543805404,0.0768830138115853,0.10260187590187564,0.18051831445770847,0.17954494439342839,0.24093459851035604,9.934247605800106,3.99994E8])
(2.0,[-7.095858585858585,6.631515151515152,-0.4244444444444446,0.27253471449185707,0.14804155844155859,0.7176065759637192,0.43022956841138654,0.28382001836547294,0.7336475869809203,9.775737194878968,2.780059E8])
(2.0,[-7.492040816326532,6.478979591836735,0.6160204081632653,0.02766177151272882,0.012976267620450236,0.007558226383336833,0.08885464389837554,0.060362349021241185,0.06255310287380257,9.925115354206257,0.0])
(1.0,[-5.331326530612245,4.725816326530612,-1.2667346938775506,33.070533273721864,98.51286582158636,65.45371087734063,4.903052894627237,8.448721366097459,6.294897959183674,13.163801577350494,3.171430714285714E8])
(1.0,[-6.334646464646461,2.5969696969696967,-2.2556565656565657,69.97171696557409,74.72783562152134,62.891273799216684,7.272298745026017,6.900061218243036,6.160373431282522,13.086273944056387,6.184388333333334E8])
(1.0,[-5.708749999999999,1.8169791666666661,-1.794375,75.02650789473682,55.47291604166668,66.61846276315788,7.447968750000004,5.772934027777778,6.4736328125,12.640391890558892,1.48169E9])
(1.0,[-6.164141414141416,-5.214444444444444,-0.8447474747474741,74.47603879612454,51.28369841269842,33.84869661925375,7.256033057851239,6.036588103254768,4.457224772982348,12.664496697584132,0.0])
(1.0,[-4.661717171717172,-4.467272727272732,-1.32,91.75846130694701,61.672820037105765,29.079818367346935,8.027501275380065,6.6380899908172655,4.181616161616162,12.384131523160153,0.0])
(1.0,[-4.908571428571428,-5.013367346938776,-1.8417346938775498,100.66397525773196,71.33640813170629,36.29276293919628,8.567813411078712,7.28609537692628,4.815070803831739,13.873194986629713,0.0])
(1.0,[-4.887448979591836,-5.017755102040817,-1.3569387755102043,93.23060476541133,68.08113305280874,37.454062697243835,7.948161182840485,7.130720533111205,4.797930029154519,13.271328903312202,0.0])
(1.0,[-4.371717171717172,-4.945656565656566,-1.1742424242424243,103.77760008245716,64.40949828901259,39.67165936920223,8.324903581267213,6.9385736149372494,4.866446280991736,13.667354427796663,0.0])
(1.0,[-4.533673469387755,-5.094591836734692,-2.080102040816326,102.08315956238167,62.18420447086051,48.236497927624626,8.441749271137029,6.690647646813825,5.403161182840486,13.976434104269257,0.0])
(1.0,[-5.098700000000001,-4.7224,-1.7410999999999996,93.31991243434344,60.4126345858586,41.21270887878787,8.168518,6.633135999999999,5.073366000000003,13.246154005873482,0.0])
(1.0,[-4.655050505050506,-5.181515151515147,-1.3742424242424247,106.2803313749743,64.8118680890538,48.50369202226345,8.507531884501581,6.849592898683809,5.472157943067035,14.08095370152686,0.0])
(1.0,[-5.106300000000003,-4.510300000000002,-1.5534000000000003,104.59447405050508,60.23147566666668,38.09178226262627,8.552833999999999,6.575759999999998,4.692464000000001,13.273024340004234,0.0])
(1.0,[-5.686565656565656,-4.535050505050505,-1.338888888888889,104.39164318697175,64.32243545660687,35.94942630385487,8.695514743393531,6.838143046627893,4.583681257014592,13.615546981929642,0.0])
(1.0,[-4.785858585858583,-4.023434343434343,-1.2767676767676763,93.33343063285922,59.81956971758399,37.30380577200577,8.119271502907864,6.5139230690745835,4.571560044893376,12.72441368222109,7.69959E8])
(1.0,[-4.603599999999999,-5.0931,-2.4712000000000005,111.59364953535353,72.40772665656566,45.43427531313131,8.669687999999999,7.332195999999999,5.545919999999999,14.38927168186438,0.0])
(1.0,[-4.469797979797978,-4.675252525252527,-1.888080808080808,112.23079587713872,69.40126396619252,41.69880138115854,8.6131088664422,7.168078767472708,5.210586674829097,14.027671004217787,0.0])
(1.0,[-4.6063,-4.267799999999999,-1.7081000000000008,117.1036053636364,63.338752686868666,41.1787913030303,9.11813,6.795447999999997,5.045262,13.887158653947488,9.749755E8])
(1.0,[-4.831500000000002,-4.748700000000001,-1.6938999999999997,103.79614217171716,64.0027003131313,49.227904838383836,8.445250000000005,6.826291999999999,5.631977999999999,13.931823372134144,0.0])
(1.0,[-4.808979591836734,-4.842959183673468,-1.3827551020408162,105.60401750473382,64.64467259625499,52.892502640437634,8.604935443565179,6.85942107455227,5.741326530612245,14.180360525010503,0.0])
(1.0,[-4.774897959183673,-4.879183673469389,-2.0396938775510187,113.81949122659371,68.62730035766882,51.82720505996214,8.8559058725531,7.241670137442735,5.769248229904207,14.453413342215157,0.0])
(1.0,[-5.545918367346938,-4.602142857142858,-1.6425510204081633,109.35366770460762,63.81188917525774,45.7934274458237,8.848525614327365,6.8088192419825075,5.133063306955435,14.17302787741074,0.0])
(1.0,[-4.444499999999999,-4.654300000000002,-1.8477,111.44656641414143,62.89312172727273,52.28580374747472,8.611259999999994,6.774416000000001,5.575499999999999,14.08471087921324,0.0])
(1.0,[-5.294747474747473,-3.9611111111111112,-2.3261616161616163,112.68028233353945,63.61286303854876,48.44976878994021,8.698810325476993,6.658989898989897,5.279075604530153,14.165362671485319,0.0])
(1.0,[-4.705151515151515,-4.468181818181818,-1.9523232323232325,127.25300482374764,62.05602523191092,46.33092413935274,9.131068258340985,6.845417814508724,5.293053770023468,14.438424403770332,0.0])
(1.0,[-5.4228,-4.557199999999999,-1.8770999999999995,106.30379006060608,57.220044606060604,38.81958645454547,8.490711999999997,6.33896,4.972358000000001,13.657823566393805,0.0])
(1.0,[-5.3678,-4.585799999999999,-1.6716000000000004,105.60921329292933,60.794327636363626,41.45167418181819,8.562823999999999,6.517023999999998,5.083696000000001,13.696771615488602,7.54974E8])
(1.0,[-6.620404040404041,-4.783939393939393,-1.0180808080808086,68.77796514120803,41.80314248608537,37.69195852401567,6.673749617385981,5.332255892255892,4.906181001938578,12.793118632721253,0.0])
(1.0,[3.931200000000001,3.8332000000000006,-2.2379000000000002,110.62003490909092,60.48316541414141,45.67745918181817,8.575968000000003,6.49804,5.467405999999998,13.465140987658792,9.552E8])
(1.0,[4.3054000000000014,3.7577000000000003,-1.9786000000000006,112.86650791919186,57.333640111111116,45.17262832323233,8.59054,6.242809999999999,5.280884,13.697622135144076,6.81661E8])
(1.0,[4.741299999999999,4.262099999999999,-1.7657,117.63493667676768,59.19303291919193,50.31636213131313,8.646404000000004,6.550604000000002,5.752014,14.462439619092732,4.93337E8])
(1.0,[4.98141414141414,4.5324242424242405,-1.7838383838383842,114.04645716347149,62.60543283858998,38.15134634096062,8.75328843995511,6.726978879706151,4.994227119681667,13.961138013220088,4.042205833333334E8])
(1.0,[4.231800000000001,3.5812999999999993,-1.2327,108.56494824242425,55.75985586868687,50.887799707070705,8.333579999999998,6.176837999999999,5.609423999999997,13.5160460481294,6.860046E8])
(1.0,[4.513800000000001,3.871800000000001,-2.2989,118.84158945454543,60.29282905050504,48.03474120202021,8.899656000000006,6.442031999999997,5.2561219999999995,14.15762575892707,9.960733333333334E8])
(1.0,[4.874343434343435,3.592727272727272,-1.9262626262626275,119.48443502370648,63.20876289424862,48.41499099154816,8.895041322314048,6.717851239669423,5.33324354657688,14.04327785177792,6.29486E8])
(1.0,[4.584200000000003,4.243800000000002,-2.3127000000000004,125.33982056565654,65.5257530909091,45.209110818181806,8.980735999999997,6.832331999999998,5.408715999999997,14.60821750963075,9.32495E8])
(1.0,[4.855999999999999,4.285899999999999,-2.0672999999999995,111.18734747474748,60.57810120202023,45.597223949494946,8.6602,6.453080000000002,5.327246000000001,14.061183566609351,7.559998E8])
(1.0,[4.82747474747475,4.229797979797979,-2.2756565656565653,105.3054578437436,62.69566934652647,50.641955431869704,8.121183552698707,6.803775124987246,5.758265483113972,14.009638839265445,6.266783333333334E8])
(1.0,[6.023608247422679,3.9740206185567013,-1.7805154639175258,106.92927121993127,60.71631179123714,45.59124452319589,8.535827399298537,6.551860984164098,5.24874694441492,14.122556480241553,1.2513836666666667E9])
(1.0,[5.025858585858586,3.9966666666666657,-1.831616161616162,121.34582451041025,61.35812653061224,39.93134430014431,9.077265585144373,6.5213468013468034,4.84351596775839,14.016579763077736,5.67516375E8])
(1.0,[4.978299999999998,4.1549999999999985,-2.1000000000000005,114.66392334343435,56.84732424242426,47.16382222222221,8.644631999999996,6.1473999999999975,5.4438,14.125923721449086,7.516631666666666E8])
(1.0,[4.826363636363638,3.527373737373739,-1.7629292929292935,116.49317847866416,59.82913384869101,42.28453725005153,8.8413406795225,6.3215692276298325,5.072429343944496,13.61992226482109,5.59997625E8])
(1.0,[4.7382,4.096800000000001,-1.9138999999999997,127.12226945454546,64.58364218181818,43.66984019191917,9.223584000000002,6.714968000000002,5.0500659999999975,14.272941998518544,6.447187142857143E8])
(1.0,[4.985050505050507,4.478080808080808,-2.024646464646465,119.59456810966805,58.478991177076935,44.48580676149249,8.950358126721765,6.528948066523826,5.17136006529946,14.062606730517793,9.4998925E8])
(1.0,[5.764848484848485,4.1548484848484835,-2.291313131313132,111.35631910946195,63.45377421150278,47.51184213564214,8.655892255892255,6.693045607591062,5.476600346903376,14.444062885291912,6.385715714285713E8])
(1.0,[4.785,3.5375510204081637,-2.0824489795918373,119.10703556701036,61.368000126236055,51.93549497159688,8.863775510204084,6.368633902540609,5.736426488962935,14.151595854780311,1.531463E9])
(1.0,[4.531600000000001,3.9454999999999996,-2.1239999999999997,116.10936105050507,57.67792803030303,55.6652,8.814824000000003,6.184930000000001,5.817799999999999,14.350923180898821,1.0374985E9])
(1.0,[4.2625,4.305199999999999,-2.3238999999999983,120.55545126262626,68.8586555151515,52.792822010101,8.95835,7.053648000000001,5.804933999999999,14.763713931822375,7.583516666666666E8])
(1.0,[5.0923000000000025,3.9584,-1.5872000000000002,116.1961593030303,61.48624589898993,50.10159814141414,8.820637999999999,6.411384000000001,5.387144000000001,14.006326270446012,5.398515714285715E8])
(1.0,[5.481818181818181,4.265454545454546,-1.9943434343434339,116.21991910946197,64.93940055658624,50.34565339105342,8.889219467401283,6.833002754820937,5.560144883175187,14.488387353054398,8.47998E8])
(1.0,[5.153434343434345,4.362323232323233,-2.0395959595959594,98.54831257472688,59.993558833230274,48.96729779426923,8.050211202938478,6.545038261401898,5.352537496173862,13.815638378861493,5.161675555555556E8])
(0.0,[-0.24292929292929294,9.206262626262623,-0.43030303030303046,9.275173984745413,21.44039303236445,21.760151948051952,2.5295908580757063,3.803926129986736,3.2349984695439247,10.712068686438231,2.2049865E9])
(0.0,[-0.22160000000000007,9.397300000000003,-0.4479999999999997,8.28786004040404,20.230003747474747,21.712373737373728,2.342239999999999,3.8226999999999998,2.90088,10.658131036593915,1.1366983333333333E9])
(0.0,[-0.0998989898989899,9.385151515151515,-0.5860606060606063,9.886252030509171,19.615245640074214,15.790832282003702,2.5714151617181917,3.6699295990205054,2.7129782675237224,10.668227599119303,1.117615E9])
(0.0,[-0.7471717171717173,9.623636363636363,-0.5537373737373736,8.270873551844982,22.424241743970313,17.96835629767058,2.334631160085706,3.9448484848484853,2.8841301907968586,10.854972158534942,1.6647645E9])
(0.0,[-0.5096969696969698,9.1189898989899,-0.5164646464646465,8.164913172541745,21.029033663162238,15.582804720676151,2.4001408019589836,3.9189796959493943,2.71235384144475,10.366301761346143,0.0])
(0.0,[-1.3877777777777776,8.885656565656566,-0.34101010101010093,9.939713378684807,22.997008493094224,19.61339488765203,2.526464646464647,4.029929599020504,2.8480685644322,10.385846484899233,2.2798155E9])
(0.0,[-0.8386999999999999,8.8959,-0.35380000000000017,9.904520515151516,20.649499181818186,15.09283389898989,2.6191340000000007,3.884900000000002,2.7064959999999987,10.20374812448533,1.1000215E9])
(0.0,[-0.8065000000000001,9.368199999999995,-0.17830000000000004,9.052247222222222,21.114919959595962,23.547390010101015,2.5145199999999988,3.8839440000000014,3.2839080000000016,10.801143299964549,3.407928E9])
(0.0,[-1.6527,9.566600000000001,-0.3594000000000001,10.005999707070705,20.90255195959595,16.586007717171718,2.3723920000000005,3.7791360000000003,2.582672,10.776341322870092,1.7400055E9])
(0.0,[-1.1582000000000003,9.254699999999998,-0.6250999999999999,9.587602787878792,21.87504536363637,17.996267666666665,2.567580000000001,3.834642,2.8070879999999994,10.68362554194517,1.170013E9])
(0.0,[-1.1662999999999992,9.060100000000002,-0.5574999999999999,8.03643768686869,24.76514645454545,17.36406944444444,2.355322,4.290889999999999,2.90555,10.481971936392661,1.169983E9])
(0.0,[-1.2822448979591838,8.928469387755102,-0.634285714285714,9.221209341468548,21.96225845781612,18.057725773195873,2.484985422740525,4.031624323198666,2.717201166180759,10.37786023820911,1.080017E9])
(0.0,[-0.9961616161616161,9.365252525252524,-0.8785858585858585,8.59044225932797,19.292198660070095,13.002044918573489,2.5078236914600547,3.7575022956841146,2.5319906132027348,10.588765116345085,0.0])
(0.0,[-1.1178571428571424,9.320408163265306,-0.4201020408163267,9.246377835051545,25.221094677046086,19.78306906164526,2.508440233236151,4.263427738442315,3.117230320699708,10.821634103279253,5.475465E8])
(0.0,[-1.0667346938775508,9.18591836734694,-0.3979591836734694,10.313552114454032,22.271987292236485,20.72637723543025,2.746930445647648,3.956001665972512,3.1838817159516855,10.829878950083778,1.119842E9])
(0.0,[-0.5914999999999997,9.415299999999998,-0.4832000000000001,9.412392676767677,19.30136859595959,18.904848242424244,2.5779200000000007,3.6451700000000007,2.9198239999999998,10.80062606132029,1.120056E9])
(0.0,[-0.9167346938775507,9.596836734693884,-0.36377551020408155,9.387686135072585,20.87317030296655,18.332217557332207,2.570741357767597,3.847761349437733,2.972827988338193,10.969886675163588,0.0])
(0.0,[-0.3678787878787881,8.926363636363636,-0.2289898989898989,9.985559740259742,22.70824786641929,23.779309173366318,2.531606978879707,3.911496786042242,3.050578512396694,10.544390469227851,1.6748355E9])
(0.0,[-0.7119191919191921,9.055858585858585,-0.721010101010101,11.0220911770769,20.464214306328593,15.42371529581529,2.763811855933068,3.70515865727987,2.5013019079685743,10.520289953439962,0.0])
(0.0,[0.022020202020202096,9.665555555555557,-0.025555555555555495,16.045857101628528,14.637451473922912,13.831845351473921,3.223656769717376,3.0858810325476993,2.549584736251404,10.979603546667578,2.240112E9])
(0.0,[-0.23070707070707067,9.503434343434343,-0.3974747474747477,8.5407576582148,19.294324819624826,20.939829272314988,2.4177573716967666,3.79410060197939,2.9565452504846443,10.795387930716371,1.1099395E9])
(0.0,[-0.27890000000000004,9.281500000000001,-0.20159999999999995,9.961714939393937,21.795885606060605,19.28649842424242,2.6116099999999998,3.9678899999999993,2.9537519999999997,10.74859232407807,2.2799835E9])
(0.0,[-0.9430303030303029,9.358888888888886,-8.080808080808757E-4,13.68505398886827,22.255665079365084,17.454907503607494,2.7174900520355054,3.826846240179574,2.890011223344557,10.835726980662697,1.5033263333333333E9])
(0.0,[-0.23789999999999997,9.4736,0.08079999999999997,9.646952111111116,21.389952565656564,23.861502383838378,2.5287099999999993,3.9051840000000007,3.290191999999999,10.980268650887421,1.1065976666666667E9])
(0.0,[0.2691999999999999,9.175500000000001,-0.3536999999999998,8.418999353535353,13.803728030303029,13.741490212121212,2.394704000000001,3.019840000000001,2.4130419999999986,10.270248910301952,0.0])
(0.0,[0.5112371134020619,9.581237113402066,-0.15329896907216498,8.510217203608248,17.30880470360825,16.027893170103095,2.410217876501222,3.37594218301626,2.549320863003507,10.76078584351339,0.0])
(0.0,[0.19666666666666668,9.352525252525254,-0.23828282828282837,8.993604081632654,16.012584374355804,17.274151102865392,2.494478114478115,3.253608815426997,2.749458218549127,10.578498032691877,1.720062E9])
(0.0,[0.012020202020202011,9.488989898989901,-0.5249494949494949,10.427777509791795,17.6839316223459,19.566453823953818,2.618647076828896,3.4348188960310164,2.810162228344046,10.827577908692744,1.740158E9])
(0.0,[-0.42489795918367324,9.539285714285713,-0.17418367346938768,9.349056175047334,20.4709943298969,17.920249326741004,2.545210329029571,3.7844606413994177,2.722138692211579,10.769195675489641,0.0])
(0.0,[-0.3487999999999999,8.963299999999995,-0.3703,8.538317737373744,23.850951626262614,19.714132232323227,2.3865199999999995,4.157634000000002,2.969834,10.415123905104736,2.220093E9])
(0.0,[-0.10770000000000002,9.160900000000003,-0.5220000000000001,10.271019909090912,22.81954362626261,14.38511919191919,2.698638,3.9790099999999997,2.6851600000000007,10.578533073638022,1.119873E9])
(0.0,[0.2138999999999999,9.413799999999997,-0.47559999999999997,10.348945242424241,19.627635919191917,18.45452185858586,2.690933999999999,3.6548200000000013,2.9328399999999997,10.873130266261764,8.49991E8])
(0.0,[-0.2601010101010101,9.13616161616162,-0.5592929292929293,9.448047948876521,21.372576953205517,19.452708678622965,2.541905927966534,3.865772880318334,2.948605244362821,10.515962113359345,3.447571E9])
(0.0,[-0.23909090909090905,9.167070707070708,-0.24121212121212116,7.055743042671615,18.407337250051526,17.636290352504638,2.2092745638200197,3.530492806856444,2.7989592898683813,10.294521003340142,1.160004E9])
(0.0,[-0.005656565656565636,8.91171717171717,-0.37747474747474746,8.413306452277881,18.120477633477627,13.511353762110906,2.3776328946025918,3.462201816141211,2.50326089174574,10.099813771834379,1.140015E9])
(0.0,[0.6523469387755104,9.193367346938778,-0.31438775510204087,10.854896496949292,19.750220502840307,15.867530033662948,2.7394773011245324,3.6497625989171176,2.503134110787172,10.521193419695491,1.159439E9])
(0.0,[0.6231000000000002,9.435499999999996,-0.05459999999999997,9.421136757575756,15.534063383838383,15.640419030303033,2.6143340000000004,3.2050600000000005,2.7363719999999994,10.580345438678187,0.0])
(0.0,[0.799387755102041,9.364795918367347,-0.20571428571428574,9.552686219229956,18.50575305070481,13.878655670103093,2.5112244897959184,3.431653477717617,2.508309037900874,10.557912597287228,1.794571E9])
(0.0,[0.2844444444444445,9.417373737373735,-0.7870707070707071,11.374057596371888,20.006429767058336,12.389073984745405,2.730617283950618,3.7009407203346605,2.4569329660238752,10.656004865014651,1.1500853333333333E9])
(0.0,[0.7560999999999998,9.234600000000002,-0.42300000000000004,10.147795747474747,19.09659276767677,14.478756565656566,2.6794320000000007,3.733324,2.5635799999999986,10.51183295848172,0.0])
(0.0,[0.5554,9.271600000000005,-0.19770000000000001,9.610386707070706,18.754696404040413,18.580236070707073,2.5866160000000002,3.6206719999999986,2.7279599999999986,10.540756792712092,1.159973E9])
(0.0,[0.33474747474747485,9.114444444444446,-0.4207070707070708,7.4025578437435575,16.493067800453506,11.998865821480102,2.293855729007245,3.38877665544332,2.283587389041933,10.115402616459848,0.0])
(0.0,[-0.5385858585858585,8.8430303030303,-0.30434343434343436,9.1719306328592,25.160074397031536,22.407828901257467,2.490488725640242,4.260857055402512,3.3017181920212217,10.51015154864473,1.6937105E9])
(0.0,[-0.11101010101010107,9.214242424242425,-0.3374747474747476,8.766041826427543,21.314208348794065,19.652917027417033,2.480453014998468,3.9354269972451785,2.997351290684625,10.589527563206513,0.0])
(0.0,[0.14494949494949505,9.414545454545454,-0.3465656565656566,9.438010966810966,22.487408719851572,17.366088084930954,2.590549943883278,3.941487603305785,2.868941944699521,10.770834455938358,1.1173706666666667E9])
(0.0,[0.7535353535353538,9.253838383838389,-0.7527272727272729,11.273633292104721,23.76459940218511,14.996732282003709,2.870986634016936,4.165556575859604,2.6770798898071626,10.713734323841244,5.749665E8])
(0.0,[0.5629,9.131099999999998,-0.22160000000000005,9.277390494949493,23.93991291919192,20.66584791919192,2.5252480000000004,4.101212000000002,3.1274159999999998,10.631310690564824,4.570374E9])
(0.0,[0.8190000000000001,9.292800000000002,-0.35679999999999973,11.22591818181818,21.664882989899006,18.91497551515152,2.70244,3.9828879999999987,2.8714480000000004,10.742871026217506,0.0])
(0.0,[0.38268041237113404,9.100206185567004,-0.10381443298969074,10.508228157216493,22.983529123711346,22.695000923539524,2.6077819109363376,4.0397789350621744,3.108094377723455,10.642866265055599,2.2449645E9])
(0.0,[0.8077,9.361900000000004,-0.453,11.60556536363636,22.509352919191922,20.572350505050505,2.829762,4.041671999999999,3.0080599999999995,10.845557658351686,1.0966286666666667E9])
(0.0,[0.6984848484848486,8.994747474747475,-0.30929292929292923,10.489431354359924,24.717096619253763,23.191129086786244,2.740336700336699,4.273704724007756,3.2814488317518635,10.66872694962626,1.36674E9])
(0.0,[1.1178000000000006,9.126099999999996,-0.3343,11.803041575757577,23.258361404040397,16.873220717171726,2.7971799999999996,4.129255999999997,2.876439999999999,10.611206768252735,8.32512E8])
(0.0,[1.0716326530612246,9.23765306122449,-0.2625510204081633,10.842110709025878,22.061721239217327,22.73256146644224,2.6511536859641818,3.9801499375260327,3.164579341940859,10.816334997423887,1.5033266666666667E9])
(0.0,[1.2518367346938777,9.187244897959182,-0.46928571428571425,9.808687313275826,19.176859341468553,15.465736597938148,2.616401499375261,3.580566430653896,2.6850728862973767,10.544516747438907,0.0])
(0.0,[1.759489795918367,9.284999999999998,0.02183673469387751,9.18106468546181,17.259264432989685,19.23313267410056,2.3658059142024146,3.3921428571428565,2.8969429404414835,10.608634076840577,0.0])
(0.0,[1.8932000000000007,9.2047,-0.19369999999999996,11.481088646464645,17.709837282828293,19.355718494949496,2.812399999999999,3.430336,2.8039080000000016,10.801118788220267,1.169738E9])
(0.0,[2.5892999999999993,8.970099999999995,-0.20270000000000002,12.201275262626261,19.984112111111116,16.882385565656566,2.7056859999999996,3.666286000000001,2.6603600000000007,10.601031304737369,1.759979E9])
(0.0,[6.900600000000002,5.990800000000001,-0.2719999999999999,18.934114787878787,11.487035717171722,15.276599999999995,3.6165879999999992,2.6940799999999996,2.331600000000001,10.44696872174663,0.0])
(0.0,[7.710399999999998,5.118899999999999,-0.1668,23.308646303030304,11.49796746464647,19.854674505050497,3.9269760000000007,2.6302139999999996,2.797488,10.80502048636207,1.125061E9])
(0.0,[7.638484848484847,4.984646464646466,-0.451919191919192,19.513682374768088,11.13585982271697,18.401795258709537,3.5773492500765234,2.5571615141312116,2.7285052545658606,10.623142567241873,1.139984E9])
(0.0,[8.253333333333336,4.651010101010103,-0.33252525252525267,23.06204897959183,13.783947948876524,16.707319068233346,3.9059259259259274,3.0004958677685947,2.7314845423936336,11.060678515754839,1.119904E9])
(0.0,[7.832828282828282,5.158989898989897,-0.32747474747474736,23.18279396000824,12.866323459080599,19.39613539476397,3.9729048056320777,2.806534027140088,2.7283134374043456,10.888935862001347,0.0])
(0.0,[7.648265306122447,5.189489795918366,0.021326530612244852,30.682251598990092,13.541120355564908,24.023246675783724,4.684014993752604,2.9237338608912955,3.428304872969595,11.194048091949766,1.3350065E9])
(0.0,[7.975353535353532,4.703737373737377,0.09181818181818176,25.42975982271696,11.63189915481344,19.518394619666047,4.143993470054076,2.647689011325375,2.912415059687785,10.85816406752518,0.0])
(0.0,[7.907676767676769,4.8663636363636344,-0.17535353535353537,23.51677924139353,11.606307050092763,19.75147410843125,3.9086889092949697,2.789752066115701,2.995206611570248,10.837643260543674,0.0])
(0.0,[7.849387755102038,4.4930612244897965,-0.009081632653061193,23.242409930570158,9.305303934357246,19.774563065432357,3.826184922948773,2.525068721366098,2.826690962099126,10.57441204606787,0.0])
(0.0,[5.578383838383841,7.168181818181818,0.2498989898989899,27.691789198103496,16.43907829313544,16.154688765203044,4.13011733496582,3.2763085399449037,2.7394612794612785,10.716906013127662,3.410004E9])
(0.0,[4.482626262626264,8.139696969696972,0.582222222222222,21.56537262420119,17.365758070500924,19.415235827664397,3.5433221099887766,3.294239363330273,2.986083052749719,10.85857370213013,1.090179E9])
(0.0,[4.606565656565656,7.92242424242424,0.3467676767676768,22.119002370645223,20.393794063079778,18.043573118944543,3.7120171411080514,3.6736577900214256,2.9078706254463826,10.792081617783833,2.25E9])
(0.0,[4.8615999999999975,8.075200000000002,0.5703,22.287340848484842,20.013794909090915,15.855823141414144,3.642464,3.5432000000000015,2.867371999999999,10.961981857640215,1.1264136666666667E9])
(0.0,[5.612577319587631,7.847216494845365,0.5706185567010313,22.84804432989692,16.49741404639175,18.794860030068726,3.5942565628653425,3.234277819109364,2.888987139972366,11.13578880763006,2.299988E9])
(0.0,[5.098585858585859,7.6719191919191925,0.10747474747474736,23.526783694083697,17.04274219748505,15.365463966192541,3.779610243852669,3.3935700438730727,2.7132517090092856,10.73972034587652,0.0])
(0.0,[5.109292929292928,7.508585858585858,0.044343434343434386,18.933502556173988,15.037987775716353,12.28033502370645,3.346197326803388,3.1554269972451783,2.4720722375267825,10.353233395438254,0.0])
(0.0,[5.390303030303032,7.568383838383838,0.27979797979797993,18.054564192949915,13.216721851164703,13.69322240775098,3.134025099479645,2.7624793388429754,2.5124905621875318,10.474149773908868,0.0])
(0.0,[5.118469387755102,7.360408163265305,0.30030612244897964,16.746103818640865,13.53330086261309,13.843099905322951,3.232738442315702,2.8733069554352344,2.3632444814660576,10.264388424081693,0.0])
(0.0,[5.60949494949495,7.816161616161618,0.16858585858585884,21.7585599464028,15.766817769532055,14.0613000206143,3.638308335884094,3.305183144577084,2.379671462095705,10.995745984403928,0.0])
(0.0,[5.102000000000002,7.8682,0.3256000000000001,24.821282828282843,20.407416929292925,16.40803701010101,3.7879599999999995,3.6288199999999997,2.860608000000001,10.937276528517135,3.41867E9])
(0.0,[4.844747474747475,8.132323232323234,0.5464646464646465,22.445476211090494,18.944105772005774,19.79989043496187,3.647315580042852,3.506325885113764,3.2135394347515542,11.127599264817874,2.317444E9])
(0.0,[5.031313131313129,7.875151515151509,0.3444444444444446,23.589025809111522,18.233355844155845,18.962786167800463,3.878524640342823,3.4132966023875118,3.093445566778898,11.0290249595004,0.0])
(0.0,[5.085757575757575,7.984242424242425,0.07838383838383847,23.218010389610395,18.07329202226344,17.898670830756537,3.8566391184572986,3.505583103764922,2.9108723599632698,11.110713796158626,5.686848333333334E8])
(0.0,[5.15888888888889,7.948080808080804,0.3992929292929293,22.744616099773246,19.02447485054628,20.83634541331685,3.9125476992143677,3.517790021426385,2.979677583920009,11.136840744741566,6.5231325E8])
(0.0,[6.007319587628864,7.138453608247423,0.2541237113402063,22.76517399054983,18.39090070876289,16.47683490120275,3.7923987671378465,3.3112041662238276,2.8150706770113723,10.998761139390462,2.999725E9])
(0.0,[6.173232323232324,6.98,0.274949494949495,21.772930261801697,18.911681632653067,16.640431374974234,3.685023977145188,3.344444444444444,2.825491276400368,10.853995352013106,6.084341666666666E8])
(0.0,[6.323636363636365,7.065555555555554,0.25222222222222207,24.173513172541746,17.413504535147393,19.0091052154195,3.8075849403122133,3.3226487093153745,2.9800897867564533,11.087460014238216,2.2400205E9])
(0.0,[6.588989898989899,7.00010101010101,-0.131010101010101,22.5951459080602,18.60189692846836,13.063829581529586,3.760616263646565,3.422742577288032,2.624068972553821,10.922815962157651,3.400055E9])
(0.0,[6.636767676767677,6.4008080808080825,-0.05757575757575758,20.45388128220986,14.685889136260567,11.309475695732832,3.5103418018569537,2.9922273237424752,2.248393021120295,10.481894480390743,3.480072E9])
(0.0,[7.16438775510204,6.494387755102044,0.08979591836734692,23.095259930570155,14.385163023353671,20.1086288239007,3.9986339025406084,2.928433985839235,3.057917534360683,11.145828202479642,0.0])
(0.0,[7.2888,6.1052,-0.09220000000000003,23.252798545454556,16.584304,15.94291228282829,3.773,3.159023999999999,2.69056,11.070442638008066,9.888816666666666E8])
(0.0,[6.620309278350517,6.03855670103093,-0.075979381443299,23.495000945017186,15.291960395189006,19.41450345790378,3.9843851631416727,3.194445743437136,2.942253161866299,10.693251856971669,0.0])
(0.0,[7.284444444444444,5.918282828282828,0.006969696969696897,21.947698412698415,12.976000082457224,16.2217172541744,3.7971941638608304,2.7882216100397916,2.7148699112335475,10.859016336088347,0.0])
(0.0,[7.1460204081632615,5.925204081632653,0.14244897959183675,22.565758226383345,13.514146865137809,18.445226930359762,3.6388359017076226,2.856045397750936,2.768042482299043,10.827423017220216,1.140076E9])
(0.0,[7.281599999999999,6.045299999999996,0.14379999999999993,24.0188661010101,17.194522131313132,18.027714707070704,3.827672000000001,3.3105479999999994,2.799712,11.025146295079029,0.0])
(0.0,[6.925252525252525,5.8142424242424235,-0.6356565656565657,20.850704782519067,10.287371614100184,10.129261554318697,3.624795429037853,2.6209917355371912,2.074759718396082,10.242620472675215,0.0])
(0.0,[5.477070707070707,7.001515151515152,0.13070707070707072,17.009727045969903,15.63046196660482,17.44835153576582,3.3179573512906844,3.195824915824915,2.675675951433526,10.377614198332461,0.0])
(0.0,[7.115757575757578,6.116565656565654,-0.16767676767676779,26.939992022263457,18.45800645227789,19.82186291486292,4.174643403734313,3.513829201101927,2.991582491582491,11.148428846992505,1.8352965E9])
(0.0,[7.284646464646467,6.248686868686868,-0.2529292929292928,25.617986353329208,17.831207441764587,15.823784188827048,4.065140291806959,3.402607897153351,2.7527538006325885,11.259315030474765,1.110031E9])
(0.0,[6.519700000000003,6.134800000000004,0.12089999999999991,23.859479707070715,15.503895919191919,21.201386050505047,3.842888,3.0785839999999998,3.0918060000000005,10.723959398621774,1.120789E9])
(0.0,[6.774800000000002,6.050999999999999,-0.18850000000000008,23.101768646464645,12.296077777777777,13.90922702020202,3.9624159999999997,2.7394599999999993,2.5494599999999994,10.548698957376404,0.0])
(0.0,[7.0692,6.2713,0.18590000000000004,19.2878943030303,9.671096272727272,15.69145069696969,3.4313280000000006,2.405403999999999,2.5519620000000005,10.678888891132079,1.59363E8])
(0.0,[7.146900000000002,5.876899999999997,-0.2275,20.205433727272727,8.62075291919192,13.630772474747479,3.653823999999999,2.3568659999999997,2.383900000000001,10.510220170619835,0.0])
(0.0,[7.157272727272728,5.7974747474747454,-0.36777777777777776,24.167156771799633,11.151676211090495,10.795035827664396,3.7410101010101013,2.6166880930517293,2.2015937149270495,10.537633374149262,1.160126E9])
(0.0,[5.851515151515151,7.44878787878788,0.8542424242424241,19.70781298701299,14.475474025974018,18.52718181818182,3.5806427915518815,3.1211509029690845,2.9517539026629938,10.896548350571827,1.171875E9])
(3.0,[-0.9175257731958765,-1.72319587628866,9.47536082474227,0.0011625644329896915,0.001038638316151204,4.7929553264606156E-4,0.028319693910086065,0.022603889892655934,0.01635880539908592,9.674497418410857,5.083434375000001E7])
(3.0,[-1.3197000000000003,-1.4805000000000004,9.496499999999994,0.02837869696969697,0.016085606060606047,0.0028512626262625126,0.11316599999999989,0.07442999999999995,0.034609999999996324,9.70363106585125,5.050970408163266E7])
(3.0,[-1.0957575757575762,-1.4611111111111104,9.524646464646462,0.04287161410018549,0.010293650793650825,0.0025639043496186154,0.16229568411386588,0.07860830527497191,0.03410060197939014,9.700848220725929,4.9930806122449E7])
(0.0,[2.202828282828283,9.440909090909095,1.4585858585858584,9.076320490620489,10.96023896103896,14.60764900020614,2.3088297112539538,2.7255647382920123,2.6870278543005814,10.754524693127305,1.00006E8])
(0.0,[0.8045454545454545,9.677777777777775,-1.5319191919191915,7.078678107606681,14.079029705215417,8.781262605648319,1.9803673094582188,3.01712682379349,2.0075482093663912,10.637779513994596,0.0])
(0.0,[0.6571134020618555,10.057113402061853,-0.028350515463917206,5.273018664089343,15.671389497422675,18.097368084192436,1.7393240514401103,3.344799659900095,3.0146583058773513,11.100708541529716,1.259979E9])
(0.0,[-0.569090909090909,9.873737373737372,-0.9549494949494953,6.299002226345085,11.547535889507312,14.145221170892599,1.9077869605142328,2.704507703295583,2.725909601061117,10.801949958412727,2.149994E9])
(0.0,[-0.21510204081632656,10.01448979591837,-0.3916326530612243,3.0770850410267205,15.208177572059748,8.33136019356196,1.3541857559350272,3.4602748854643908,2.030474802165765,10.516416148481404,1.4500125E9])
(0.0,[-0.12739999999999999,9.854899999999999,-0.10770000000000007,7.60597094949495,17.751752515151516,7.052238090909092,2.041844,3.4879,1.809314000000001,10.51020702769061,9.60022E8])
(0.0,[-0.7607070707070706,10.039797979797978,0.6565656565656567,3.866853576582147,16.330210162853028,5.470269717584006,1.5596020814202634,3.3775573921028466,1.5963167023773082,10.474560609784868,9.99695E8])
(0.0,[-0.826494845360825,9.93340206185567,0.41103092783505146,2.811662585910653,16.81047268041237,7.513338509450173,1.2748708683175678,3.410855563821871,1.796633010946966,10.39394634223299,7.350005E8])
(0.0,[-0.48777777777777764,10.099393939393938,0.30747474747474784,5.033848072562357,18.471730241187384,6.066602741702745,1.8074298540965206,3.6779124579124565,1.6502234465870829,10.580001825891005,8.166758333333334E8])
(0.0,[0.0438383838383839,9.968484848484847,0.5481818181818184,6.595160626674909,22.35904155844155,8.27987012987013,2.06176512600755,3.8815304560759105,1.9310927456382003,10.64705133246187,6.449991666666666E8])
(0.0,[0.4798979591836734,9.879897959183673,0.6693877551020408,5.4389247317483695,20.029541226593732,9.720444982116561,1.7913411078717194,3.8129612661391077,2.0727072053311115,10.52400545409306,1.0E9])
(0.0,[0.49139999999999995,9.783299999999997,1.4095,3.9752869090909093,17.806711222222226,8.892402777777777,1.5741480000000003,3.5239020000000005,2.1922299999999995,10.379527466894368,1.4899903333333333E9])
(0.0,[0.13979797979797984,10.073434343434343,0.4159595959595961,8.09164485673057,23.12319012574726,6.857140651412082,2.3172104887256415,4.023267013570046,1.7965983062952755,10.791287108740445,6.73999E8])
(0.0,[0.44102040816326543,9.84530612244898,1.0429591836734693,4.45912678308437,19.329171554807484,10.777851977698294,1.6206705539358603,3.6812119950020827,2.2309475218658905,10.461472782897284,1.0E9])
(0.0,[1.0313131313131314,9.990909090909092,1.8699999999999994,5.203446217274788,16.114453246753246,15.635175510204089,1.810768288950107,3.4871625344352606,3.056363636363636,10.937160667272687,1.0E9])
(0.0,[0.14604166666666663,9.832083333333332,0.6403125000000002,3.3139399561403495,18.490604035087713,7.116038848684212,1.4669184027777773,3.774166666666667,2.026171875,10.303101277058738,1.10001375E9])
(0.0,[-0.5309090909090909,10.077373737373742,0.7328282828282828,2.832089981447126,18.317025685425698,11.30852049062049,1.2886868686868689,3.8495214774002653,2.6500683603713906,10.720008389168195,4.389984E9])
(0.0,[0.11103092783505154,9.993505154639177,1.1087628865979382,4.15500517611684,22.410991752577317,11.85308595360825,1.5403804867679882,3.972056541609096,2.5783653948347323,10.727429478525751,7.266641666666666E8])
(0.0,[-0.26636363636363625,9.948181818181812,0.7444444444444444,3.6909192949907244,18.97459870129871,12.120194331065758,1.455592286501377,3.7945270890725435,2.794253647586981,10.67040051394562,6.99997E8])
(0.0,[0.20814432989690715,9.770721649484537,1.2747422680412368,3.672577770618556,22.168627598797258,10.514339776632303,1.4575300244446812,4.014719948985014,2.4274184291635663,10.430131258481186,6.02501E8])
(0.0,[0.44151515151515147,9.78292929292929,1.6286868686868685,3.6041782931354347,17.40683316841889,12.203323768295197,1.3785185185185183,3.6266789103152743,2.4886848280787675,10.454363133412242,1.960007E9])
(0.0,[0.5537755102040816,9.789081632653062,1.9021428571428574,4.641318588260044,18.6338909004839,12.082390206185567,1.5889004581424409,3.703794252394836,2.605918367346939,10.52359871745271,1.949997E9])
(0.0,[0.3232323232323231,9.935050505050508,1.384343434343434,4.001634343434342,18.239682395382395,11.354318697175845,1.5073053770023468,3.638228752168147,2.4786511580450967,10.612794409796134,9.60007E8])
(0.0,[0.38520408163265296,9.79234693877551,1.5220408163265304,3.3199015043130657,14.457574847464755,9.0553050704818,1.3230237401082878,3.2185651811745095,2.1675177009579345,10.321757121695581,8.75E8])
(0.0,[0.2628999999999999,9.9184,1.6372000000000007,3.3521258484848495,12.602429737373745,8.911596121212124,1.2874419999999993,3.0421040000000006,2.208608,10.47644633701454,0.0])
(0.0,[-0.04535353535353536,10.072929292929288,1.7777777777777777,2.460631251288395,10.742380107194393,9.571731746031743,1.0610060197938977,2.8178838893990408,2.183232323232324,10.610745242957263,1.610001E9])
(0.0,[0.07959183673469385,9.95673469387755,1.5751020408163259,2.2781049863244274,13.761947990742689,11.120845865768988,1.1740982923781762,3.1529279466888793,2.2760391503540203,10.530448279379177,2.049957E9])
(0.0,[-0.14876288659793813,9.661443298969068,0.1902061855670103,3.43470053694158,19.588924978522336,10.51603537371134,1.4399107237751094,3.6941821660112666,2.147652247847805,10.298729619849185,8.433326666666666E8])
(0.0,[-0.24232323232323238,9.994848484848486,1.177878787878788,3.976275159760875,15.288564007421146,9.269937291280145,1.5206223854708707,3.3289439853076215,2.1991000918273653,10.571809520983294,1.009979E9])
(0.0,[-0.17418367346938762,10.027959183673467,1.0318367346938773,2.379063759730697,15.974700946770456,8.172592467915003,1.1324843815077057,3.3664056643065376,2.0087421907538525,10.474681727782293,1.474991E9])
(0.0,[-0.22656565656565664,9.900909090909092,1.5411111111111115,4.383026860441147,16.186875695732834,18.043952834467117,1.5927558412406897,3.500752984389347,3.243187429854096,10.878990828134656,1.000488E9])
(0.0,[-0.6433673469387754,9.790714285714287,1.6033673469387755,4.809847306964025,16.414501546391755,15.792744214180507,1.7197646813827572,3.635845481049562,2.67698042482299,10.66481626484198,6.61667E8])
(0.0,[-0.7556122448979591,9.682551020408166,1.5171428571428571,2.299579518199032,21.140984146854617,12.123468041237116,1.1657663473552684,4.034695960016658,2.554518950437317,10.328583840634991,4.00024E8])
(0.0,[-1.015858585858586,9.863939393939393,1.4030303030303022,3.686940836940837,18.969356771799628,12.483229499072356,1.467568615447404,3.736584022038567,2.659326599326599,10.609856150746179,7.416686666666666E8])
(0.0,[-1.2792708333333334,10.105104166666669,1.6719791666666666,1.817084725877193,21.724309462719294,11.40783288377193,1.0473350694444443,3.9565581597222215,2.4806032986111117,10.794692986530235,1.65004E9])
(0.0,[-1.0024489795918368,9.602142857142857,1.672551020408163,4.200387755102042,23.37739845360825,13.602206827266993,1.619071220324865,4.164387755102044,2.5319471053727622,10.403815708782313,1.107498E9])
(0.0,[-0.7044444444444444,9.764242424242427,1.811818181818182,3.0793473922902495,18.47277569573284,14.041257884972165,1.3658810325476993,3.8060422405876944,2.7192102846648307,10.517889519116041,5.02498625E8])
(0.0,[-1.2260606060606063,9.917676767676761,1.3390909090909087,2.650483302411874,19.4016465883323,10.521481818181817,1.2241812059993875,3.725485154576063,2.4996510560146916,10.602559639232306,6.533305E8])
