(0.0,[-2.0431313131313136,10.470505050505054,-0.30646464646464655,17.710056421356416,21.063855864770147,25.773163904349616,3.3309784715845314,3.6406203448627683,4.021718192021222,12.696287520928442,7.266743333333334E8])
(0.0,[-2.057395833333333,9.913437500000006,-0.40802083333333317,20.866120515350875,24.349696480263145,27.85484762061403,3.557766927083334,4.034876302083332,4.061599392361112,12.483082784363226,2.149994E9])
(0.0,[-2.0223232323232323,10.23191919191919,-0.0590909090909091,20.586783323026182,23.632195258709555,29.43374916512058,3.4498969492908897,3.88801550862157,4.218530762167124,12.647900823500716,1.070007E9])
(0.0,[-1.839191919191919,10.273737373737374,-0.18353535353535344,19.268242197485055,24.755572624201193,26.606539414553694,3.3174471992653802,3.9143332313029293,3.797449239873483,12.54093081796244,1.050018E9])
(0.0,[-2.1415151515151516,10.180707070707067,-0.29767676767676765,22.845202782931366,25.176131127602563,27.889669037311897,3.6567799204162843,3.9868339965309674,4.016041220283646,12.734529325779562,1.1700133333333333E9])
(0.0,[-2.195833333333333,10.342499999999998,-0.319791666666667,19.991443508771937,21.379317894736843,27.87911153508773,3.5121006944444457,3.681145833333333,4.1173350694444455,12.700020627115133,9.65004E8])
(0.0,[-2.2210204081632656,9.891530612244894,-0.12244897959183679,22.380215442878182,27.71275948874396,32.161412497370094,3.728221574344023,4.243698458975427,4.465422740524781,12.777260270212908,5.89986E8])
(0.0,[-2.1599999999999997,10.226530612244906,-0.30071428571428555,24.388993814432993,24.705272375341895,29.003338659793815,3.629795918367347,4.035801749271137,4.247725947521865,12.813940184279216,1.0549775E9])
(0.0,[-2.151122448979592,10.407346938775513,-0.2468367346938774,23.801975015779504,22.6949434041658,31.817873395750066,3.771438983756768,3.7614535610162436,4.419189920866306,13.025900705271631,0.0])
(0.0,[-2.3121649484536078,10.115154639175257,-0.01061855670103095,17.562704639175262,20.82909190292097,33.247182946735386,3.3834073759166756,3.6666255712615587,4.68562652779254,12.67727970829122,1.5899965E9])
(0.0,[-2.049591836734695,10.308469387755101,-0.06561224489795905,20.226193646118237,21.97281722070271,28.562670239848515,3.540041649312786,3.660964181591002,4.1031674302373995,12.670953363502777,1.0849915E9])
(0.0,[-2.123535353535353,10.097272727272731,-0.013131313131313122,20.754300639043493,21.8529771799629,26.197527849927837,3.507372717069687,3.7718824609733685,3.8581736557494146,12.34506980775101,2.1650085E9])
(0.0,[-2.31141414141414,10.031818181818185,-0.2085858585858587,19.693538796124514,23.784982374768088,26.388042877757155,3.51655341291705,3.9714416896235076,3.887282930313233,12.430644876232702,2.169983E9])
(0.0,[-2.31360824742268,10.066907216494844,0.023505154639175255,16.479896219931266,24.58343616838489,30.210675085910662,3.4127579976618136,3.948980763099159,4.234316080348601,12.578445416635775,6.071428571428572E8])
(0.0,[-2.296666666666666,10.159898989898995,-0.26797979797979793,22.866185714285706,26.901562234590806,28.567540775097907,3.6783838383838385,4.227603305785119,4.271298847056424,12.83330127388603,9.140076E8])
(0.0,[-2.047083333333333,10.24083333333333,0.07239583333333334,23.104749298245597,29.736129824561402,30.278525778508783,3.6648003472222217,4.382170138888891,4.465028211805554,12.96289291477419,7.73999E8])
(0.0,[-2.1089795918367344,10.209489795918364,-0.35,23.939242247001896,24.671780149379348,22.74198762886597,3.660553935860058,3.9059204498125775,3.691224489795918,12.580217064512738,1.1900023333333333E9])
(0.0,[-2.0408163265306114,9.986530612244895,-0.13591836734693868,21.96087149168945,25.648787839259413,25.694075952030303,3.5062265722615584,4.02103706788838,3.978633902540609,12.441413713241447,8.539978E8])
(0.0,[-2.253838383838385,10.323838383838382,-0.04929292929292933,20.385678994021852,26.43717899402185,28.252441331684196,3.6095194367921644,4.149566370778491,4.313208856239158,12.901925500312279,7.8250125E8])
(0.0,[-2.110204081632653,10.024795918367346,-0.022142857142857117,20.65692160740584,25.483404597096563,25.938575773195875,3.4436484798000824,4.046478550603915,3.9196064139941678,12.452479733571334,1.060043E9])
(0.0,[-2.206494845360824,9.922268041237112,-0.15432989690721644,24.11028758591066,28.07614271907217,26.41301230670103,3.740748219789563,4.337587416303541,3.8088978637474753,12.515784053453197,2.1399995E9])
(0.0,[-2.08469387755102,10.435204081632651,-0.11704081632653054,19.362287018725006,22.66814892699348,22.737765379760162,3.55655560183257,3.7797667638483965,3.6474552269887544,12.612800900478394,5.67143E8])
(0.0,[-2.10090909090909,10.209292929292927,-0.22242424242424239,21.33157773654918,23.715125005153567,24.77453487940632,3.6347474747474755,3.916975818794,3.7673278236914607,12.585615067396336,2.139984E9])
(0.0,[-2.134795918367347,10.172653061224493,0.08071428571428568,19.066414906374924,24.226815569114247,28.8990293814433,3.4829758433985836,4.025077051228653,4.3280320699708446,12.654178158731368,1.7599945E9])
(0.0,[-2.0560204081632647,10.160102040816332,-0.25663265306122446,19.748147917104987,22.29613504102672,22.62813184304649,3.5439358600583097,3.6951853394418976,3.5847396917950864,12.346766172617944,7.9998775E8])
(0.0,[-1.9543877551020417,10.29785714285714,-0.04142857142857144,19.306527971807277,22.63370979381443,22.5742206185567,3.461286963765098,3.651851311953353,3.650174927113702,12.467555187745072,9.000015E8])
(0.0,[-2.0337373737373743,9.944040404040402,-0.10858585858585862,21.308684869099153,29.54784269222841,25.220959204287784,3.609180695847363,4.40164881134578,3.91129476584022,12.444986136430943,1.5849915E9])
(0.0,[-2.0392631578947378,10.07505263157895,0.15915789473684214,18.661994132138854,24.91904653975364,27.15443545352744,3.2948808864265944,4.1134116343490295,4.1251634349030475,12.383159713495209,7.659974E8])
(0.0,[-2.053838383838384,10.204040404040404,-0.18202020202020197,17.53074838177695,19.967752896310046,24.50123261183262,3.41331088664422,3.4898153249668393,3.856135088256299,12.30562955402363,0.0])
(0.0,[-2.0309278350515467,10.350927835051545,0.03587628865979371,17.331406421821303,21.876300171821313,24.61099115120274,3.4031671803592305,3.766500159421829,3.879713040705706,12.532916860553728,0.0])
(0.0,[-2.0342424242424246,10.071515151515156,-0.14050505050505044,18.56485936920223,20.660029313543603,26.084723211708923,3.3353412917049283,3.7017814508723594,3.8945699418426676,12.24633957069784,1.0750425E9])
(0.0,[-2.1833684210526316,10.279052631578947,-0.20084210526315818,19.033592788353857,20.7925341993281,24.143420559910414,3.244452077562326,3.6932675900277006,3.9023933518005545,12.402182629594659,0.0])
(0.0,[-2.1378787878787877,10.166868686868689,-0.11676767676767694,18.38735565862708,18.912478870336013,24.817052710781265,3.4568595041322316,3.549919395980002,4.045064789307216,12.40446611287906,8.400166666666666E8])
(0.0,[-1.8049999999999997,9.998387096774195,-0.1864516129032258,23.576458196721312,25.405639978847173,24.964760973030145,3.7230645161290323,4.040260145681582,3.6744640998959426,12.24498373697191,1.099991E9])
(1.0,[-2.6798989898989904,8.444444444444448,-1.5134343434343438,22.413419377447948,55.64182902494331,10.721465635951342,4.018281807978778,6.647856341189675,2.4590368329762273,11.350986933314255,3.723050769230769E8])
(1.0,[-4.576262626262627,6.2426262626262625,-3.3963636363636347,31.71826037930323,43.67909303236446,26.267149907235623,4.5786756453423125,5.631360065299457,4.0685399449035815,11.12137349570806,8.274995E8])
(1.0,[0.13726315789473664,8.913789473684211,0.08873684210526339,19.882130727883542,57.690089742441195,9.794655834266516,3.5692343490304705,6.651510249307481,2.359461495844876,11.475021176641558,3.4214785714285713E8])
(1.0,[0.9396938775510205,7.975918367346939,0.941020408163265,22.787015369240486,63.059591415947835,5.466685545970969,3.511518117451063,6.946530612244897,1.9299791753436069,10.930910303405255,3.683319166666667E8])
(1.0,[0.5877777777777776,8.42111111111111,1.1282828282828288,21.71086439909297,61.50071201814057,5.995438857967433,3.454971941638608,6.939393939393941,1.983044587287011,11.087676120564923,5.549965E8])
(1.0,[0.5736999999999998,8.7813,0.9578000000000001,22.743516474747484,54.62199930303029,9.250049656565654,3.6847300000000005,6.449674000000002,2.359464,11.325559902426773,4.0454372727272725E8])
(1.0,[-2.1154081632653066,8.143571428571427,0.36867346938775514,18.607369419314118,48.77189742268042,11.646716778876499,3.634294044148272,6.218556851311953,2.471257809246148,10.55224106358773,9.175035E8])
(1.0,[-3.87131313131313,7.952525252525254,1.2140404040404038,32.253366625438055,48.06870070088641,8.004571263656974,4.818375675951433,6.025785123966942,2.285938169574534,11.263111726702725,5.56247625E8])
(1.0,[-0.810808080808081,8.228787878787877,0.6024242424242428,16.48420954442383,50.39415565862709,10.95376957328386,3.3157983879196,6.243526170798896,2.4722069176614623,10.539440616530278,6.18337E8])
(1.0,[-3.395612244897959,8.204183673469394,0.6597959183673467,25.473210446034084,50.832669945297724,10.276379339364611,4.140191586838819,6.317296959600167,2.4214452311536867,11.068957644918964,4.844462222222222E8])
(1.0,[-3.894343434343434,7.663535353535352,1.099292929292929,35.13121257472685,46.30473533292104,7.489147454133167,5.198696051423324,5.882703805734108,2.221912049790839,11.256348243518367,9.733176666666667E8])
(1.0,[-4.181717171717173,7.556969696969698,-0.7153535353535354,32.81339396000824,45.17083766233764,13.642667985982275,5.089480665238241,5.857098255280075,2.792008978675646,11.133272165026163,8.720152E8])
(1.0,[-5.425567010309279,6.890824742268042,0.3018556701030928,40.11346868556702,45.43691181271476,31.971952770618554,5.147503454139654,5.687137846742481,4.01497077266447,11.913785133792272,5.685817142857143E8])
(1.0,[-1.1094949494949498,8.161212121212122,-2.391616161616162,22.585743619872193,51.992867903525045,14.83607491238919,3.419155188246098,6.462662993572084,2.735390266299357,10.848828397450538,5.599925E8])
(1.0,[-1.374343434343434,8.603535353535351,-2.0389898989898994,15.283171758400332,55.419180230880215,10.615488765203049,3.1286644219977555,6.6136006529945925,2.4779267421691666,11.106429376690532,3.400029285714286E8])
(1.0,[-3.1310309278350505,7.793505154639176,-2.3483505154639173,24.078557259450168,45.34970425257733,11.540638917525769,4.06195132320119,5.94231480497396,2.504076947603359,10.772225259025657,7.199961666666666E8])
(1.0,[-3.8005999999999998,7.7190999999999965,-1.9957999999999996,25.82360973737374,44.5834749393939,11.382301373737366,4.375012,5.705609999999998,2.3380439999999996,10.657502161194373,5.39997125E8])
(1.0,[-1.4624242424242424,8.300404040404038,-2.1326262626262618,17.313736920222638,53.72049779426925,10.45176037930323,3.3103703703703693,6.486872768084887,2.459706152433426,10.865630713050916,2.969243076923077E8])
(1.0,[-3.2769072164948447,7.553402061855674,-2.31422680412371,23.069615335051548,44.29115184707905,11.344597573024053,4.006168562015093,5.800212562440216,2.4786863641194583,10.538186597929046,4.900005E8])
(1.0,[-3.845858585858586,7.87838383838384,-1.9191919191919187,27.90301634714492,45.48070960626678,12.784576891362608,4.540901948780735,5.7657116620753,2.401106009590858,10.974311841616041,5.599975714285715E8])
(1.0,[-4.415959595959599,7.8464646464646455,-2.2072727272727275,27.279685549371262,45.0475843125129,9.420901669758809,4.565899398020611,5.899708193041526,2.288503213957759,11.09268603466467,7.199961666666666E8])
(1.0,[-4.278556701030926,8.00556701030928,-1.5611340206185567,30.440893728522337,44.428349935567006,12.296570575601374,4.69703900520778,5.830092464661494,2.4604846423636944,11.144205410999467,4.060089E8])
(1.0,[-4.867272727272728,7.654242424242427,-0.09717171717171699,35.34643636363637,40.8550185528757,23.78017151102866,5.093939393939392,5.423758800122437,3.4289480665238243,11.351303472865126,5.01258875E8])
(1.0,[-4.626060606060603,7.553131313131315,-1.517878787878788,29.073922077922084,36.34838703360132,11.78138014842301,4.55033363942455,5.107254361799816,2.4980899908172636,11.004899760129152,1.21749875E9])
(1.0,[-0.6931632653061227,8.725,-2.821632653061224,11.533720818430464,49.26267268041239,7.0647375131495895,2.578727613494377,6.357142857142856,2.140437317784258,10.462959471943769,4.0454654545454544E8])
(1.0,[-2.1915151515151514,8.935353535353537,-2.2025252525252523,17.16086808905381,44.07255574108431,9.006937435580296,3.36912764003673,5.90206713600653,2.346491174369963,11.045113507179018,4.929993E8])
(1.0,[-5.732828282828282,7.35919191919192,0.2242424242424242,36.791155184498045,38.489483013811586,24.20309406307977,5.239304152637485,5.2010733598612395,3.4678359351086616,11.47580202605674,5.22862E8])
(1.0,[-2.7347959183673463,7.9175510204081645,-2.38908163265306,22.779550988849138,42.33743517778246,7.04644347780349,3.694550187421908,5.640058309037899,2.145295710120784,10.551652924582713,3.7500375E8])
(1.0,[-0.6383838383838379,9.078282828282823,-2.851010101010101,12.110538177695323,47.36516130694706,7.183403050917338,2.623352719110294,6.195437200285688,2.1454259769411284,10.776773728454689,4.109080909090909E8])
(1.0,[-1.5973737373737373,8.808686868686868,-2.034242424242425,15.409172624201204,43.29449519686664,8.293855287569574,3.0999102132435468,5.861097847158454,2.2828405264768907,10.740854151447776,5.21247875E8])
(1.0,[-2.968775510204081,8.36775510204082,-2.0076530612244903,24.723039722280657,45.37706913528299,8.075873816536927,4.186097459391919,5.990974593919202,2.2024802165764266,10.804891319308735,5.43754625E8])
(1.0,[-2.96795918367347,8.459081632653065,-2.2226530612244897,23.556307132337473,48.15546822007153,6.694951651588472,4.2022032486463985,6.168635985006248,2.0960391503540188,11.129218658786748,4.91099E8])
(1.0,[-3.043500000000001,7.815199999999998,-2.4049000000000014,17.619734090909084,50.509752484848484,9.357687868686872,3.742899999999999,6.267016,2.248276,10.553219729521084,3.933283333333334E8])
(1.0,[-3.803535353535353,7.763030303030303,-1.7401010101010101,28.896625128839418,44.73372541743971,7.992821418264274,4.5905703499642865,5.864677073767982,2.1344617896133045,10.716135477413236,5.1857642857142854E8])
(1.0,[-1.08979797979798,8.80575757575758,-3.0764646464646463,12.73398363224077,52.737436920222656,7.469400639043495,2.855165799408225,6.477012549739824,2.2130762167125813,11.15918386019989,3.9420825000000006E8])
(1.0,[-2.8408163265306126,7.917755102040815,-2.7527551020408167,21.677935409215227,50.09391449610772,9.747640784767514,3.970220741357767,6.2219491878384,2.4663077884214917,10.787213027524432,5.06663E8])
(1.0,[-2.298888888888887,8.000505050505051,-3.001414141414141,15.456697732426308,48.81348443619872,9.532224510410225,3.2446464646464652,6.178075706560555,2.5601550862156914,10.590417595119536,6.328561428571428E8])
(1.0,[-2.0254,7.4730000000000025,-2.9999999999999982,19.569109939393936,50.610605050505065,11.648012121212114,3.5197240000000027,6.079639999999999,2.6757999999999997,10.498576609447543,4.0545654545454544E8])
(1.0,[-2.1886868686868683,7.861414141414138,-3.0439393939393935,16.574905400948268,52.217310224695936,11.24912615955473,3.398955208652178,6.316175900418324,2.7555555555555538,10.828009703471885,5.210775555555556E8])
(1.0,[-1.7430303030303036,7.921212121212126,-3.3549494949494942,13.760939703153987,49.56303320964751,10.21973341579055,2.9880318334863785,6.266856443220079,2.63720844811754,10.46038380566839,5.244377777777778E8])
(1.0,[-1.7291999999999996,7.788800000000003,-3.331300000000001,12.972162989898997,53.60381066666669,9.323140717171722,2.983351999999999,6.472847999999997,2.455412,10.526317540547693,3.909108181818182E8])
(1.0,[-1.3064285714285715,8.137959183673464,-3.618265306122449,14.920693298969066,54.349890637492095,10.530235104144747,3.066967930029156,6.47481882548938,2.6730487296959597,10.989902242254868,4.320007E8])
(1.0,[-1.3768686868686866,7.802525252525252,-3.621717171717171,13.237454380540099,56.81949049680483,10.190732735518447,3.0605244362820123,6.655884093459853,2.6248750127538005,10.95238773243056,3.9833325E8])
(1.0,[-1.4651515151515155,7.816767676767677,-3.5494949494949504,15.727068089053805,54.45563434343437,11.130455864770155,3.1853076216712575,6.5322844607693105,2.7676910519334768,10.798980660760233,3.918651818181818E8])
(1.0,[-1.4917346938775504,8.041530612244895,-3.407142857142857,12.985303145381868,55.738905880496525,9.068791752577319,2.9828883798417327,6.5204164931278665,2.4577259475218662,10.905627476721275,3.9334875E8])
(1.0,[-1.5385714285714287,7.894387755102041,-3.5114285714285716,13.846523711340206,55.32876714706503,10.8347793814433,3.089504373177844,6.54508954602249,2.714781341107871,10.981974769048911,3.3001427272727275E8])
(1.0,[-1.4288888888888895,7.807676767676769,-3.4926262626262625,14.489567120181409,54.29410781282212,9.431466501752217,3.1308866442199776,6.392043669013365,2.562120191817162,10.72678327463797,3.569265384615385E8])
(1.0,[-1.27734693877551,7.597755102040816,-3.6796938775510206,15.257605259835888,52.62670624868503,12.476213307384805,3.0906538942107464,6.340974593919199,2.873700541441068,10.577894927467108,4.340026E8])
(1.0,[-1.131224489795918,8.13224489795918,-3.9186734693877545,10.666423227435304,54.01257635177784,13.945852861350732,2.6677051228654736,6.47156601416077,3.1378862973760935,10.914466257381026,4.480042E8])
(1.0,[-1.3972727272727272,7.731717171717172,-3.537070707070706,13.056632282003715,56.321898041640885,10.371145413316839,3.032213039485768,6.605168860320375,2.638326701357005,10.878964848537446,3.9818227272727275E8])
(1.0,[-1.2695918367346943,7.570510204081632,-3.5035714285714286,15.169760656427519,52.31966056175046,11.09490979381443,3.124294044148271,6.230499791753433,2.628119533527697,10.574155970036212,3.920044E8])
(1.0,[-1.3345454545454538,7.903535353535354,-3.7867676767676755,12.58468218923933,53.11005982271697,13.668138425067,2.8547842056932975,6.361954902560963,3.115618814406694,10.732927813529566,4.430603E8])
(1.0,[-0.238888888888889,7.441414141414139,-4.456868686868685,10.797701814058952,50.2155775716347,18.14901968666255,2.389427609427609,6.243158861340677,3.5244240383634313,10.53452564815609,5.51254375E8])
(1.0,[-1.6079591836734692,8.371326530612247,-2.586530612244899,18.433612286976647,46.209164201556916,11.171540416579,3.404323198667222,6.020945439400246,2.4911995002082468,10.688121138190649,5.885664285714285E8])
(1.0,[-2.4678787878787873,8.012323232323231,-2.625151515151515,25.117074025974016,51.70329964955679,9.33413543599258,4.14944597490052,6.3981042750739725,2.2857483930211204,10.89574928563486,4.440003E8])
(1.0,[-2.2686868686868684,7.8873737373737365,-2.8170707070707075,23.15209927849928,55.55947262420122,10.655006637806636,4.029503111927354,6.56598102234466,2.508166513621059,11.097841554130449,4.566684444444444E8])
(1.0,[-2.136734693877551,7.826428571428575,-2.835714285714286,20.55607170208289,53.07920257731962,10.73104948453608,3.758371511870054,6.50206997084548,2.517551020408164,10.847828591056322,5.46249375E8])
(1.0,[-2.553877551020408,8.273571428571431,-2.6671428571428573,22.845496149800127,46.302423195876294,8.708767010309277,3.9962473969179517,5.928192419825072,2.2449854227405246,10.867893930473464,4.889984E8])
(1.0,[-2.3181818181818175,8.018585858585856,-2.671717171717172,20.812778293135437,50.52123267367554,9.129830694702122,3.8432506887052345,6.285093357820632,2.2622548719518414,10.822112713923914,4.470001E8])
(1.0,[-2.0031313131313135,7.991010101010097,-2.9208080808080803,18.555513564213562,52.39745815295815,10.824758524015664,3.5643750637690035,6.412313029282728,2.5490766248341994,10.799162285822485,4.429993E8])
(1.0,[-2.469285714285715,8.264591836734693,-2.6593877551020406,13.322926288659794,54.07539209972648,7.736364569745422,3.1870408163265314,6.598767180341524,2.1262640566430653,10.849766143670507,4.955614444444444E8])
(1.0,[-2.5066666666666664,8.420404040404042,-2.437676767676767,17.63607551020408,50.81892840651412,7.995350669964957,3.4420202020202026,6.39152739516376,2.212678298132844,10.82319954218993,4.560089E8])
(1.0,[-2.590714285714285,8.407142857142855,-2.375816326530612,15.142148969072167,51.40773608247423,10.452614275194613,3.1976384839650147,6.440495626822157,2.3320199916701374,10.885120874942213,4.10922E8])
(1.0,[-2.6425510204081633,8.376020408163265,-2.59938775510204,17.839491363349463,47.374758226383335,9.113537765621714,3.5769929196168264,6.0607955018742175,2.4000916284881293,10.771690410929352,5.112075E8])
(1.0,[-2.396363636363637,8.190202020202017,-2.678383838383838,17.84833358070501,48.8247305710163,10.487272871572872,3.4670890725436174,6.128297112539538,2.519220487705336,10.670745196988813,4.1622927272727275E8])
(1.0,[-2.418181818181818,8.277777777777775,-2.732222222222221,16.044325231910946,47.59604807256233,10.088772562358276,3.2053627180899915,6.146127946127945,2.502581369248035,10.610526133920587,5.442898571428572E8])
(1.0,[-2.4469696969696972,8.598888888888888,-2.5117171717171716,16.832431539888677,48.54416099773243,8.540885796742941,3.419987756351393,6.2402020202020205,2.218647076828893,10.8095608055442,4.3727527272727275E8])
(1.0,[-2.5989795918367347,8.40612244897959,-2.293673469387755,22.193299978960646,46.31558893330531,7.875734820113614,3.7781632653061226,6.009387755102037,2.168613077884215,10.842732745568277,4.180023E8])
(1.0,[-2.513673469387755,8.293163265306118,-2.2474489795918373,21.569472964443513,44.414609478224264,7.866815074689671,3.649279466888797,5.829350270720534,2.253463140358186,10.575081803924583,5.328631428571428E8])
(1.0,[-2.5712371134020606,8.164639175257731,-2.478865979381444,20.068556786941574,48.02960429553266,11.68237265893471,3.5956042087363165,6.1985163141672865,2.7316994367095337,10.90573670501917,9.2749775E8])
(1.0,[-2.608585858585859,7.946868686868684,-2.1920202020202018,18.835208183879615,48.459184992785,10.49287546897547,3.605064789307214,6.192392612998671,2.4104907662483424,10.612932945213505,5.13983E8])
(1.0,[-2.637857142857143,8.181326530612246,-2.1797959183673465,18.695847938144333,42.57016832526825,9.498183463075952,3.453921282798833,5.840279050395668,2.4395376926280714,10.399426476709378,5.971461428571428E8])
(1.0,[-2.5587878787878795,8.545656565656564,-2.3060606060606053,13.587498515769946,45.61511257472685,10.343152690166974,3.1365044383226195,6.196973778185897,2.3896173859810217,10.773442773615612,1.049408E9])
(1.0,[-2.6189000000000004,8.338599999999998,-2.2071,13.849995747474741,49.247933373737396,9.128493525252523,3.021478,6.215515999999998,2.2601459999999998,10.526496438030208,4.033337777777778E8])
(1.0,[-2.6638775510204082,8.493265306122453,-2.128571428571429,19.367096149800126,48.1221892278561,9.851439175257731,3.680974593919201,6.205172844648059,2.423935860058308,10.993966528018982,6.399884285714285E8])
(1.0,[-2.7672727272727276,8.515454545454542,-2.2648484848484847,17.42451799628942,53.95567810760668,9.044333395176253,3.435573921028466,6.493572084481176,2.2120293847566592,11.197582280374634,4.780029E8])
(1.0,[-2.706464646464647,8.142828282828281,-2.0385858585858587,21.098023088023094,48.662800082457224,8.249914306328591,3.69863891439649,6.195843281297827,2.1542454851545756,10.664713987309323,4.966633333333333E8])
(1.0,[-2.796868686868687,8.484848484848486,-1.9529292929292927,18.45064009482582,46.97553135435992,8.480359699031125,3.6072788490970296,6.129041934496479,2.2803775124987244,10.810038605648998,5.699971666666666E8])
(1.0,[-2.6390816326530615,8.39867346938776,-2.3568367346938786,18.45531976646329,55.367605438670346,10.438234220492319,3.530676801332778,6.606251561849227,2.3761370262390673,11.276667056855102,5.355631111111111E8])
(1.0,[-2.8075510204081637,8.409081632653061,-2.142857142857143,20.450272291184504,47.17962079739113,8.27458556701031,3.602349021241149,6.090918367346939,2.166064139941692,10.832269963074953,5.0624462500000006E8])
(1.0,[-2.622828282828282,7.9778787878787885,-2.0918181818181836,19.11056538857968,52.65032096474955,8.144959925788497,3.738987858381799,6.47556167737986,2.3197796143250695,10.683661473541926,5.033366666666667E8])
(1.0,[-2.8226530612244893,8.337346938775513,-2.2393877551020416,23.37491453818641,49.890980517567854,10.00610271407532,3.916122448979592,6.231740941274472,2.434810495626823,11.04638440043847,3.699975833333333E8])
(1.0,[-2.6811111111111123,8.313333333333338,-2.1873737373737376,18.018618140589567,52.14203061224492,8.085821603793034,3.502603815937149,6.379797979797979,2.1154555657585963,10.855011097896403,4.65000125E8])
(1.0,[-2.734747474747474,8.205656565656563,-2.211212121212119,19.026392537621113,51.61404114615546,9.19776586270872,3.735800428527703,6.418704213855731,2.4307866544230174,10.902282000018396,6.385717142857143E8])
(1.0,[-2.5504040404040396,7.947979797979801,-2.2372727272727277,21.698318202432485,48.49062648938364,10.324956771799629,3.7353739414345477,6.147454341393734,2.425436179981633,10.584171868685551,3.9726954545454544E8])
(1.0,[-2.8185858585858576,8.513636363636362,-2.613838383838383,12.291214306328596,49.74864582560297,10.509178994021848,3.0175900418324666,6.345123966942147,2.4635649423528223,10.876662108064778,6.0499575E8])
(1.0,[-2.925918367346939,8.676326530612243,-2.2265306122448987,15.155558426257098,47.77129152114454,7.336985777403743,3.1771428571428575,6.165210329029571,2.1124239900041655,10.835848565552523,4.587365E8])
(1.0,[-2.9575757575757566,8.598282828282832,-2.2424242424242427,11.758251205936919,47.61743273551844,8.181398144712432,2.895378022650749,6.187523722069176,2.0792470156106524,10.732018689164065,4.611104444444444E8])
(1.0,[-2.9667346938775516,8.618571428571425,-2.349489795918368,16.49860778455711,50.23911340206186,6.8787038607195425,3.3940191586838804,6.3211370262390645,2.08798833819242,10.906908700065632,4.549988E8])
(1.0,[-0.7570707070707071,7.456262626262625,-4.011818181818179,19.8156801071944,33.00195833848691,10.119192578849718,3.56742781348842,4.716577900214264,2.6937741046831936,10.464211503370175,4.110076E9])
(1.0,[-2.7790909090909093,8.240101010101007,-2.698282828282829,20.680426716141003,54.78931325499898,8.523179674293957,3.7412672176308535,6.637881848790939,2.3821324354657682,11.046366019762676,3.858311666666666E8])
(1.0,[-2.952551020408162,8.179795918367345,-2.2610204081632657,25.075111981906165,58.28600408163265,8.679910288239007,4.37530820491462,6.708771345272805,2.3784714702207417,11.401041179174035,6.00002375E8])
(1.0,[-2.7837373737373734,8.119393939393937,-2.3296969696969705,26.318488950731812,51.283593506493524,8.784223376623379,4.3351882460973385,6.471711049892869,2.2840893786348335,10.97257039535741,4.6000662500000006E8])
(1.0,[-2.748787878787878,8.104949494949492,-2.5553535353535346,18.462325046382187,56.76834566068852,10.095592475778185,3.725772880318335,6.723485358636873,2.41659014386287,11.119184765955278,3.763621818181818E8])
(1.0,[-0.9611111111111107,7.450909090909089,-3.8360606060606055,19.997399773242634,35.067034879406314,9.477342486085345,3.616924803591471,4.832598714416897,2.6182124273033365,10.491773266825113,7.4997E8])
(1.0,[-2.870102040816327,8.322959183673472,-2.5289795918367344,23.425036071954555,53.91559630759519,8.465524721228695,4.021538942107455,6.590162432319867,2.354793835901706,11.107294246768234,3.816579166666667E8])
(1.0,[-2.8689795918367342,8.113469387755101,-2.375408163265307,25.168580391331798,57.95077752998106,8.870433336839891,4.3895293627655185,6.6888463140358185,2.397703040399831,11.39181354152026,6.428571428571429E8])
(1.0,[-2.829090909090909,8.079393939393942,-2.400202020202021,24.453761410018554,52.79996085343228,8.613897917955061,4.205472910927456,6.573125191307008,2.2602367105397407,10.943783211678804,4.9222477777777785E8])
(1.0,[-2.7734343434343445,8.385555555555557,-2.4135353535353534,14.266526860441148,31.65783922902496,9.571592475778191,2.7795673910825434,4.38246913580247,2.448254259769411,10.565240336477538,4.666696666666667E8])
(0.0,[-1.3345454545454547,10.038484848484844,-0.19866444945454553,4.6368719851577005,11.852747680890541,12.656275319986527,1.7231221303948578,3.0156412610958068,2.841198158865015,10.877446187733028,1.5550535E9])
(0.0,[-1.5854081632653065,10.02714285714286,-0.4340443565918368,7.419315811066693,14.088523711340205,11.231134495708941,2.255220741357768,3.1666763848396506,2.4711088692753007,10.975408829961317,4.8998E8])
(0.0,[-2.1234693877551027,10.025408163265304,-0.1445424708163266,7.9710125815274555,11.473571481169788,12.328779902836656,2.132811328613077,2.8160537276134936,2.651577061774261,11.020556538570027,0.0])
(0.0,[-1.5407070707070707,10.111818181818185,-0.5342203027878789,7.303949494949492,13.152900742115028,9.846915587217145,2.1506703397612483,3.0359595959595977,2.2814311614361817,10.947617548537876,4.8998E8])
(0.0,[-0.8707070707070704,10.00383838383838,-0.1461091913131313,4.8765882704597,11.367336136878988,12.54272500469246,1.67270482603816,2.841220283644527,2.7659937252770126,10.766436365183988,6.228637142857143E8])
(0.0,[-1.4206122448979595,9.901326530612245,0.1235560015306122,4.781240858405218,11.219232242794027,13.226244753412642,1.7131736776343187,2.8218575593502706,2.87661344777801,10.757497859664548,1.475006E9])
(0.0,[-0.8735353535353534,10.11636363636364,0.5402737913535351,6.991233292104722,12.611498886827457,7.78825477941117,1.902358942965004,2.973553719008263,1.998935075406592,10.772169357395327,7.99998E8])
(0.0,[-1.1872448979591843,10.252959183673468,0.9546752022857138,4.35791913528298,12.480427235430252,11.4278002327733,1.7023615160349856,2.931697209496043,2.6006695495276957,10.976452212086912,4.49992E8])
(0.0,[-1.3134343434343436,10.129797979797978,0.8663366562828281,7.132200329828899,14.973089754689756,11.169800979001927,2.030690745842261,3.2913233343536374,2.4308589383107853,10.894520978395803,2.53003E9])
(0.0,[-1.2072727272727273,10.046565656565654,0.21145932393939396,8.430960853432286,13.979573799216652,9.086970305122263,2.312984389348025,3.171827364554636,2.144493926868689,10.795837628171007,1.3099773333333333E9])
(0.0,[-1.7939393939393944,10.019696969696973,0.3304654174747474,8.38233228200371,14.513227458256027,13.272130444105697,2.228172635445363,3.066195286195285,2.591868382038569,10.981047993485276,9.49981E8])
(0.0,[-1.1475510204081634,10.136836734693874,0.23460353893877556,8.464424868504102,14.250918756574793,11.533911732424617,2.145772594752186,3.1271699291961683,2.171081145408579,10.956553627069063,5.0E8])
(0.0,[-1.2375510204081637,10.175408163265312,0.24697302769387747,8.841983631390699,13.692282821375976,11.3774265799966,2.3091920033319457,3.085331112036652,2.3140749448812996,10.969958736277128,9.04004E8])
(0.0,[-2.093979591836735,9.832448979591836,0.6650343189795919,9.930376783084368,11.058703219019568,12.644506960137146,2.444302374010829,2.7278508954602247,2.6298588182798843,10.907441682618334,6.0E8])
(0.0,[-1.3658000000000003,10.089400000000001,0.18196783716,8.387281171717175,19.21025418181819,13.040866219801444,2.2980319999999996,3.7479879999999994,2.4915647476176,11.006912412414279,8.000083333333334E8])
(0.0,[-0.9357142857142856,10.153469387755102,0.4200070499591836,7.4701731958762885,14.879484746475912,14.752299225269745,2.1294460641399415,3.2618992086630563,2.8080323934952096,11.091081368845284,2.2299805E9])
(0.0,[-1.1666666666666672,10.228282828282826,0.10180864919191919,8.541648979591837,13.67298375592661,10.43913181056053,2.2785858585858594,3.068735843281299,2.217435959883685,10.996407811043214,7.5000775E8])
(0.0,[-1.4862886597938143,9.930412371134022,0.5712120993814434,8.696221499140893,11.417451911512032,12.665112370209393,2.198654479753426,2.805003719842704,2.5586363721479444,10.7881326599294,5.833333333333334E8])
(0.0,[-1.9867346938775512,9.833367346938772,0.29964764653061227,10.423403660845787,18.11628854407743,12.758829350514945,2.486051645147855,3.598673469387755,2.50280837717201,10.966542014810459,8.000083333333334E8])
(0.0,[-0.9680808080808082,10.121515151515155,0.3568806214343434,7.93213403421975,14.610721150278302,14.823849299443523,2.217098255280073,3.2209243954698503,2.8001050267205385,11.07593905186235,4.9570585714285713E8])
(0.0,[-1.1731632653061221,10.105612244897955,0.453085043367347,7.04600535451294,15.77869704397223,13.085848594069546,1.961638900458143,3.3074239900041653,2.6922622741982507,10.93889478097103,7.29988E8])
(0.0,[-1.0411111111111109,10.134646464646465,0.350276822989899,7.584705895691609,15.544096557410835,13.556286292221609,2.093737373737374,3.298041016222834,2.689610804794206,11.014896954725947,7.299955E8])
(0.0,[-1.1617525773195878,10.16298969072165,0.5904490950927834,5.834064604810995,13.035331593642608,13.047272055396492,1.860858752258476,2.955659474970773,2.821555866229355,10.973852563059795,9.59991E8])
(0.0,[-1.3067676767676766,10.009696969696966,0.7725076023030303,6.519146588332305,12.351982560296852,13.084713800590233,1.951690643811857,2.9912396694214896,2.7889430248203246,10.863348147938192,5.933278333333334E8])
(0.0,[-1.242424242424243,9.932020202020201,0.563387122121212,4.963130797773655,11.18793669346526,10.925057553369877,1.72870523415978,2.771009080706051,2.6841715575084186,10.72727354456441,4.3572128571428573E8])
(0.0,[-1.6903092783505163,9.865979381443303,0.8989429666597938,6.000186361683849,11.78241387457045,13.612428507880091,1.7251121266872147,2.9502072483792112,2.76254354309746,10.804563762032409,1.0050205E9])
(0.0,[-1.372525252525253,9.879292929292928,0.5431629577777781,4.865688455988457,14.690512760255617,12.0181461841199,1.6539189878583818,3.2444219977553317,2.7964612495622907,10.759725107541433,4.533284444444444E8])
(0.0,[-1.2300000000000004,10.087777777777779,0.5893895893333332,6.29607755102041,15.249417460317462,14.61985174153161,1.8769696969696965,3.2667564534231204,3.015562503151514,11.064185176941805,0.0])
(0.0,[-1.454949494949495,10.169898989898991,0.615529672080808,6.743164028035453,15.079166316223459,10.846820754158749,1.873370064279155,3.3136394245485157,2.3060120151784504,10.942058577432832,4.059997E9])
(0.0,[-1.2626530612244893,10.160714285714281,0.3645527772448981,7.06738051756785,15.623740721649483,9.26135663648733,2.0689795918367344,3.376428571428572,2.2271253921720127,10.900222674607178,8.000062E8])
(0.0,[-1.2931313131313127,10.104141414141413,0.6148417586868683,7.658833972376826,13.716122469593898,12.159726310499103,1.9745026017753282,3.09257014590348,2.479150647233955,10.924068942315232,1.999969E9])
(0.0,[-1.1951020408163264,10.044285714285714,0.37664429357142865,6.01552627814012,15.680952577319585,13.590218827131734,1.9285797584339872,3.244402332361515,2.8425342319241986,10.965476993653397,1.509964E9])
(0.0,[-1.4114141414141412,9.958989898989898,0.6861078352121212,8.017383694083694,16.34279284683571,12.817591166747949,1.973923069074583,3.426738087950209,2.625573915822467,10.85598549342151,0.0])
(0.0,[-1.2772727272727282,9.957272727272724,0.4519478853131313,6.041252690166975,14.947317996289426,12.721206282241594,1.8591919191919195,3.2016161616161622,2.789157041255791,10.86596330154326,0.0])
(0.0,[-1.4930612244897963,9.987448979591832,0.6689258704693876,10.281233831264467,16.821231569535037,12.621208334219817,2.00792586422324,3.4980653894210767,2.4424188076813835,10.902502789155902,2.44989E9])
(0.0,[-1.2462,10.164999999999997,0.6456044790999997,6.972227838383839,16.067053535353537,9.969271995257982,1.9114679999999997,3.3770000000000002,2.2499724867579998,10.926880376795296,0.0])
(0.0,[-1.3467676767676764,10.106565656565657,0.8580819145454546,7.295332302618018,13.623120737992165,14.004044724904256,2.040585654525048,3.0767962452810926,2.5702559287786952,11.027839367834144,0.0])
(0.0,[-1.3847422680412371,10.058247422680417,0.7694794400618558,7.440585609965637,14.636068771477655,10.570998360390073,2.0746561802529486,3.308198533319163,2.3201406150094592,10.876141746080847,1.0E9])
(0.0,[-1.2044329896907218,10.165670103092788,0.5104119907835051,5.938879102233677,11.941489390034361,8.80955158388695,1.8602848336698905,2.8889722606015513,2.1643512641606972,10.839160525611868,6.366628333333334E8])
(0.0,[-1.527422680412371,10.224329896907214,0.9782779586185568,8.097823496563576,14.957966473367692,12.420911155189401,2.0678520565416076,3.2178318631097875,2.5030779814445743,11.057310684189687,5.0E8])
(0.0,[-1.0938775510204084,10.086632653061233,0.6576682006122447,6.8813353250578535,12.42155452345886,12.78211611309375,1.8858267388588086,3.035816326530612,2.600453971615994,10.926696254565108,1.1767273333333333E9])
(0.0,[-0.4850505050505052,10.163535353535355,0.07209155006060608,9.18040076272933,20.076921047206756,9.627633506624287,2.391064177124783,3.8020487705336174,2.3706631617790026,10.970771535587819,9.8999025E8])
(0.0,[-0.6718556701030928,10.177938144329897,0.019236991134020553,7.119444437285225,19.167664454467353,8.628825112216354,2.103005632904666,3.638214475502181,2.330667462663408,10.92033289264413,0.0])
(0.0,[-0.8275510204081632,10.072653061224486,0.30089849902040827,6.699311466442248,15.63007536292868,11.321816310542017,2.0293419408579743,3.2565181174510616,2.4606000547013753,10.851722844694123,1.3399863333333333E9])
(0.0,[-1.0159183673469387,10.170408163265304,0.5581562645510203,8.763898632442668,17.398259625499687,12.779690554803425,2.082515618492295,3.5585381091211996,2.6714034065647643,11.065004194479894,5.0E8])
(0.0,[-0.9345454545454545,10.093939393939394,0.2825878076767677,7.511833209647495,17.0049628942486,11.670947492502036,2.020716253443526,3.4957024793388434,2.4296721219059276,10.908789143267123,5.0E8])
(0.0,[-0.5948979591836735,10.041428571428566,0.1375933053877551,9.308458236903007,19.766536082474225,11.565307537067781,2.3183631820074964,3.773702623906705,2.219850056811329,10.883245402440169,3.049926E9])
(0.0,[-0.7593939393939397,10.097171717171717,0.1269856643636364,9.95277309833024,18.551751102865378,10.432121971444337,2.3318763391490664,3.656883991429447,2.1045042346666674,10.931553777797264,3.049926E9])
(0.0,[-1.0575999999999999,10.073099999999997,0.4861102017800001,6.543491151515151,13.151506454545455,11.693129409544293,1.9674639999999997,3.063914,2.5844909420963997,10.852061442743924,1.0E9])
(0.0,[-1.0757575757575755,9.89828282828283,0.9264588064040403,4.773196103896105,10.01247763347763,9.792576736769064,1.6837710437710436,2.5983001734516886,2.480315201103561,10.648756924460095,0.0])
(0.0,[5.370606060606058,8.246060606060611,0.9117378181212121,5.42730983302412,8.071901669758816,14.187176463829502,2.0471013161922245,2.326880930517292,2.7562797699773505,10.626295949664437,3.0E9])
(0.0,[5.76929292929293,7.95161616161616,1.226106458949495,3.579965821480107,4.8111177695320535,7.203628506561415,1.5881318232833381,1.7639587797163554,2.2700774038045086,10.41041368291261,0.0])
(0.0,[5.7924742268041225,8.055154639175258,1.440808117402062,5.430662564432989,7.284398152920963,13.206037896866398,1.980384738016792,2.2743862259538736,2.6229874270668523,10.665277382800038,6.500015E8])
(0.0,[5.762929292929293,7.995454545454547,1.5634508251313135,5.273365821480107,7.371200556586272,13.621595872313462,1.9336414651566167,2.285123966942148,2.6884573680995816,10.638994123270457,6.500015E8])
(0.0,[5.577979797979797,8.415959595959599,1.2431662861616157,7.9076550608122025,7.073977386105958,19.08492426335127,2.3057973676155497,2.1303826140189774,3.0970344390327518,11.042324578211257,1.049957E9])
(0.0,[5.717040816326532,8.215102040816324,0.9560650303061222,8.383501462234378,6.42862318535662,20.6307478784801,2.3721053727613497,2.1372428154935434,2.994788860481049,10.925296513515073,8.300172E8])
(0.0,[6.2427272727272705,8.119696969696964,1.0359718938383835,12.729917996289425,17.5070641929499,15.908222707837652,3.004444444444444,3.592249770431588,2.9011132092970118,11.05867044702792,0.0])
(0.0,[6.153298969072162,7.973505154639179,1.0886449135051541,8.30087858676976,11.211127169243989,14.029012440598123,2.3704772026782863,2.7519013710277385,2.8197203260580284,11.01979365429319,1.3900043333333333E9])
(0.0,[6.103737373737375,7.985252525252522,0.8805073251919192,6.213493032364461,9.93040070088641,8.643319502637665,2.0474359759208247,2.6094316906438126,2.465703998893174,10.734755007487202,0.0])
(0.0,[5.957857142857142,7.980000000000006,0.6747631336734695,5.563109793814433,10.868527835051541,8.21478815116716,1.884620991253645,2.6904081632653063,2.4577891892586416,10.646507645626077,4.9927E7])
(0.0,[5.6469696969697,7.997070707070711,0.8545048611717172,8.07677439703154,8.094596433725007,8.213261821760659,2.3592776247321723,2.2605938169574533,2.2922513074559734,10.516892888275136,1.051392E9])
(0.0,[5.600600000000002,8.399899999999997,1.4584668108400007,7.300741050505052,9.822338373737376,10.593784980125509,2.1933879999999997,2.718901999999999,2.5313034528456,10.94281370102775,0.0])
(0.0,[5.142346938775509,8.160714285714283,1.6256857884081632,6.96974598148538,5.566097422680413,12.674373711656111,2.087761349437733,1.946428571428571,2.664187664713035,10.580725936600112,0.0])
(0.0,[5.5557575757575774,8.37333333333333,1.4700344755959602,7.172102226345085,9.851267346938776,10.688367198368912,2.171153963881237,2.7200673400673403,2.549160398087544,10.902655593935064,0.0])
(0.0,[5.21082474226804,8.09865979381443,1.512139425402062,6.578018062714778,5.24277214347079,11.529744959668276,2.0372770751408225,1.903800616431077,2.538254354373897,10.493364731558708,5.666403333333334E8])
(0.0,[5.796262626262626,8.196666666666664,1.031569383838384,6.0210522160379245,6.5998938775510165,13.930333686386653,2.0135231098867457,2.0979124579124586,2.4540334135088253,10.843444918158434,6.64276E8])
(0.0,[5.484081632653062,8.174183673469388,1.1498075194897956,5.640970797391124,6.624259636019356,13.552377269134938,1.965027072053311,2.148488129945857,2.550510811761765,10.673658731350104,1.5950015E9])
(0.0,[5.369999999999999,8.157676767676765,1.2530719926666667,5.882059183673471,5.560440465883322,11.687014370287566,1.9880808080808081,1.9402795633098662,2.421945471407408,10.5333968110514,9.9975E7])
(0.0,[5.756161616161616,8.166161616161617,1.3473137780808082,6.268805524634097,7.1338953205524644,12.58397249673291,2.0617018671564122,2.188227731864094,2.5801143629731653,10.841720041879368,1.049988E9])
(0.0,[6.3446938775510215,7.880612244897957,1.234865179489795,6.76763134862192,7.834638796549549,12.51830746802223,2.120166597251146,2.3437775926697193,2.737999042384423,10.845259886548089,1.724289E9])
(0.0,[5.967835051546392,7.7348453608247425,1.3451848697731958,5.401500472508591,6.116708569587629,11.362797508575161,1.9692698480178559,2.0356297162291432,2.5076321187203745,10.51602454606694,1.074295E9])
(0.0,[6.262020202020204,7.77070707070707,1.1314519051717173,6.515142815914241,7.161649494949494,11.410561666599483,2.097032955820836,2.2953616977859386,2.6026523562526274,10.654739873388523,5.50018E8])
(0.0,[5.1123232323232335,8.159898989898991,1.3840474395959592,6.499818016903729,9.056078561121419,11.408636149997735,2.084540353025201,2.5839506172839495,2.5095653821038675,10.484847365713179,1.406667E9])
(0.0,[5.906326530612244,7.861326530612244,1.4967094428775514,5.097299768567223,5.849333273721858,10.103111898531331,1.8962307371928357,1.9957351103706786,2.325446053046648,10.559243732529422,9.666646666666666E8])
(0.0,[5.908163265306124,7.90734693877551,1.2090143443265313,5.397934735956237,7.134118661897748,12.595171215217775,1.9445064556434817,2.1291003748438144,2.6588070458892137,10.684040340027272,7.166748333333334E8])
(0.0,[5.806326530612243,7.896122448979592,1.313251688489796,5.63285853145382,6.561656974542394,10.380545002566281,2.03643481882549,2.094194085797585,2.5970673109670965,10.560458617993675,1.070007E9])
(0.0,[5.566938775510204,7.954387755102041,1.294905904591837,7.246526614769616,7.539152714075322,11.61425945120679,2.2044273219491886,2.2395793419408583,2.582366306549354,10.577922949024003,0.0])
(0.0,[5.508686868686868,8.035656565656561,1.8339316595353532,5.7092217274788695,8.565261554318692,12.826354638404531,1.9916988062442609,2.495006631976328,2.6704997817145184,10.653533987797609,0.0])
(0.0,[5.880909090909092,8.01090909090909,1.4423810476363632,8.235647124304268,9.212814471243043,15.310124497386859,2.3072543617998162,2.5458034894398542,2.7123822304866843,10.854784158537576,8.1250775E8])
(0.0,[5.794299999999999,7.950600000000004,1.6826577521600001,7.524822737373741,9.27612488888889,16.49487199989302,2.3484439999999993,2.6257400000000004,3.0046977395744,10.815114746834363,5.2856885714285713E8])
(0.0,[5.776326530612245,8.034489795918368,1.158702446387755,7.400796675783715,7.979470355564909,17.4913621474302,2.267163681799249,2.459358600583091,2.865812505199084,10.885442662411203,1.048767E9])
(0.0,[5.929278350515466,8.047525773195876,1.1279613582886598,6.030325515463917,8.437289647766326,12.179346153679598,1.9790200871505996,2.3192496545860344,2.6535951893820795,10.804145559533392,1.0350035E9])
(0.0,[5.929799999999999,7.8762,1.4158351527199995,4.898034303030305,5.881122787878789,10.185552572449607,1.8551920000000002,1.9622280000000003,2.3328114401504,10.561935105230324,7.899964E8])
(0.0,[5.952929292929293,8.007373737373738,1.150850603737374,5.895994392908677,7.362113440527729,12.416115820785217,2.0796775839200086,2.1841832466074873,2.6463859165493324,10.802511791072329,8.00003E8])
(0.0,[5.776363636363635,8.182626262626265,1.2497700716161606,7.537649907235622,9.001695073180787,17.237025320793503,2.2744352617079886,2.4919783695541273,3.010576272021222,11.019906782439259,1.167198E9])
(0.0,[6.488247422680412,6.751340206185568,0.29740098715463964,7.138637521477663,9.871430476804127,13.679756987456209,2.104100329471782,2.554082261664364,2.811854122904879,10.487825899725276,0.0])
(0.0,[8.79142857142857,8.930000000000001,-0.3327256028571428,20.235914285714284,3.0354666666666645,10.366011222867622,3.858775510204081,1.3685714285714283,2.2893302595918366,13.404999826944415,0.0])
(0.0,[6.706060606060604,6.886666666666666,0.1498238222626261,8.342471057513912,9.7323306122449,13.34709469573223,2.2664891337618607,2.5131986531986534,2.7768999807256405,10.713987492894484,0.0])
(0.0,[-7.9081176470588215,5.179176470588236,2.3130555221176463,11.178665462184872,6.65717431372549,2.4060362039339234,2.776874740484429,2.108697577854671,1.2417044183916954,10.091765782269963,1.4740755E9])
(0.0,[-8.097023809523806,5.040357142857143,2.0417550019047614,8.587577782558807,4.332246858864027,3.4932871498248583,2.451856575963718,1.7534438775510204,1.4869651936961445,10.104935956940533,0.0])
(0.0,[-8.992409638554214,3.3119277108433733,1.401747111566265,10.542011196003525,4.607379165442256,3.9644912240597603,2.7467760197416173,1.8557874872985922,1.451617884221222,10.090582455757849,5.9478E7])
(0.0,[-9.677613636363633,1.2173863636363633,0.36666595225000004,12.57165745820272,6.063624124869385,1.6796307579040053,2.89842458677686,1.8915960743801652,1.0339644993181822,10.143732097121614,0.0])
(0.0,[-9.680227272727269,2.0918181818181822,0.32750744915909075,9.937501097178684,5.08650470219436,2.5004451088415744,2.7034194214876033,1.7579752066115695,1.2424908897809916,10.280576994211067,0.0])
(0.0,[-8.627159090909094,4.167954545454545,2.241321084022727,6.452581491640545,3.6964348484848486,2.3309960616436056,2.0513481404958678,1.5490495867768594,1.1782796712489674,10.148320946529031,5.02198E8])
