(0.0,[-1.2753684210526315,9.855368421052633,1.7630526315789474,3.1995804479283314,22.980884703247476,13.720836326987685,1.4364188365650972,4.190559556786704,2.4692188365650978,10.60439979734663,9.8241425E8])
(0.0,[-1.188571428571429,9.68040816326531,1.602142857142857,3.63502268041237,23.377696738901747,13.93874072164948,1.5201457725947523,4.255297792586421,2.479183673469388,10.466792950376092,9.900003333333333E8])
(0.0,[-0.3538383838383838,10.016060606060604,1.3421212121212125,3.2532789940218527,19.380195547309828,11.861551576994431,1.3720497908376699,3.743856749311296,2.430884603611875,10.686637858929808,8.880004E8])
(0.0,[-0.5175757575757578,9.957676767676766,1.5827272727272723,3.1900961038961038,16.919348629148622,11.636644526901673,1.3494704621977345,3.507303336394245,2.541561065197428,10.634800014609837,4.019989E9])
(0.0,[0.28313131313131323,9.974545454545455,1.1109090909090913,1.7031115233972378,16.738137291280157,7.533589981447126,1.0126701357004386,3.4739577594123054,1.948943985307622,10.391861890862934,4.52002E8])
(0.0,[-0.15247422680412373,9.772886597938145,0.7438144329896909,3.4092521477663227,20.728247830756015,7.47591342353952,1.3538888298437661,3.836346051652672,1.8611839727920076,10.236082100355558,1.2500155E9])
(0.0,[0.2652040816326529,10.009489795918363,0.8145918367346939,1.71740665895224,15.788402829791709,6.636526120345046,0.9970241566014164,3.413765097875885,1.8090753852561432,10.369709733353371,6.314261428571428E8])
(0.0,[-0.03919191919191919,9.917878787878788,1.2251515151515155,2.117283013811587,17.72745974025974,9.619919109461971,1.1043056830935616,3.4671074380165297,2.078561371288645,10.41102711143118,7.859986E8])
(0.0,[-0.12313131313131316,9.945858585858582,1.4721212121212124,2.8864094825809103,13.326079612451041,10.514202597402596,1.2746536067748186,3.103375165799408,2.1893112947658406,10.488062154629091,2.019928E9])
(0.0,[0.3154081632653061,9.818877551020414,1.4858163265306124,3.0719178729223646,14.25817089206817,10.023667883442036,1.246588921282799,3.1773344439816755,2.270116618075801,10.391070714720275,5.0E8])
(0.0,[0.3069000000000002,9.944699999999996,1.3256000000000003,4.426201404040403,10.30929788888889,11.025412767676768,1.497458,2.754581999999999,2.416408000000001,10.600157510486147,2.100006E9])
(0.0,[0.22444444444444434,9.942323232323238,1.8206060606060603,4.578273922902496,7.669932302618016,9.201701669758814,1.569225589225589,2.3942985409652078,2.271331496786042,10.592726679872362,0.0])
(0.0,[0.23070707070707067,9.806969696969698,1.6250505050505053,4.2139719439290895,7.880553988868273,8.095904844361991,1.5082460973370067,2.4148943985307634,2.146821752882359,10.387908856077292,0.0])
(0.0,[0.4394897959183675,9.846224489795919,1.410714285714285,3.7860296339154207,12.593378382074478,9.012746907216496,1.5370824656393174,3.056528529779258,2.320597667638484,10.431413341576981,7.62497E8])
(0.0,[0.9301098901098901,9.899010989010991,1.668131868131868,3.615038876678875,9.38202678876679,9.355930915750914,1.5436420722135005,2.6781427363844954,2.40581813790605,10.592514509594384,0.0])
(0.0,[0.5153535353535352,9.999090909090908,1.5883838383838378,2.852012883941456,11.223996103896102,9.35215246340961,1.3447362514029182,2.8657300275482087,2.3328150188756243,10.56509356743744,1.024994E9])
(0.0,[7.977171717171718,3.2092929292929293,-4.961111111111111,10.953947021232732,3.1716903112760266,5.906744671201816,2.8139455157636983,1.4584062850729518,1.9107519640852972,10.351600190126819,4.9988E7])
(0.0,[9.396464646464652,2.2956565656565666,-2.632424242424243,12.702712883941459,2.324910533910534,7.310285899814472,3.0080379553106837,1.206636057545149,2.1314416896235073,10.511486400960328,0.0])
(0.0,[9.774591836734693,2.107551020408163,1.2835714285714286,9.93303333683989,2.3624557963391544,8.03371597938144,2.806599333610995,1.2379175343606834,2.127492711370262,10.495231815306298,0.0])
(0.0,[9.327448979591836,3.332755102040815,0.24642857142857144,9.209458373658741,2.409304702293288,6.940928350515465,2.590041649312787,1.2410870470637232,2.1668075801749276,10.277878343353024,0.0])
(0.0,[9.59959183673469,3.2370408163265316,0.9987755102040816,11.109197769829587,2.6922932148116985,7.481831474857985,2.930408163265307,1.254350270720533,2.2903082049146195,10.59629974384827,2.0E9])
(0.0,[9.469099999999996,3.3865,1.0411000000000001,11.678929484848478,4.241239141414141,7.3836704949494925,2.961555999999999,1.7012199999999993,2.0662320000000003,10.575525584424781,0.0])
(0.0,[9.445050505050505,3.586666666666668,0.8274747474747474,10.205290558647704,3.937220408163266,9.539696619253759,2.7629833690439747,1.5336700336700344,2.4347678808284874,10.640303130060587,0.0])
(0.0,[9.038247422680413,3.8201030927835062,2.377422680412373,13.747827104811,3.4444885309278352,9.36369849656357,3.0946519290041463,1.4873312785630775,2.3757338718248486,10.521285466747893,1.9349975E9])
(0.0,[9.940000000000003,2.785454545454546,1.1617171717171715,17.540926530612232,3.1820740259740274,13.988142939600085,3.6838383838383852,1.448025711662076,2.6193980206101406,10.965513015911354,0.0])
(0.0,[9.97142857142857,2.50061224489796,0.16224489795918368,14.641552577319588,4.694407868714496,8.270432021880918,3.2270553935860042,1.7788629737609327,2.234194085797584,10.836897127282716,5.70007E8])
(0.0,[9.87969387755102,2.382244897959184,0.47744897959183685,18.59440505996213,6.163188722911844,13.748528476751526,3.628259058725531,1.785697625989171,2.748352769679301,10.870818778922107,0.0])
(0.0,[9.732653061224491,2.8495918367346946,0.2483673469387755,15.034234125815278,4.6971977698295815,23.130665348201134,3.2762848812994587,1.5175010412328196,3.5357267805081207,11.19006091401744,1.09741E8])
(0.0,[9.605353535353533,2.803737373737375,0.3335353535353536,13.619619006390433,4.633117522160382,15.52752716965574,3.0814243444546476,1.6135720844811756,2.8222058973574105,10.87543896871014,0.0])
(0.0,[8.4415306122449,3.7462244897959174,3.3577551020408163,7.6805079423522,1.4896484851672624,11.442178413633487,2.3669137859225327,0.9857392753019575,2.739112869637652,10.393111908326965,0.0])
(0.0,[9.1005,3.803900000000001,1.2800999999999996,7.544158333333332,1.525454333333333,10.825641404040402,2.3221999999999996,0.883202,2.629718,10.531285608300612,0.0])
(0.0,[8.894747474747476,3.356666666666666,2.485959595959595,9.502241517212953,1.6856244897959185,9.7185039167182,2.663744515865729,1.0088215488215482,2.529690847872666,10.333251653174301,1.0150145E9])
(0.0,[9.65212121212121,2.5753535353535355,-0.22161616161616157,14.319110760667906,2.789619006390435,20.116046340960622,3.173137434955616,1.2493684317926739,3.124817875726966,10.888827694880561,6.00006E8])
(0.0,[8.517474747474745,3.5671717171717168,3.1544444444444455,7.971776211090492,1.9683694702123287,13.669047392290256,2.3574451586572795,1.0927558412406901,3.0226487093153764,10.464588606675479,0.0])
(0.0,[9.83424242424242,2.805252525252525,0.1852525252525253,8.019036920222632,2.3033619253762114,12.471080292723148,2.3415916743189453,1.2010835629017445,2.6208264462809927,10.82346444000758,0.0])
(0.0,[9.454375,3.1880208333333333,0.8875000000000001,11.309833289473682,2.900485515350879,8.401343157894734,2.9288932291666647,1.3136480034722218,2.215833333333334,10.478692183836648,0.0])
(0.0,[9.6875,3.1322000000000005,0.40490000000000015,14.423123989898992,2.9277042020202027,17.43091413131313,3.255249999999999,1.3987319999999992,3.021468,11.013272612449423,0.0])
(0.0,[9.856020408163268,2.6769387755102043,-0.04653061224489797,12.048939669682309,3.30831630549127,15.640014643383124,2.9001874219075376,1.5131736776343188,2.7484173261141187,10.910049394843343,1.0E9])
(0.0,[9.584599999999998,3.001299999999999,0.42359999999999975,10.517178626262623,3.4598114242424227,12.698607111111118,2.8113680000000003,1.495682,2.6351679999999997,10.678010572801197,0.0])
(0.0,[9.568061224489794,3.053061224489796,0.07632653061224502,10.043642594151065,1.7507080580685883,8.33690595413423,2.774677217825906,1.0201541024573095,2.3030528946272386,10.48735083035943,0.0])
(0.0,[9.844545454545457,3.0426262626262623,0.4945454545454546,11.335041372912801,2.7039236446093584,8.6803413729128,2.9572268135904505,1.3256606468727683,2.326905417814508,10.758097746326792,1.949981E9])
(0.0,[9.756565656565652,2.694646464646465,0.09898989898989899,11.141092166563595,2.3571802308802305,10.408433663162237,2.9148454239363315,1.1292541577390065,2.482634425058668,10.686783912084548,0.0])
(0.0,[9.881818181818184,2.6877777777777774,0.00999999999999992,11.300561966604828,3.229380725623582,17.743553061224492,2.8450872359963273,1.5030976430976433,2.9535353535353526,11.034295882532662,1.0E9])
(0.0,[9.685959595959599,3.098282828282829,0.24040404040404026,9.810822284065138,2.2299694702123283,8.21202840651412,2.714625038261402,1.1577859402101829,2.3097908376696266,10.619269705450401,9.59931E8])
(0.0,[9.73010101010101,2.8916161616161618,0.5733333333333334,10.075368357039785,3.8182932797361357,11.584783673469385,2.68435465768799,1.4827078869503114,2.584579124579125,10.796066424785398,0.0])
(0.0,[9.651649484536085,3.2038144329896903,0.45577319587628856,13.333257667525773,3.2867175902061856,17.331470489690727,3.068090126474653,1.461881177595919,2.8639706663832505,10.900674340206226,1.010041E9])
(0.0,[10.0365,1.9394999999999996,0.13280000000000003,10.054313888888888,2.5212027777777783,6.668468848484845,2.696679999999999,1.2788799999999994,1.9479840000000004,10.621172046873951,3.070007E9])
(0.0,[9.656836734693876,2.9424489795918367,-0.8114285714285716,10.010757931832531,3.6178743530401847,9.883898969072161,2.748350687213661,1.4392794668887963,2.126384839650146,10.682109306462964,0.0])
(0.0,[9.541699999999999,2.8395000000000006,-0.18570000000000006,11.642002131313138,3.364251262626263,13.151370212121211,2.8240019999999992,1.4856699999999996,2.808646,10.664914102594155,0.0])
(0.0,[9.855656565656563,2.4176767676767668,-0.4117171717171718,10.54578400329829,2.4181425066996494,9.852159266130693,2.7926619732680327,1.2365819814304662,2.098657279869402,10.682820058215857,0.0])
(0.0,[9.618673469387755,2.9208163265306135,-0.6017346938775507,10.52873945928887,4.114372522617295,9.652354691773617,2.7818034152436484,1.5546397334443984,2.4367659308621397,10.666806723604738,0.0])
(0.0,[9.54656565656566,2.8137373737373736,-0.024343434343434278,11.335281962481968,2.4424726242011943,13.531371758400331,2.7767268646056524,1.2551882460973378,2.7159126619732685,10.61960089057067,0.0])
(0.0,[9.507979797979802,2.52070707070707,-0.4762626262626262,12.519297917955061,4.623478066378067,14.703382828282828,2.9556535047444155,1.5898908274665848,2.7880155086215686,10.724052489340743,0.0])
(0.0,[9.02525252525252,3.7594949494949494,0.6040404040404039,10.4799843743558,4.423037497423211,15.81218554937127,2.546634016937046,1.708054280175492,3.2131027446178955,10.72458042860164,0.0])
(0.0,[9.497142857142855,3.3791836734693885,0.3866326530612245,8.292191752577317,5.338079739112137,15.691387513149596,2.4201749271137025,1.8484381507705123,3.1913182007496874,10.955972904733514,1.050049E9])
(0.0,[9.1273,3.6667000000000014,0.25020000000000014,11.200706777777777,6.026624353535355,16.341797939393945,2.7462840000000006,1.9723080000000006,3.1180560000000015,10.738500035867643,0.0])
(0.0,[9.242727272727267,3.5955555555555576,0.6577777777777776,10.33523840445269,3.8400106575963724,16.97986235827664,2.6395408631772264,1.550123456790124,3.3316947250280577,10.893426191660206,0.0])
(0.0,[9.166632653061221,3.4399999999999995,0.2053061224489795,9.832129781190828,4.714144329896906,15.731324132127071,2.606699291961682,1.7375510204081632,3.03978758850479,10.674852901905117,0.0])
(0.0,[9.011734693877546,4.118673469387756,0.5892857142857144,12.045822733010725,7.182114717020829,17.346340721649494,2.777802998750518,2.211109954185757,3.2323177842565602,10.96775117745253,0.0])
(0.0,[9.1523,4.1751000000000005,0.7273999999999999,12.238339101010098,6.326459585858586,17.79851236363636,2.842314000000002,1.9542179999999996,3.4117759999999997,11.128025408129776,0.0])
(0.0,[9.069898989898995,3.987070707070708,0.8908080808080812,12.226837744794889,6.801265821480106,17.96222587095445,2.8154331190694846,2.1157004387307428,3.3723905723905716,10.980414092216133,0.0])
(0.0,[9.020909090909091,4.32191919191919,0.8371717171717172,11.244436920222633,5.920248319934034,16.18890008245723,2.7064462809917353,1.8934455667789,3.2970900928476685,11.009097141466793,0.0])
(2.0,[-0.7977551020408161,9.985816326530612,-0.43275510204081624,0.03195779507679362,0.01005963601935619,0.06326140332421629,0.11442732194918787,0.05576842982090764,0.16511245314452302,10.03170215819552,8.596480701754387E7])
(2.0,[-0.5912121212121214,9.986969696969695,-0.6963636363636361,0.18892096474953612,0.020370315398886722,0.4213029684601113,0.2959228650137742,0.09780838689929573,0.44108356290174483,10.0587524251861,9.775528571428572E7])
(2.0,[-0.6467708333333332,9.845625,0.9358333333333336,0.15791262061403505,0.07397644736842103,0.1954224561403509,0.2336458333333333,0.12374999999999993,0.22545138888888883,9.927993150118745,0.0])
(2.0,[-0.9112244897959181,9.897653061224492,-0.09785714285714263,0.3017943614559226,0.06935835261939799,0.9692829896907224,0.41915868388171595,0.1370783007080388,0.898046647230321,10.002579998125446,0.0])
(2.0,[-1.2302020202020199,9.82565656565657,0.5234343434343436,0.4523489383632239,0.08756155431869762,0.820369717584003,0.4022650749923476,0.17753698602183543,0.7396184062850729,9.977353676633362,0.0])
(2.0,[-1.012061855670103,9.728041237113404,1.395463917525773,0.04142903780068728,0.0052679982817870055,0.012879209621993135,0.15960888511000104,0.05222021468806517,0.09191199914975026,9.882214351445066,0.0])
(2.0,[-0.8845918367346938,9.722040816326528,1.4844897959183676,0.003305501788344205,9.524931622133346E-4,0.0024538607195455637,0.044537692628071716,0.018109121199498156,0.039654310703873395,9.874703003516329,5.072681443298969E7])
(2.0,[-1.1353535353535353,9.83,0.4349494949494949,0.116657781900639,0.04569591836734673,0.968972191300763,0.24949086827874709,0.13515151515151508,0.8833935312723193,9.95865096117708,1.5058629411764702E8])
(2.0,[-1.0112500000000002,9.7321875,1.1967187499999998,0.26113174603174605,0.11310307539682543,0.3142922371031746,0.32265625,0.20282226562499991,0.27809082031249993,9.88512091769194,2.1249775E8])
(1.0,[-5.582346938775509,7.27765306122449,-1.0317346938775511,80.92997897117607,97.0363934041658,34.05310520723754,7.519225322782172,7.996332778009161,4.93309246147439,15.848083988583394,2.677781666666667E8])
(1.0,[-5.282886597938144,7.260515463917526,-1.0039175257731958,74.29041866408936,91.71497577319589,33.947838659793824,7.226393878201723,7.504850674885752,5.075585078116697,15.422778376930044,2.522277777777778E8])
(1.0,[-5.4819587628866,7.609587628865977,-1.0414432989690723,76.47395966494845,98.72186649484529,36.39841664518901,7.172575193963225,8.055287490700396,5.010147730895949,15.979010797548748,2.82354E8])
(1.0,[-5.305555555555555,7.027575757575757,-0.7286868686868687,71.4635412698413,99.17421855287567,40.42066662543806,6.892300785634119,7.9097153351698815,5.052139577594122,15.68530932336022,2.2999810526315787E8])
(1.0,[-5.907959183673469,7.239591836734694,-1.1897959183673474,75.32477517357457,93.53649261519035,28.650030885756365,7.0131361932528105,7.667592669720949,4.504689712619742,15.687298532270407,2.9333293333333325E8])
(1.0,[-5.471616161616161,7.179898989898991,-1.0332323232323235,76.49865246340961,101.59116427540714,35.964634343434355,7.259606162636468,8.013643505764717,5.0530272421181515,15.801096862558346,2.664705294117647E8])
(1.0,[-5.546464646464645,7.055454545454549,-1.4090909090909092,73.79608839414554,98.32598218923933,25.894773654916506,7.121265177022751,7.805766758494034,4.427805325987142,15.618320032839721,2.8874968749999994E8])
(1.0,[-5.345051546391753,7.197010309278349,-1.3338144329896904,78.49856275773199,97.53908992697593,32.479744673539514,7.343252205335318,7.783349984057818,4.966789244340526,15.798771691195629,2.960042666666666E8])
(1.0,[-5.265959595959594,7.816161616161616,-1.2983838383838389,73.36284881467739,88.54852593279739,29.108595320552457,7.003634323028264,7.221732476277931,4.539846954392407,15.615492541641267,3.623070769230769E8])
(1.0,[-5.5164285714285715,6.967244897959183,-1.519795918367348,71.79230360824742,107.4325170734273,32.36741026719967,6.980553935860057,8.217061640982921,4.752240733027908,15.879682027011,2.4823535294117647E8])
(1.0,[-5.260408163265305,7.7569387755102035,-1.6869387755102048,67.10763488323165,92.78625444982113,34.63662352198612,6.701224489795917,7.4614910453977545,5.14780091628488,15.74710455910699,2.833394666666666E8])
(1.0,[-5.643939393939392,7.459595959595959,-1.2960606060606064,65.04547105751391,100.87258759018758,36.81399962894248,6.6034527089072546,7.884295480053053,5.111527395163759,15.834213910941296,2.6222227777777776E8])
(1.0,[-5.287755102040816,7.746734693877554,-1.1901020408163265,76.35630831054068,90.3464222175468,30.870471123500938,7.130474802165763,7.399112869637651,4.590097875885048,15.790942561169743,3.399985E8])
(1.0,[-5.168865979381441,6.926185567010307,-1.7007216494845356,68.68994557560139,107.21166759020616,28.997663015463928,6.717223934530769,8.112415772133064,4.5215389520671705,15.519878177957064,2.6110666666666663E8])
(1.0,[-5.62939393939394,6.984242424242425,-1.7585858585858583,73.47651391465676,108.95404100185532,30.83764695938982,7.018175696357516,8.276700336700335,4.539351086623815,15.861988676173548,2.747048823529412E8])
(1.0,[-5.681030927835052,7.285360824742271,-1.5217525773195875,74.09374684278349,99.09398971219925,27.936220854810983,7.041845041981081,7.724149218833032,4.336652141566586,15.683772388797312,2.9187581249999994E8])
(1.0,[-5.466122448979591,7.995612244897961,-0.9547959183673471,74.24693532505786,94.45917745634337,36.734445834209964,7.125351936693043,7.40048521449396,5.203579758433986,16.12155499217677,2.7234964705882347E8])
(1.0,[-5.712727272727274,7.612323232323231,-1.3835353535353532,68.11517105751392,103.84388944547511,33.343655741084305,6.731166207529845,7.909694929088868,4.912708907254362,16.16000043234509,2.7941E8])
(1.0,[-5.215656565656567,7.375959595959598,-0.8810101010101009,71.89211869717582,92.16334473304475,32.317223459080594,6.986293235384147,7.482430364248549,4.816918681767168,15.558846789949426,3.37143E8])
(1.0,[-5.39,7.664343434343436,-1.0788888888888883,73.9527020408163,97.31025543186976,34.719154875283444,7.081414141414142,7.659679624528109,4.86107744107744,15.861233345152858,2.893753125E8])
(1.0,[-5.397070707070708,7.423838383838384,-0.782323232323233,65.04187602556175,93.89931776953203,34.12035679241395,6.621116212631366,7.433435363738395,4.913767982858893,15.423399144347176,3.146667333333333E8])
(1.0,[-5.87556701030928,7.7041237113402055,-0.955979381443299,71.5968228522337,101.46138698453613,36.574518041237134,6.934970772664472,8.125924115208843,5.149014773089595,16.23595082876799,2.582312777777778E8])
(1.0,[-5.960909090909093,6.877878787878784,-0.8202020202020204,65.75033283858997,88.9924352504638,37.21334893836321,6.878273645546375,7.417281910009182,5.038365472910927,15.051386205977902,2.90624625E8])
(1.0,[-5.901443298969072,7.218659793814432,-1.5253608247422674,72.54926456185564,96.68040131013744,36.717745962199295,7.156360931023487,7.818193219258157,4.968192156445957,15.935411872962085,3.0285857142857146E8])
(1.0,[-5.089393939393941,6.953232323232325,-1.5084848484848494,75.62319758812615,94.15880781282212,26.459833395176247,7.3032384450566274,7.662326293235384,4.29952861952862,15.187807175984402,3.6090645454545456E8])
(1.0,[-5.876565656565659,6.676060606060606,-2.2443434343434348,68.91120032982892,107.53850371057517,29.84081257472685,6.852023262932355,8.193590449954083,4.517290072441588,15.622894501359712,3.119995333333333E8])
(1.0,[-4.790505050505052,7.475050505050504,-1.5639393939393944,68.01140076272931,97.80447015048446,34.52184860853431,6.6726313641465165,7.850449954086315,4.828417508417507,15.494159474300183,2.89373375E8])
(1.0,[-5.248762886597937,7.276907216494845,-1.8130927835051551,69.73029012027492,110.58080700171821,30.081923668384878,6.73315761504942,8.273070464448937,4.446614943139547,15.958396326519917,2.494075882352941E8])
(1.0,[-5.039999999999999,7.527474747474745,-1.6695959595959595,71.83920612244894,102.24033131313129,32.590414120799835,6.996161616161616,7.935127027854298,4.653514947454345,15.872818808371578,2.6166616666666663E8])
(1.0,[-5.146363636363638,7.367676767676769,-1.9748484848484864,69.41277643784784,111.47084658833235,31.48608645640075,6.683122130394858,8.552790531578408,4.562871135598409,15.91905094499061,2.2381009523809525E8])
(1.0,[-4.678585858585861,7.057676767676767,-1.3403030303030303,68.07913879612452,94.30439556792412,28.427100927643803,6.834300581573309,7.6432017141108055,4.485956535047446,15.114852458258262,3.278568571428571E8])
(1.0,[-4.762857142857143,7.494591836734694,-1.5334693877551016,73.52691340206184,100.69399622343786,30.820748664001673,6.997871720116617,7.693086214077465,4.532927946688881,15.717960771448785,2.6055566666666666E8])
(1.0,[-4.678585858585861,7.057676767676767,-1.3403030303030303,68.07913879612452,94.30439556792412,28.427100927643803,6.834300581573309,7.6432017141108055,4.485956535047446,15.114852458258262,3.278568571428571E8])
(1.0,[-4.3859793814433,7.456082474226802,-1.298969072164948,73.92617637457046,97.59214074312716,33.10928434278351,7.057547029439898,7.657270698267615,4.956981613348923,15.592632930226817,3.335724285714286E8])
(1.0,[-4.726767676767676,7.559595959595962,-2.1967676767676756,64.1379710781282,111.68688759018758,32.753371078128225,6.3495214774002635,8.617798183858788,4.838065503520051,15.921563922377016,2.1599885000000003E8])
(1.0,[-4.259072164948452,7.950309278350514,-1.8217525773195886,75.78008767182128,105.71337802835046,31.777743771477677,7.146221702625145,8.067928579020085,4.696435327877564,16.055792168850715,2.334976E8])
(1.0,[-4.3420408163265325,7.390408163265305,-1.7287755102040816,62.439034967389,111.37021220281935,37.52450363980643,6.306572261557686,8.198954602249064,5.129920866305705,15.814797943091717,2.300158421052631E8])
(1.0,[-3.985463917525774,7.9971134020618555,-1.7929896907216496,73.19602087628866,101.97367491408933,42.16535242697594,6.822015091933254,8.003653948347326,5.530547348283559,16.126719203198256,2.2238161904761907E8])
(1.0,[-3.3404040404040414,7.182525252525251,-1.8911111111111112,60.130873304473305,108.92500478251908,40.26023038548752,6.367874706662586,8.56012651770228,5.212278338945006,15.55201964718142,2.4001738888888887E8])
(1.0,[-1.7007216494845359,8.024226804123712,-1.825773195876289,63.74484426546392,98.0688079896907,33.59449965635741,7.001966202572005,8.383977043256458,4.9214709320863,15.389098539380758,2.2142823809523806E8])
(1.0,[-1.4848484848484849,7.8312121212121255,-2.3153535353535344,64.01709461966604,107.53747606679033,42.283119006390436,7.141157024793388,8.877288031833487,5.292341597796142,15.976390812141627,2.3579005263157895E8])
(1.0,[-1.2025773195876284,8.38309278350516,-1.7271134020618553,60.15046516323022,98.13208825171824,48.87337908075602,6.827552343500904,8.3461834413859,5.872139440960783,15.934640347436664,2.1999980952380952E8])
(1.0,[-0.8917171717171714,8.478282828282826,-1.9049494949494954,67.83267967429394,96.51934702123272,51.46580688517828,7.273521069278645,8.241232527293128,5.893488419549025,16.223186122633223,2.0416770833333337E8])
(1.0,[-1.0959375,7.680000000000003,-1.7822916666666666,61.915521217105265,108.20626736842104,41.78050627192982,6.864856770833332,8.83145833333333,5.249904513888887,15.634743003967733,2.1333242857142857E8])
(1.0,[-0.8710101010101012,8.77767676767677,-1.6965656565656568,56.63946631622345,102.32923026180168,34.40826359513501,6.627929803081319,8.519100091827367,4.8673829201101935,15.632847364388482,1.8222274074074072E8])
(1.0,[-1.0826530612244896,8.119489795918373,-1.2732653061224486,61.26595577529983,101.71878221123505,32.30795623816538,6.973877551020407,8.615428987921701,4.550624739691796,15.309346848314197,1.6999756E8])
(1.0,[-0.9864646464646467,8.317272727272723,-1.7633333333333339,70.92552104720676,102.3600853432282,32.499904081632664,7.479602081420263,8.604940312213039,4.545993265993266,15.804906813214586,2.1409190909090906E8])
(1.0,[-1.1557291666666665,8.457395833333335,-1.2085416666666664,72.43361630482458,97.6421984100877,31.990896798245622,7.579568142361108,8.469071180555558,4.503637152777778,15.593931724695654,2.1818681818181816E8])
(1.0,[-1.175463917525773,8.458865979381443,-1.0507216494845364,67.8668583762887,93.02166224226808,32.13829009879725,7.265220533531726,8.169233712403019,4.797179296418323,15.363261853084593,2.078260434782609E8])
(1.0,[-1.3016326530612243,8.082959183673468,-1.3766326530612243,63.424576688407335,97.16335713233745,35.69368648222174,6.926938775510203,8.209535610162431,5.013848396501455,15.395529827748446,2.2736557894736844E8])
(1.0,[-1.2918367346938773,8.03030612244898,-1.9172448979591838,66.90210380812114,97.63958444140542,41.80722841363349,7.11313619325281,8.13928571428571,5.446526447313619,15.69219841762008,2.2619047619047615E8])
(1.0,[-1.1142424242424238,7.955959595959597,-2.0600000000000005,63.72939610389613,101.46304881467738,41.127218367346934,7.031962044689319,8.469939802061019,5.390707070707072,15.60418540390611,1.8076969230769232E8])
(1.0,[-1.3496938775510199,7.907244897959181,-2.1868367346938773,64.83256176099307,102.88588820744795,39.60066102461604,7.0129466888796355,8.571438983756769,5.337353186172428,15.63203440413291,2.3250125000000003E8])
(1.0,[-0.9269387755102039,8.270408163265309,-1.7997959183673473,66.51429981064594,98.20643282137598,44.11188449400378,7.157301124531446,8.258725531028741,5.647984173261142,15.836848918473216,1.9599972E8])
(1.0,[-1.2471717171717174,8.81959595959596,-0.9438383838383836,59.40183477633478,88.9671426922284,36.66021572871573,6.816739108254258,7.933370064279157,5.122836445260687,15.347260760245295,2.2524009523809528E8])
(1.0,[-0.8691919191919192,8.232828282828288,-2.2617171717171716,59.924336075036074,98.29096742939602,42.62022049062051,6.854553616977859,8.476594225079076,5.529774512804819,15.606744724853076,2.1227190909090906E8])
(1.0,[-1.2696907216494844,7.811752577319591,-2.7327835051546403,53.625584278350495,103.61790002147767,46.45910362972509,6.384017430120097,8.397744712509299,5.780257200552664,15.700104121866275,2.357916842105263E8])
(1.0,[-0.9635353535353535,8.273232323232317,-2.087070707070706,56.93779451659451,97.25303842506702,47.897210719439286,6.490666258545048,8.11054994388328,5.937051321293743,15.723300440721511,1.8640012E8])
(1.0,[-1.383737373737374,7.864848484848486,-2.5547474747474737,57.963305277262435,102.98873339517624,43.01504968047827,6.67023977145189,8.366917661463118,5.633927150290786,15.508263006364215,2.154540909090909E8])
(1.0,[-0.7424489795918372,8.453163265306124,-2.0433673469387754,69.22120424994739,98.39676824111083,40.72276895644853,7.329079550187422,8.35174510620575,5.36036651395252,16.028575114096274,2.2045204545454544E8])
(1.0,[-1.0182828282828285,7.893636363636365,-2.184242424242424,68.56810824572253,106.70067847866419,39.01605528756957,7.235304560759104,8.535316804407712,5.16585246403428,15.887236568528028,1.7961357692307696E8])
(1.0,[-0.649292929292929,8.756868686868689,-1.4349494949494945,59.649588270459724,99.44387478870334,46.04592321170891,6.744264870931539,8.47682481379451,5.435208652178349,15.855587074666264,1.7607442857142854E8])
(1.0,[-1.273163265306123,8.0965306122449,-1.7950000000000002,50.60588576688405,99.2300311382285,41.38634896907216,6.183635985006248,8.45198667221991,5.386020408163264,15.24729139005311,2.0857023809523812E8])
(1.0,[-1.0942857142857148,8.55816326530612,-2.008571428571428,58.88214432989691,97.1381574163686,43.69311134020617,6.595218658892128,8.282228238234064,5.435014577259473,15.77112900322294,2.095668695652174E8])
(1.0,[-1.1820202020202017,7.949090909090909,-1.296767676767676,66.52002240775099,102.48662263450835,41.06563842506699,7.1087888990919295,8.537924701561062,5.220020406081014,15.71350207570856,2.0217365217391303E8])
(1.0,[-1.2939795918367354,8.730408163265304,-1.3648979591836734,52.84034173153797,99.67291323374707,44.979076793604044,6.122919616826322,8.5177384423157,5.320616409829238,15.615123077925979,1.8461373076923078E8])
(1.0,[-1.3545360824742267,8.083711340206184,-1.2520618556701029,65.13463337628863,97.43058608247422,41.746947787800686,7.037666064406419,8.264627484323517,5.224259751301944,15.61680800036096,1.9455845833333337E8])
(1.0,[-1.2928999999999995,8.103499999999999,-1.4962,62.99195009090913,103.77181893939394,47.15289450505049,6.9443,8.577769999999994,5.523455999999999,15.98960093294414,1.8599972E8])
(1.0,[-1.1886000000000003,7.924199999999996,-1.4352999999999996,71.66123236363633,104.76267511111114,46.361180717171706,7.3713440000000015,8.549232000000005,5.5622760000000016,16.042020541367613,1.9208145833333334E8])
(1.0,[-0.9237755102040816,8.276836734693875,-1.4243877551020414,77.07311652640439,98.2553641173995,34.581202198611386,7.772015826738858,8.369414827155351,4.793188254893796,15.839059849716493,1.830761153846154E8])
(1.0,[-0.9947474747474745,8.02989898989899,-1.3273737373737375,73.05738029272318,106.77097039785609,44.940776705833834,7.357820630547902,8.782734414855627,5.533880216304458,16.09363339351895,1.9125112499999997E8])
(1.0,[-0.9927272727272727,8.702727272727271,-1.213030303030303,74.23732615955474,98.96583636363636,41.77059480519483,7.5533700642791555,8.461157024793389,5.366795224977044,16.255452970853774,1.7922973076923075E8])
(1.0,[-1.1607142857142865,8.731530612244901,-1.3321428571428575,54.49568917525773,99.66487082895014,45.50482319587629,6.256588921282801,8.516570179092039,5.354708454810494,15.693604483067945,1.8461373076923078E8])
(1.0,[-1.4655670103092784,7.925051546391752,-1.361855670103093,65.13125618556698,102.23335025773196,41.395950687285236,7.039759804442559,8.430770538845783,5.175795514932511,15.720086097039449,1.9455845833333337E8])
(1.0,[-0.8202020202020197,8.613232323232326,-1.1534343434343426,74.11060812203667,98.7828465883323,41.87092277880849,7.535569839812266,8.451560044893379,5.388444036322821,16.173030024947007,1.7922973076923075E8])
(1.0,[-0.9785263157894732,8.258631578947373,-2.0534736842105263,59.93039354983202,105.27001406494958,44.525269720044776,6.762541828254851,8.56796675900277,5.456837673130193,15.941412395513735,1.9434652173913044E8])
(1.0,[-0.9240816326530613,8.72357142857143,-1.6076530612244886,58.655616158215906,96.19767886597941,39.20017278560909,6.550612244897958,8.359897959183671,5.185947521865889,15.657468713738238,1.7884592307692304E8])
(1.0,[-1.4910204081632648,8.1934693877551,-1.7892857142857144,57.15269585524929,100.30444350936254,47.2876293814433,6.644468971261971,8.451553519366927,5.631034985422739,15.82411529903985,2.227255909090909E8])
(1.0,[-0.5770408163265307,8.655306122448978,-2.2490816326530605,56.15377362718282,100.32736330738484,51.975552756154016,6.362226155768428,8.40119950020825,6.201865889212827,16.088916115839343,1.9599976E8])
(1.0,[-1.4658585858585855,8.358282828282825,-1.778181818181818,63.8096755308184,105.99747967429396,38.6820905380334,6.919453117028873,8.55362514029181,5.306611570247933,15.979312965416808,1.7846326923076928E8])
(1.0,[-0.7431632653061223,8.348163265306122,-1.5981632653061222,70.64010226172944,98.64814092152326,50.910454323585114,7.533765097875886,8.329945855893378,6.109779258642232,16.20201056170727,2.1903919047619045E8])
(1.0,[-1.316868686868686,7.995050505050506,-2.4687878787878788,69.94342580911152,107.67194566068852,46.08100055658627,7.292531374349555,8.774894398530757,5.588466483011935,16.32989826196384,2.3200225E8])
(1.0,[-0.8054545454545455,8.866565656565653,-1.6205050505050502,68.9185270871985,92.85239624819624,42.85195790558648,7.120073461891644,8.025028058361388,5.4792368125701465,16.029663244108885,2.1304321739130434E8])
(1.0,[-0.945656565656566,8.269696969696968,-1.9122222222222218,69.65125339105337,105.20110705009277,46.37180929705216,7.391800836649321,8.968405264768899,5.526666666666666,16.259331866836916,2.047835652173913E8])
(1.0,[-0.9521212121212119,8.319191919191919,-1.6581818181818182,61.720565862708725,104.24859729952584,48.521680333951764,6.754753596571779,8.519014386287115,5.8052157943067035,16.098322832023083,2.1904790476190478E8])
(1.0,[-0.7749494949494949,8.826060606060611,-1.6660606060606062,63.6090599464028,99.66759962894253,54.827928200371055,6.842165085195389,8.281707988980717,6.274600550964186,16.358289677944455,1.549865666666667E8])
(1.0,[-1.4594949494949496,8.775151515151515,-2.3660606060606058,51.37350076272932,109.22789257884966,52.99898738404452,6.043146617692072,8.808123660850937,6.074233241505968,16.381241826230422,1.9038392307692307E8])
(1.0,[-0.9130303030303032,8.795858585858591,-1.512727272727273,47.89187847866421,96.15697757163471,53.42043024118739,5.716192225283135,8.186607489031731,6.276455463728193,15.733957966996854,2.1000073913043478E8])
(1.0,[-1.1762626262626266,8.751414141414143,-1.2528282828282835,49.29490323644607,91.84572451041015,56.1173368171511,6.020289766350373,8.02284256708499,6.277059483726151,15.715606437390424,1.9359864000000003E8])
(1.0,[-1.3522448979591841,7.823367346938775,-1.613061224489796,53.774046454870614,110.86605143067538,48.846895686934566,6.18027072053311,9.076155768429825,5.827692628071636,15.735359861557928,2.0347926086956525E8])
(1.0,[-0.8462244897959184,8.835612244897955,-1.616122448979592,49.994359825373444,101.0175259099516,45.28230852093416,5.9412765514369,8.59046022490629,5.535293627655143,15.819953647143091,2.026088695652174E8])
(1.0,[-1.1033000000000004,8.634099999999998,-1.8346000000000002,63.569541525252504,105.77837796969698,41.25963317171716,6.786232000000002,8.678889999999994,5.298864,16.057147477828064,1.63449E8])
(1.0,[-0.4044642857142858,9.480892857142857,-1.083392857142857,41.70347607142857,74.50838282467532,36.72037918831169,5.222640306122449,6.731479591836735,4.66422193877551,14.662233719593885,2.01248125E8])
(1.0,[-0.7117171717171717,8.947676767676764,-1.565050505050505,64.35884906204905,98.02670781282211,38.846633415790556,6.867662483420059,8.459753086419756,5.190547903275178,15.89251686554917,1.6750010714285716E8])
(1.0,[-0.858918918918919,10.247567567567566,-1.4927027027027027,40.346121021021034,67.41189669669672,42.03041471471471,4.904295105916726,5.8691161431701975,4.697472607742878,15.09437583484221,2.0049275E8])
(0.0,[-1.0001010101010102,10.50060606060606,-0.3808080808080809,19.808235703978553,22.648701669758818,33.89469321789322,3.5560514233241505,3.9801591674318955,4.607101316192228,12.805551243028301,1.75E9])
(0.0,[-0.8148453608247418,10.431237113402064,-0.5394845360824743,19.83011690292096,24.979044286941576,33.17350702319589,3.5692315867786157,4.204704006801996,4.475017536401318,12.77954490328803,1.0466513333333334E9])
(0.0,[-0.8879797979797983,10.694545454545453,-0.28202020202020217,19.171326489383635,25.616904638218905,29.703891795506095,3.558685848382818,4.36213039485767,4.442642587491072,12.93284165826032,9.57512E8])
(0.0,[-1.255555555555555,10.519292929292932,-0.09434343434343434,20.91807800453515,28.051037250051547,31.97688604411463,3.8025364758698093,4.523238445056627,4.556377920620344,12.996142332037223,1.133331E9])
(0.0,[-1.2223232323232325,10.89212121212121,-0.331919191919192,18.23762413935271,20.900063821892395,31.333219748505456,3.439687786960514,3.816461585552495,4.6657157432915,13.132278576792757,1.050003E9])
(0.0,[-1.2928124999999993,10.178125,-0.4014583333333332,18.43373621710526,25.03274171052631,31.470103114035073,3.478411458333334,4.210898437499998,4.407105034722223,12.551318850144225,6.960022E8])
(0.0,[-1.117040816326531,10.485102040816333,-0.5760204081632653,24.782138575636445,25.583049989480312,28.14646544287818,3.9455664306538956,4.194881299458555,4.2637713452728025,13.007639448219347,2.2400205E9])
(0.0,[-1.018367346938776,10.481326530612241,-0.204591836734694,22.47456637912898,24.19260131495897,33.445245707973896,3.8033652644731357,4.062919616826322,4.654377342773842,12.959492477672304,8.300048E8])
(0.0,[-1.0307070707070711,10.474747474747472,-0.3505050505050506,26.96836378066378,27.73417008864152,32.2905966810967,4.116039179675545,4.420795837159474,4.518559330680543,13.127355122464312,8.320068E8])
(0.0,[-0.9007142857142856,10.467653061224494,-0.1261224489795919,26.424742783505145,27.69637690932043,33.46380542815063,4.00698250728863,4.405539358600583,4.52066638900458,13.116440391948391,1.506663E9])
(0.0,[-0.6299999999999999,10.753265306122445,-0.022040816326530644,27.89013814432991,24.046385104144758,27.53974012202821,4.098163265306121,4.082190753852563,4.250483132028319,13.092478673448566,7.700012E8])
(0.0,[-0.9207142857142854,10.255408163265308,-0.21551020408163257,26.968887113402072,24.312321996633695,29.83354045865769,4.0277551020408175,4.152501041232818,4.309895876718034,12.724046737986713,9.566546666666666E8])
(0.0,[-0.8855670103092785,10.538659793814436,-0.27845360824742277,23.159191602233673,25.172461726804126,33.37302362542956,3.8402401955574432,4.259485598894677,4.642435965564884,12.994296646676537,7.016703333333334E8])
(0.0,[-0.8792,10.583200000000003,-0.21769999999999995,21.911144808080802,21.218120969696972,30.345440111111106,3.8120959999999995,3.610687999999998,4.239343999999998,12.866652294928944,1.04249575E9])
(0.0,[-0.6981818181818182,10.530101010101012,-0.17111111111111107,23.97221706864564,24.833654071325505,32.828730385487525,3.8811386593204777,4.195641261095805,4.489405162738496,12.946045496587805,6.40006E8])
(0.0,[-0.9435353535353537,10.365757575757579,-0.028080808080808074,22.200508802308807,22.745722634508347,30.383605462791174,3.7490011223344557,3.899112335475971,4.427011529435776,12.761180930807168,1.0700176666666667E9])
(0.0,[-1.0181443298969073,10.621752577319585,0.03969072164948455,25.577363187285226,23.214979188144337,27.677300945017198,3.8719863960038263,3.897527898820279,4.161711127643745,12.872351298788217,7.016651666666666E8])
(0.0,[-0.9258585858585859,10.529595959595955,-0.29919191919191923,22.62556124510411,23.840252896310037,29.763387095444237,3.711874298540965,3.8588980716253447,4.051719212325272,12.844279874465323,2.1199645E9])
(0.0,[-0.9749494949494949,10.46949494949495,-0.21383838383838397,22.802108925994634,23.41708851783138,33.38209123891982,3.848946025915723,3.9238343026221822,4.6554718906234065,12.93308606212941,7.550048333333334E8])
(0.0,[-0.8373469387755103,10.584693877551022,-0.1792857142857143,27.956840311382287,24.659373616663167,31.237918041237116,4.104760516451479,4.034443981674302,4.320830903790086,13.063937768300597,1.5166726666666667E9])
(0.0,[-0.8243298969072161,10.800206185567006,-0.17237113402061865,21.86235397336769,20.75370204037802,28.926845360824732,3.809673716654268,3.674392602827081,4.367777659687537,13.02402022152438,1.9649965E9])
(0.0,[-0.9438383838383841,10.447777777777773,-0.21787878787878784,27.447974912389196,22.683568480725615,28.127441372912795,4.127670645852465,3.8100561167227824,4.083709825528006,12.82172174293444,1.0566713333333334E9])
(0.0,[-0.8879797979797976,10.594444444444445,-0.27282828282828286,22.136881591424448,22.152965759637183,28.08990416408988,3.665195388225692,3.8431649831649826,4.393427201305989,12.862326015851918,9.700165E8])
(0.0,[-0.9546391752577317,10.668041237113403,-0.17670103092783498,19.83496054553265,17.80568674828179,28.924836920103093,3.6524412796258896,3.2941396535232217,4.2873121479434575,12.810592155705843,1.050003E9])
(0.0,[-0.845408163265306,10.429183673469385,-0.15908163265306122,22.24143952240689,20.071502419524506,31.596849663370506,3.7713869221157847,3.5352186588921284,4.423610995418578,12.716870437436839,1.9399875E9])
(0.0,[-0.768888888888889,10.548686868686866,0.02616161616161608,22.531697732426302,21.191625809111525,31.722321851164708,3.831088664421997,3.670751964085296,4.396559534741354,12.813216174039052,8.06671E8])
(0.0,[-0.8496969696969697,10.674343434343434,0.2214141414141413,23.984207050092756,24.418663595135023,28.878549000206146,4.0106091215182085,3.9124864809713285,3.9695928986838083,13.00981144678611,4.533352222222222E8])
(0.0,[-0.9791752577319587,10.330927835051543,-0.14546391752577328,24.411999312714766,23.575393921821306,30.757485459622,3.9843554044000427,3.977993410564352,4.32040174301201,12.738434586846925,1.059997E9])
(0.0,[-1.0166666666666662,10.513737373737374,-0.007474747474747544,22.39926326530611,27.587160379303246,33.88923539476395,3.77986531986532,4.466680950923373,4.629272523211915,12.989695454629716,6.014535714285715E8])
(0.0,[-1.0259595959595957,10.604545454545459,-0.41656565656565675,23.02617738610596,25.29524137291281,28.293624819624814,3.7758024691358036,4.282369146005511,4.162956841138657,13.016731274870677,5.25009E8])
(0.0,[-1.0735353535353538,10.595656565656562,-0.2706060606060606,22.841839414553704,24.0005227788085,31.929550649350656,3.7737781858993977,4.215392306907458,4.623673094582185,13.150185316611983,3.50037E8])
(0.0,[-0.8412244897959182,10.423775510204083,-0.15000000000000005,24.699901577950772,28.605609309909543,26.812311340206183,3.845818408996252,4.522546855476886,4.010816326530613,12.756461159764878,1.0250245E9])
(0.0,[-0.8565656565656569,10.569191919191915,-0.3822222222222222,24.841871758400334,27.57308709544425,23.669772562358286,3.8364105703499654,4.423338434853586,3.8484624017957345,12.834277374801706,7.580078E8])
(0.0,[-0.653939393939394,10.54343434343434,0.040808080808080835,25.965313914656775,26.097390125747253,27.964954442383,3.9613590449954077,4.259814304662787,4.188623609835728,12.891793798935986,8.650055E8])
(0.0,[-0.7712371134020616,10.129690721649483,-0.016288659793814463,24.166110953608243,26.868332195017178,30.286873582474225,3.7710192369008397,4.20859815070677,4.172815389520672,12.518488013355201,1.41332E9])
(0.0,[-0.8455555555555558,10.552424242424244,0.04494949494949492,25.58141473922903,24.52700426716141,33.79829259946401,3.8525925925925923,4.016247321701868,4.51650647893072,13.020970323612056,1.050003E9])
(0.0,[-0.7531958762886598,10.84835051546392,-0.1589690721649483,27.01416572164948,23.272197250859094,29.161878092783525,4.125637155914553,3.8487426931661157,4.304119460091403,13.309403394422619,1.2966713333333333E9])
(0.0,[-0.8676000000000001,10.281699999999994,-0.022600000000000155,22.523499232323232,23.629392030303016,36.91741741414142,3.971488,4.084560000000002,4.927472000000002,12.98260435816636,8.720154E8])
(0.0,[-1.1016161616161615,10.371818181818181,-0.15383838383838366,25.624923891981034,27.944457884972177,29.73157491238921,4.0967574737271715,4.388723599632691,4.115020916233038,12.947815890591013,8.79982E8])
(0.0,[-0.8824489795918369,10.531632653061232,-0.168061224489796,19.17770940458658,23.812710709025882,34.68489001683149,3.5359725114535596,4.086026655560181,4.850089546022491,12.908404758663066,0.0])
(0.0,[-1.0480999999999991,10.540199999999999,0.06150000000000005,18.287278171717166,26.184450464646467,31.006938131313124,3.3451,4.269368000000001,4.251859999999999,12.76860182662649,2.859955E9])
(0.0,[-0.8660606060606063,10.561111111111112,-0.05696969696969705,24.1906771799629,27.46690589569161,29.357574397031556,3.9779553106825816,4.34626262626263,4.178157330884606,12.998277001060663,8.79982E8])
(0.0,[-0.9764285714285716,10.649183673469391,-0.23142857142857154,19.829600515463927,24.189904481380193,30.585682474226797,3.5361807580174944,4.0534319033735935,4.479096209912536,12.934878725318883,0.0])
(0.0,[-1.1545454545454548,10.145050505050508,-0.16101010101010108,17.810290352504637,27.607559946402805,31.802162234590806,3.2983287419651064,4.424589327619631,4.224350576471786,12.502831786495925,2.859955E9])
(0.0,[-1.0484848484848484,10.504646464646468,0.37282828282828295,20.938370129870133,23.63986798598228,31.679800082457238,3.680348943985308,4.008480767268646,4.396067748188959,12.818755854895896,8.00003E8])
(0.0,[-1.42020618556701,10.208762886597942,0.1321649484536082,21.346956207044673,25.527998453608237,29.961398389175258,3.5758486555425657,4.209907535338503,4.305581889680094,12.623080217619105,2.1649935E9])
(0.0,[-0.9768041237113395,10.677731958762884,0.02432989690721646,18.409286554982824,21.266290635738837,30.174606056701037,3.5265192900414517,3.7399192262727174,4.479878839409078,12.864779547714909,0.0])
(0.0,[-1.0524489795918364,10.343367346938777,0.04071428571428571,21.17109909530823,21.866507100778456,33.2114149484536,3.754294044148273,3.7722740524781337,4.5841836734693855,12.735826921078335,9.87503E8])
(0.0,[-1.7411111111111113,10.335555555555555,-0.28989898989898993,10.248881405895688,15.069829024943322,21.981974479488763,2.422469135802469,2.9243322109988767,3.4631629425568824,11.898746844165721,8.42491E8])
(0.0,[-0.6851020408163264,10.685204081632648,-0.0391836734693878,28.090682979171053,27.625693256890383,34.112057058699754,4.253765097875883,4.23281132861308,4.591032902957099,13.44014017374027,7.5E8])
(0.0,[-1.5380612244897958,10.299387755102043,-0.3024489795918368,26.882850841573745,32.46274807490009,26.49817744582368,4.081445231153688,4.590291545189505,4.041749271137025,13.094910175002966,7.279968E8])
(0.0,[-1.9746391752577317,10.127010309278353,-0.14041237113402058,22.134520962199307,27.388285760309277,34.41093524484537,3.8348496120735462,4.292730364544587,4.607471569773622,12.918957627902108,1.529999E9])
(0.0,[-2.188585858585858,10.277070707070706,-0.01545454545454538,21.851312265512263,31.727451535765827,30.185374025974014,3.6641403938373633,4.6202591572288565,4.356620752984391,13.061210536799406,7.6750175E8])
(0.0,[-2.319578947368421,10.317789473684211,-0.10168421052631593,23.56269343784993,28.6490578275476,31.370614154535293,3.7341806094182814,4.350185041551243,4.182821052631578,13.115969340196768,9.4255825E8])
(0.0,[-2.4075510204081634,10.244591836734694,-0.46561224489795927,23.06807022932884,26.565445707973907,29.484319724384605,3.703157017909204,4.228425655976675,4.135641399416911,12.994232890725055,1.1399943333333333E9])
(0.0,[-2.4517171717171706,10.12676767676768,-0.1379797979797981,23.516951102865374,27.168083323026195,31.937036693465245,3.6986980920314263,4.287970615243339,4.323175186205488,12.962120392539294,9.449845E8])
(0.0,[-2.277142857142858,10.33928571428571,-0.1336734693877551,24.646616494845357,28.753744845360817,29.623516263412583,3.8633819241982503,4.345320699708454,4.37448146605581,13.17455222930884,1.02499375E9])
(0.0,[-2.22919191919192,10.149898989898995,-0.45292929292929307,23.40408913626056,27.674211214182648,32.58680051535766,3.8419406183042555,4.263150698908271,4.556567697173757,13.063535381223408,5.814295714285715E8])
(0.0,[-2.251616161616162,10.217979797979796,-0.28787878787878796,23.89180960626675,28.737906081220366,31.918567903525055,3.9373635343332323,4.367013570043874,4.336755433119072,13.08088911850302,7.416686666666666E8])
(0.0,[-2.236734693877551,10.32,-0.34959183673469385,21.21552118661899,28.470857731958773,28.96681014096361,3.7142107455226987,4.326326530612246,4.088671386922115,12.979153620290763,1.0233356666666666E9])
(0.0,[-2.426020408163266,10.290102040816326,-0.3375510204081633,19.612275752156535,22.39889174205765,27.9952743530402,3.5505893377759277,3.682324031653476,4.340957934194084,12.848408500928096,6.366628333333334E8])
