(2.0,[1.4223232323232318,9.36515151515151,2.5509090909090912,0.21159556792413942,0.028415027829313717,0.05575936920222638,0.3667299255178044,0.1413529231711054,0.18798898071625345,9.822760367278395,5.010176530612244E7])
(2.0,[0.7177083333333331,9.619166666666665,1.471979166666667,1.2034052192982452,0.1663529824561404,1.9380539364035088,0.8573654513888888,0.3089409722222215,1.2061957465277775,9.916597928771393,9.27785E7])
(2.0,[-0.7691752577319586,9.66896907216495,1.8181443298969076,0.1944555627147766,0.028851009450171914,0.06807777061855677,0.2937060261451802,0.09465618025294889,0.17899457965777466,9.880633596323339,1.599976E9])
(2.0,[-0.8512359550561797,9.758089887640452,0.990674157303371,0.9416836823289073,0.06425426455566924,1.1016790858018386,0.7357934604216636,0.17544501956823735,0.9340436813533641,9.946608678403297,1.6363254545454547E8])
(2.0,[-0.7050000000000003,9.741938775510206,1.2091836734693882,0.46154484536082463,0.07224259415106264,1.3141890174626552,0.46173469387755117,0.17453352769679376,0.9336651395251974,9.93041558026406,1.9133506666666666E8])
(2.0,[-0.8456565656565657,9.746565656565652,1.0850505050505055,0.8407493094207381,0.05755135023706504,1.0515619872191304,0.6639506172839507,0.15877971635547222,0.8999367411488622,9.937301306307614,1.75E8])
(1.0,[-2.2974226804123727,7.890927835051541,-0.1409776181443298,21.449840163230245,68.26076892182128,50.73889164562684,3.6021787650122232,7.120563290466574,5.558569748113508,12.633797417704011,3.093363333333333E8])
(1.0,[-3.306734693877551,8.956326530612245,-2.9176730367346937,18.428117062907642,60.76529358300021,83.40872216699461,3.393681799250314,6.426809662640565,7.438238708163267,14.448741228460596,3.046193846153846E8])
(1.0,[-4.154040404040403,9.298989898989893,-3.695379144040404,20.37081616161617,55.78826835703981,79.34732555741529,3.496124885215794,6.115445362718093,7.3375916157126815,14.910379889693402,3.841730833333334E8])
(1.0,[-4.225510204081632,9.509285714285713,-2.99758834867347,20.60393014937934,49.28416958762888,73.6515596125519,3.437521865889214,5.508790087463558,6.941651867653059,14.58308222751647,4.13638E8])
(1.0,[-4.3951515151515155,9.110707070707075,-3.306717743838383,24.608139517625222,51.37683316841888,64.7184851279428,3.935322926232017,5.634957657381899,6.4532932249035815,14.20730278812949,4.109080909090909E8])
(1.0,[-0.2390816326530611,9.478673469387754,-2.4042693109795925,13.747420797391118,71.1859786345466,58.734255312429866,2.8643148688046645,6.965720533111204,6.106734815799249,14.262240168504677,2.3315747368421054E8])
(1.0,[-0.3587628865979382,9.267628865979379,0.2054285282474225,22.64536303694158,43.359395360824756,28.246344920375687,3.520603677330216,5.453638006164311,4.072025083228824,12.275309157233236,4.456887777777778E8])
(1.0,[8.482857142857142,1.915918367346939,0.12286106948979605,63.41765773195873,42.55899760151484,34.226880472546476,7.014839650145773,5.247967513536031,4.978183172190754,13.311075156205284,1.380015E9])
(1.0,[8.192061855670106,2.3770103092783503,0.12230230154639185,62.54528112113405,46.50626076030928,30.890459739651565,6.982331809969179,5.520401743012011,4.212108091525136,13.116237713330822,1.200042E9])
(1.0,[8.246161616161615,3.4564646464646467,-0.13070033743434348,62.41743001442999,57.62367819006393,29.2658619931428,6.993294561779409,6.163369043975104,4.2224328782148755,13.660026780690062,1.149979E9])
(1.0,[7.844270833333335,1.3925000000000005,-0.11846868045833314,78.02320156798244,41.33230947368423,39.60606803300453,7.6356098090277795,5.394427083333335,5.014111696917535,13.673942209228526,0.0])
(1.0,[8.74216494845361,1.2005154639175262,-0.20416482670103087,61.88839005584191,34.84570077319587,28.548951770055876,6.659713040705708,4.840218939313425,4.214626883254328,13.037476437049106,1.509887E9])
(0.0,[1.8796969696969699,10.042020202020195,-0.2849266604040404,11.77861317254175,16.657824448567304,12.323851892299407,2.6661340679522505,3.301434547495153,2.5364808921967144,11.213775655824037,0.0])
(0.0,[-0.19353535353535353,10.136060606060603,-0.3889365955555557,13.489972067614927,21.89165677179963,20.303858242911595,2.8472074278134887,3.9334741352923177,3.2260198703479235,11.647513334395349,8.50052E8])
(0.0,[0.3885714285714287,9.801020408163264,-0.2920035696530612,11.239785567010308,20.576609257311173,16.895395014155174,2.554198250728863,3.741103706788837,2.885355222472721,11.032177679712486,1.199814E9])
(0.0,[0.33649484536082475,9.85443298969072,-0.4581772769072165,14.13669175257732,19.241447852233673,18.67417893526208,2.7782314804973964,3.602599638643851,3.0797301394027,11.196702308305408,1.7599795E9])
(0.0,[-0.1102020202020202,9.708282828282831,-0.46763193652525264,9.363824448567305,21.52599396000824,16.04717731810123,2.3171860014284262,3.8121701867156412,2.7984540851602904,10.907344871444408,1.0362956666666666E9])
(0.0,[0.6026262626262625,10.028686868686869,-0.09534243874747475,15.980839971139972,18.101748258091103,21.086127453744115,3.0218018569533727,3.514633200693806,3.247421073639832,11.478428930573948,8.361694E8])
(0.0,[1.2898989898989903,10.2569696969697,-0.5296801984848483,18.75163366316224,20.593960111317255,8.914827068018107,3.1814998469543925,3.6191613100704023,2.1220226696051414,11.46042020833145,7.539918E8])
(0.0,[2.134226804123711,10.119793814432988,-0.3149529789690722,16.818514239690725,17.916808290378007,12.327889086386406,3.074690190243384,3.3777425868848976,2.4897399577340846,11.469119206537183,7.7500925E8])
(0.0,[2.251874999999999,9.996875,-0.5050879072499999,19.97209960526315,19.52079434210526,9.721831527874093,3.383658854166665,3.546940104166666,2.2926166448229166,11.383276187998993,6.77716E8])
(0.0,[2.548383838383839,9.66474747474747,-0.5109693993939396,19.59197491238919,23.55579253762111,13.039468668324147,3.4901561065197435,3.977947148250177,2.5782355242424244,11.288273926100828,7.333273333333334E8])
(0.0,[3.034343434343434,9.83292929292929,-0.5200496406060604,18.521902370645225,22.463771943929082,13.803259474379836,3.3641587593102744,3.8971839608203243,2.624787340820323,11.562579186371172,5.957248571428571E8])
(0.0,[3.3249494949494944,9.685858585858584,-0.4990000098585861,22.075621170892596,23.26325308183878,13.381067900661032,3.880650953984286,3.8952453831241707,2.442232140598307,11.503603874836275,8.319886E8])
(0.0,[4.095638297872339,9.442021276595746,-0.5136609831914893,17.61281195378632,20.51336898878975,13.320045996359445,3.3828995020371204,3.651129470348574,2.5777509959348115,11.508512201528418,1.03501875E9])
(0.0,[2.1632653061224487,10.170918367346939,-0.1406509325510204,16.924603660845776,18.281274405638534,13.412885797035333,3.06917950853811,3.4651478550603922,2.740038450237401,11.575734438580835,7.7497875E8])
(0.0,[3.7261224489795914,9.836428571428568,-0.48977659404081625,21.136881716810432,21.561113917525763,14.064861637696838,3.745885047896709,3.8166618075801755,2.680922346433153,11.820373090042962,9.519958E8])
(0.0,[4.771630434782608,8.842391304347823,-0.352204436,20.2562335762064,21.614901911132335,14.306828112879453,3.566337429111531,3.711016068052929,2.529081646043478,11.209479328132183,1.153595E9])
(0.0,[3.1362626262626265,9.548282828282828,-0.7368745571717171,17.087623644609362,20.24350416408988,17.464168217457523,3.0813529231711057,3.738467503315989,2.949185381259055,11.351978946232528,7.398476666666666E8])
(0.0,[2.57958762886598,9.803505154639176,-0.9117207622268038,26.97977691151203,26.340775085910654,18.911036326970763,3.9230460197683072,4.3161292379636516,3.037255046774791,11.971868540642001,4.800007777777778E8])
(0.0,[2.930918367346939,9.571224489795915,-0.8258377952040815,23.678439354092152,22.978140753208503,19.29658456294509,3.638173677634318,3.9263765097875876,3.173989171863807,11.687199954383141,5.45112625E8])
(0.0,[3.003939393939395,9.82777777777778,-0.5197744575757577,21.64576901669759,16.578131746031747,13.425690921874352,3.505625956535048,3.360852974186307,2.715311728735843,11.5768622527182,1.4050295E9])
(0.0,[4.192371134020619,9.502371134020617,-0.36788980804123717,16.8709432774914,13.349870360824744,11.805845888475682,3.0899054097141034,2.8305834838983945,2.417476384310766,11.361120481445582,2.099915E9])
(0.0,[4.023673469387754,9.42102040816327,-0.44113249051020414,20.06782141805176,19.677112350094674,14.797124255492102,3.361749271137026,3.6760433152852987,2.863012969883382,11.493499240780684,6.097665E8])
(0.0,[4.596881720430106,9.137419354838707,-0.5074677988817203,18.896815170640487,16.722399789621317,14.10322792769015,3.3155578679616142,3.2628234477974325,2.592023506820673,11.3879922951271,1.7099765E9])
(0.0,[5.268695652173913,8.828695652173915,-0.6133598021304347,22.670802675585286,16.211209268991873,12.888355749721434,3.70640831758034,3.159659735349717,2.600582034690925,11.565092865187681,1.9199985E9])
(0.0,[4.728673469387755,9.02122448979592,-0.6466885489795917,20.064444613928043,16.14983972228066,12.445254350229964,3.30109537692628,3.220099958350686,2.4399738186214077,11.355120005565412,1.5549925E9])
(0.0,[3.298080808080808,9.46010101010101,-0.10910036090909095,18.623846279117714,11.636864275407131,12.6341897225463,3.2865544332210987,2.7199163350678495,2.567865679155189,11.174486395659589,1.100037E9])
(0.0,[1.201443298969072,10.01536082474227,-0.10236325395876292,10.960610395189006,12.74794804553264,16.412161310033444,2.4340376235519177,2.942654904878308,3.040135728139442,11.134079685666324,0.0])
(0.0,[1.2385714285714282,10.023265306122454,0.11146449336734693,12.481150515463915,16.56614180517568,17.606426956753708,2.686122448979591,3.3741441066222397,3.0736093250812164,11.241222098433871,2.120056E9])
(0.0,[1.4275510204081632,9.913061224489791,-0.32841717546938776,13.154251672627819,18.17883176940879,11.54757248007808,2.7225072886297372,3.5062307371928374,2.3959246698683874,11.002323977504489,6.05016E8])
(0.0,[2.2658585858585867,10.03808080808081,-0.049941287777777794,17.43669593898165,16.833036075036077,14.457088556488618,3.1967778798081827,3.3159636771757985,2.7554376155555556,11.397346242314523,1.06501E9])
(0.0,[0.9330303030303029,10.059999999999997,-0.08296027949494955,12.566147866419296,18.616581632653062,14.520269938149122,2.7501744719926537,3.5426262626262615,2.6992552746332006,11.17416325130065,2.1299895E9])
(0.0,[2.203917525773196,10.008247422680407,-0.19630150975257737,13.369638659793809,16.973860438144317,13.660943109210011,2.8109958550324152,3.4022085237538526,2.623800974367521,11.221482861793978,7.200165E8])
(0.0,[2.64080808080808,9.71808080808081,-0.24654206535353532,16.028915666872805,16.696148319934032,12.5139723736637,3.0119600040812173,3.2867870625446383,2.357594489615346,11.133311429588927,1.0666706666666666E9])
(0.0,[3.216632653061224,9.834999999999997,-0.27741035704081635,16.188082358510417,14.835680927835055,12.789798170438363,3.070031236984589,3.078775510204081,2.429737278619325,11.354846925293874,3.25E9])
(0.0,[3.3854545454545453,9.813838383838382,-0.34174691121212114,13.623098515769943,13.051597361368788,11.72201986500708,2.801028466483011,2.826938067544128,2.2802888422711978,11.26630918370823,0.0])
(0.0,[1.7377551020408155,9.806326530612242,-0.5627427314285716,11.441854702293282,16.467761624237326,17.514665185210728,2.464581424406497,3.3061016243231984,2.827390730874636,11.091188161456065,5.750275E8])
(0.0,[1.8309278350515474,9.924329896907217,-0.31762087989690735,16.20714392182131,18.8004789733677,17.466597060155898,2.9567222871718575,3.612422149006272,2.788151332502923,11.318065070685657,1.4233396666666667E9])
(0.0,[0.12836734693877552,10.158979591836735,-0.128420436877551,10.051879781190827,16.988741216074065,16.952728065949128,2.2590837151187,3.348221574344022,2.751230812777176,11.154835731199492,1.0549775E9])
(0.0,[1.0962886597938148,10.096907216494845,-0.07750961752577322,10.462794415807556,14.58515283505155,15.018168666065089,2.4176171750451694,3.140856626634072,2.7442315393474326,11.175663038520234,1.070007E9])
(0.0,[0.5493939393939395,9.955252525252522,-0.31024124626262617,11.544520037105755,16.805188455988457,16.39366991251378,2.369427609427609,3.3348515457606362,2.6665614025344357,11.062093960620091,7.05032E8])
(0.0,[1.7450505050505052,10.232929292929292,-0.16165563917171727,13.198286477015042,14.82871276025562,13.760240372879215,2.7604591368227727,3.124111825323946,2.6366080592192644,11.410043833124876,1.050049E9])
(0.0,[2.2713541666666672,10.030520833333329,-0.15535711114583342,16.064346567982447,15.596238673245619,12.257727574830188,2.9890798611111116,3.1963867187500012,2.4110852765972233,11.305188817281273,1.0433453333333333E9])
(0.0,[2.488571428571428,10.278877551020413,-0.1897119902653061,14.897934020618557,14.942391510624876,8.444336038595475,2.841516034985422,3.043706788837985,2.092113202107871,11.442985312000177,2.089996E9])
(0.0,[2.4478571428571434,9.792959183673469,-0.2002746841224489,15.289887113402068,15.498604555017884,11.928722971597551,3.0765014577259477,3.1657705122865476,2.151019394603082,11.094648297690137,1.394974E9])
(0.0,[0.562424242424242,10.033939393939388,-0.49212105149494956,13.71716549165121,17.13724044526902,14.12349900000008,2.8766880930517305,3.4294765840220403,2.8081207390470375,11.264706764739378,1.132515E9])
(0.0,[2.2153608247422683,10.176597938144331,-0.4754484432989691,15.238768878865978,16.229035180412378,12.312374149463844,2.924113083218195,3.248859602508236,2.5851445817663934,11.469717152274619,6.750185E8])
(0.0,[0.4414141414141415,9.998484848484848,-0.17018555222222215,13.590412265512267,19.983659925788505,22.34627175720505,2.8406489133761865,3.683287419651056,3.3418949668462408,11.432390800832753,1.75E9])
(0.0,[1.9217346938775501,10.195612244897955,-0.5382816894897958,20.944039227856095,18.95536714706501,8.910687444247714,3.2821949187838393,3.475637234485631,2.205889353869221,11.469144212595683,6.249898333333334E8])
(0.0,[1.3147474747474748,10.180505050505053,-0.3347303450505051,16.7227149866007,18.192698721913,12.988118029180965,3.1040832568105294,3.5029343944495444,2.6516695073115,11.48114381124494,9.333293333333334E8])
(0.0,[1.897878787878788,9.830707070707069,-0.12065702711111127,14.922400556586272,16.10283316841888,15.12356009640551,2.8174839302112025,3.23127640036731,2.645582645037038,11.144334994512857,1.376648E9])
(0.0,[1.3718556701030928,9.956288659793817,-0.5265598293814433,14.53461527061856,16.65088816580756,13.006276762699782,2.9434180040386866,3.4182591136146248,2.6935804733808055,11.225502357890216,9.9997E8])
(0.0,[2.2488999999999995,10.040499999999998,-0.54767418684,15.686167464646465,15.869410858585848,15.341990702956307,3.060812,3.2376799999999992,2.931251371844798,11.558901487655755,6.100036E8])
(0.0,[1.9089898989899,9.837474747474745,-0.346149436909091,15.711568357039788,16.804074170274166,12.722696409421715,2.873200693806756,3.311688603203755,2.422859877002755,11.137613366009626,6.83319E8])
(0.0,[1.4361224489795918,10.008265306122452,-0.31271206244897953,13.96085697454239,17.417750568062278,16.033516159787183,2.8547855060391507,3.4898979591836734,2.9669269818034145,11.308315201405595,1.375E9])
(0.0,[2.1208163265306137,10.046428571428573,-0.47879692963265313,16.448061182411116,15.849093298969073,13.025121560859407,3.1717326114119118,3.254737609329447,2.6558742120899614,11.469310668732986,6.100036E8])
(0.0,[3.1212499999999994,9.781458333333335,-0.5853911693125,20.218632105263158,17.973235745614033,13.539318024584205,3.4398437499999996,3.3558029513888896,2.8388138992786467,11.585257669595146,1.0250245E9])
(0.0,[2.187373737373738,10.00585858585859,-0.7283446542828285,14.95162568542568,15.36640410224696,13.539893981422736,2.9776451382511984,3.172313029282726,2.7685535058047144,11.459540101362462,1.00251E9])
(0.0,[4.147319587628868,9.645463917525772,-0.517854030927835,23.202273990549823,17.609860459621988,9.520154468924913,3.658624721011796,3.3268147518333517,2.3105894319523874,11.604175456518444,1.01499175E9])
(0.0,[6.51061855670103,8.180412371134018,-0.47783549602061864,19.10118086340206,9.840524828178696,12.118008253130206,3.2909597194175797,2.5011287065575503,2.6646663535385273,11.547161862893308,1.0466816666666666E9])
(0.0,[6.33135802469136,8.013456790123456,-0.2646719496790124,20.231336882716043,15.023662901234568,14.568659002678094,3.536863283036123,3.0240298734948916,2.7679137197110197,11.449511396544192,0.0])
(0.0,[1.9721212121212122,9.969494949494951,-0.14322002080808083,15.32614341372913,18.957004844361983,18.146354837710444,3.032329354147536,3.5877726762575257,2.8858460855239256,11.395072148192261,5.933278333333334E8])
(0.0,[2.61357142857143,9.83938775510204,-0.26782051806122453,18.23517164948454,17.53165735325058,13.640834660222643,3.137638483965015,3.373827571845063,2.6557550747709286,11.319135453827203,1.037506E9])
(0.0,[0.8437755102040814,9.964489795918366,-0.28616629136734706,13.137137144961072,17.414278602987586,15.910784511961715,2.698927530195753,3.4241316118284058,2.8762106957371927,11.29716294131144,9.4249725E8])
(0.0,[1.1403030303030302,10.122121212121211,-0.2464044822222222,15.42318051948051,19.683782189239338,18.783885629273385,3.0599387817569634,3.6149984695439255,2.926911417126823,11.5351751492326,8.166706666666666E8])
(0.0,[2.3501999999999983,9.7843,-0.44524915345999994,21.117450464646467,18.737776272727267,15.68968301779211,3.5114479999999992,3.548158000000001,2.8663912998328014,11.505263637520471,5.9250625E8])
(0.0,[2.8253061224489797,9.797142857142854,-0.530776607244898,15.613697328003353,16.461527835051545,13.927878366133704,3.078092461474386,3.300320699708455,2.7087785658996255,11.377093224419784,7.83315E8])
(0.0,[0.6984848484848485,9.816666666666668,-0.13689136795959597,12.669061966604824,17.524389795918363,18.290347871944594,2.779804101622283,3.3752861952861952,2.969708298840934,11.224007578931356,8.021925E8])
(0.0,[1.1801020408163265,9.819591836734695,-0.4351562200204082,15.694372154428786,20.27042251209764,17.60604815752738,2.9986901291128705,3.7481299458558928,2.937635578748438,11.247012128667356,1.174988E9])
(0.0,[2.8243434343434353,9.85727272727273,-0.601634147878788,17.607806452277885,17.27689146567718,12.95781473094003,3.180987654320989,3.3513865932047757,2.661383428558311,11.441454104650601,6.69989E8])
(0.0,[3.400918367346938,9.74132653061225,-0.44557995342857154,21.56347440563855,18.726687912897127,11.035394147553175,3.58566847147022,3.454822990420659,2.3463530881690966,11.504022672845222,6.100708E8])
(0.0,[4.490909090909089,9.1969696969697,-0.725042772727273,20.488198144712424,17.414198886827457,12.521591277219816,3.5294582185491277,3.3345332108968466,2.5328260271074376,11.462859745018854,9.269916666666666E8])
(0.0,[5.867653061224489,8.751224489795916,-0.6038817574081633,25.79898103303176,16.048934567641492,10.483801655694897,4.126224489795917,3.2035651811745094,2.3863688666580583,11.782813922500887,3.049927E9])
(0.0,[6.162551020408163,8.371428571428572,-0.36830533199999993,26.617862497370087,14.53686391752577,11.064942083012083,4.152755102040816,3.0134110787172013,2.4564504200816333,11.668033705016475,0.0])
(0.0,[-0.6972727272727275,9.79232323232323,-0.2190262174747475,9.12429146567718,27.674132302618027,21.031077828544944,2.280863177226813,4.331376390164273,3.272502196798286,11.341500139999672,8.199706E8])
(0.0,[-1.3490721649484532,9.899896907216496,-0.5031103696494845,8.376479338487972,23.188478114261176,19.505063409086755,2.3624529705601005,3.9658603464767785,2.9966415433057714,11.255771518494875,7.416636666666666E8])
(0.0,[-2.0010638297872334,10.087021276595745,-0.20053790074468078,5.252863372226035,19.51631576298329,17.466280138459553,1.8652195563603442,3.6371072883657756,3.0420235837709377,11.252092359437137,1.189987E9])
(0.0,[-2.0338775510204097,10.111938775510207,-0.28769511867346953,5.580867283820745,18.98071269724384,16.976168789932387,1.9258267388588088,3.568304872969596,3.0012359666055803,11.2960731319355,1.189987E9])
(3.0,[6.372783505154639,2.490309278350515,6.505051546391752,0.0017973797250859255,7.342783505154592E-4,0.0011627577319587384,0.03369539802316922,0.016985864597725078,0.027046444893187412,9.440989918745565,0.0])
(2.0,[-7.932700000000001,5.652900000000001,-0.6480000000000001,0.01294516161616151,0.017277363636363664,0.0317959595959596,0.088354,0.10041600000000014,0.13252,9.765223737725808,0.0])
(2.0,[-8.00161616161616,5.686868686868686,-0.4484848484848485,0.22167083075654512,0.17987478870336013,0.2219884972170687,0.3610978471584532,0.35072543617998164,0.36501989592898687,9.848319694412448,0.0])
(2.0,[-7.9943,5.696799999999999,-0.45449999999999996,0.13958435353535342,0.21704016161616174,0.46136035353535354,0.2953579999999999,0.3640720000000002,0.52146,9.861193604377142,0.0])
(2.0,[-7.983100000000001,5.700499999999998,-0.5689000000000001,0.10314079797979797,0.1816391414141415,0.24635534343434345,0.2369060000000004,0.3212800000000002,0.39316400000000007,9.84891995182975,0.0])
(2.0,[-8.066666666666665,5.504242424242421,-0.8433333333333334,0.048689795918367376,0.11988794063079791,0.2181408163265306,0.1682828282828281,0.2779002142638501,0.38026936026936015,9.818901178726719,4.849975E8])
(2.0,[-8.07704081632653,5.500102040816328,-0.801530612244898,0.08754063749211007,0.28905875236692596,0.42145845781611585,0.23641399416909603,0.3984756351520202,0.4888629737609332,9.84076908542094,3.19947E8])
(2.0,[-8.088400000000004,5.451700000000001,-0.9091,0.08840549494949486,0.13791122222222235,0.40624059595959594,0.2241440000000005,0.28696799999999995,0.46457,9.824378891838448,1.0749435E9])
(2.0,[-8.070808080808076,5.477474747474746,-0.8576767676767679,0.05089321789321778,0.059819068233353874,0.24436495567924152,0.17545964697479777,0.19164166921742679,0.3444464850525456,9.807707785349592,2.79999E8])
(2.0,[-7.969393939393941,5.660909090909092,-0.6456565656565654,0.1397608534322819,0.17385528756957347,0.22305135023706452,0.3044750535659626,0.33136822773186425,0.3394857667584941,9.820927287395584,2.4199800000000006E8])
(2.0,[-8.071800000000003,5.449200000000002,-0.9032999999999999,0.07589571717171727,0.13625995959595957,0.26610314141414143,0.20878000000000024,0.2765999999999999,0.419172,9.802298325962507,0.0])
(2.0,[-8.079090909090912,5.426262626262625,-0.8817171717171716,0.0886940630797773,0.15363793032364467,0.21392457225314365,0.22563820018365505,0.31380063258851126,0.37320273441485563,9.792903998640679,3.833363333333333E8])
(2.0,[-8.047575757575757,5.516565656565656,-0.7354545454545449,0.1101756957328387,0.140949309420738,0.23604953617810767,0.2621487603305785,0.30965615753494513,0.3946189164370983,9.805773695561832,3.729981E8])
(2.0,[-8.080707070707065,5.527070707070708,-0.7921212121212122,0.11850255617398457,0.08530663780663783,0.425639332096475,0.28081420263238355,0.23677992041628412,0.5548025711662077,9.84871024253073,4.900105E8])
(2.0,[-8.030202020202015,5.513030303030303,-0.7472727272727273,0.15881832611832586,0.32130909090909104,0.3530853432282005,0.291521273339455,0.416216712580349,0.3896602387511479,9.801015503063448,0.0])
(2.0,[-7.9658585858585855,5.690101010101013,-0.5214141414141413,0.12356736755308197,0.1625581529581529,0.06318369408369405,0.23182532394653596,0.29222120191817175,0.17695745332108972,9.815848090778848,2.710022E9])
(1.0,[8.517100000000003,5.607999999999999,-2.6548999999999987,98.24238241414142,116.20329090909091,44.63998887878789,8.593131999999999,8.779360000000006,4.607213999999998,18.05592006389724,5.07492E8])
(1.0,[9.142121212121218,3.3365656565656554,-3.7962626262626245,98.36016586270871,99.65442890125748,47.5102420119563,8.610296908478725,8.109933680236711,4.924254667891032,17.721620320042152,8.350755E8])
(1.0,[7.668585858585859,1.7346464646464654,-3.1052525252525256,84.5890122655123,82.77542921047208,52.32752110904964,8.087258443016022,7.044115906540151,5.422179369452095,15.57816687756395,1.3733216666666667E9])
(1.0,[8.379494949494951,0.6354545454545456,-1.7433333333333343,79.3330334157906,49.41788014842296,49.37499387755103,7.818489950005102,5.405399449035812,4.9670033670033655,14.200269937074575,0.0])
(1.0,[8.219696969696974,0.5530303030303033,-3.2941414141414147,106.04051929499069,96.6779090909091,54.3144775716347,9.079289868380782,7.8782675237220685,5.401389654116927,16.891298051812775,8.400575E8])
(1.0,[8.657070707070705,0.7615151515151514,0.14999999999999986,72.16593112760258,27.554851762523185,20.8583,7.686240179573516,4.23578206305479,3.5290909090909097,12.200475583290237,0.0])
(1.0,[-3.8271717171717157,8.86040404040404,0.5022222222222222,22.00474498041641,67.67339371263655,43.194446031746025,3.751811039689827,7.1460973370064265,5.303950617283951,13.235825801804282,2.394698421052631E8])
(1.0,[-6.436499999999999,8.349600000000002,0.5359,48.534249242424245,78.41186044444446,40.621866858585854,6.141409999999997,7.652591999999999,5.103351999999998,14.761210057120472,2.231954285714285E8])
(1.0,[-7.003535353535351,7.047474747474749,0.4505050505050508,62.01510472067614,67.12269049680481,34.36948851783137,7.110594837261503,6.935022956841137,4.817137026833994,14.230680577438731,4.5998E8])
(1.0,[-7.451818181818181,7.119898989898991,-0.2961616161616162,65.99120890538029,63.37174386724385,48.32845246340961,7.337575757575755,6.84211815120906,5.75375982042649,14.891397383327698,5.2375025E8])
(1.0,[-7.941515151515151,5.683434343434343,0.023333333333333383,65.73282319109461,47.835773799216675,39.81631224489796,7.2280869299051105,5.649409243954698,4.904511784511782,13.559005907949897,3.19366E8])
(1.0,[-6.878041237113401,8.213092783505154,1.353917525773196,55.834145081615084,57.15642991838488,35.54979074312717,6.63930279519609,6.564665745562759,4.70172600701456,14.11826405353738,5.142855555555556E8])
(1.0,[-4.730869565217391,8.772173913043478,2.9930434782608693,18.131862845849803,57.03169960474308,49.04810395256918,3.7052551984877127,6.520529300567109,5.708922495274101,13.430542173319207,1.7335E8])
(1.0,[-7.518383838383838,8.481919191919193,0.9477777777777778,49.12461368789939,62.17945648319931,35.82761746031745,6.159247015610654,6.746662585450464,4.671964085297419,14.80420838016017,3.927251818181818E8])
(1.0,[-5.590300000000001,8.767200000000003,0.6689,46.558750414141414,65.40637187878787,37.79403817171718,5.948541999999997,6.911511999999999,4.981680000000002,14.250194585052874,2.757089285714286E8])
(1.0,[-7.815800000000002,7.018700000000001,0.8051999999999997,63.33998218181817,53.31219930303031,36.19745147474746,7.164747999999999,6.031543999999999,4.890248000000001,14.299468316019748,5.730946666666666E8])
(1.0,[-8.461326530612249,6.581632653061225,-0.3722448979591837,61.5551332737219,46.77948184304648,37.48640521775721,7.243952519783423,5.80499791753436,4.818567263640149,14.280314107211986,1.2449645E9])
(1.0,[-3.908787878787881,7.662121212121213,-0.2541414141414142,59.51455157699444,63.93296790352503,19.375708183879613,6.343128252219162,6.6040036730945815,3.2900622385470877,12.745360423943906,2.7427892857142854E8])
(1.0,[-7.611020408163265,3.5367346938775506,0.04928571428571427,63.89083606143488,47.21745520723754,21.613872680412378,7.053206997084548,5.472723865056224,3.4107725947521863,12.4795584345204,1.290039E9])
(1.0,[-5.6469,8.115999999999996,1.0943999999999994,59.971793323232326,53.86288282828279,17.529768323232325,6.621928000000001,6.045399999999999,3.1508639999999994,13.256655817389301,4.180023E8])
(1.0,[-2.0546000000000006,8.518999999999997,-1.4662000000000002,25.549095797979806,71.06207575757574,27.671421777777784,4.014984000000001,7.339940000000003,4.035132,12.577563340506929,2.9626843749999994E8])
(1.0,[-1.6967010309278359,8.561546391752577,-0.1074226804123712,32.54938692010308,68.88956737542955,25.486806829896903,4.194811350834305,7.221356148368584,4.01158890424062,12.730603524517305,3.133687333333334E8])
(1.0,[-0.0905714285714287,9.563142857142855,0.08371428571428581,17.24778807453416,84.70551461697724,20.93764687370601,3.332604081632653,8.271248979591835,3.3925306122449004,13.020444295795498,2.3503961111111107E8])
(1.0,[1.4307142857142854,9.066836734693878,-0.5800000000000001,14.457899484536085,80.48404040605932,13.341037113402065,2.9065306122448975,8.186364014993753,2.595102040816327,12.053548735686334,1.8760744E8])
(1.0,[0.4843434343434342,8.628181818181817,-0.17979797979797968,18.930439105339108,75.17669461966608,36.191906081220374,3.368946025915722,7.629752066115706,4.641461075400469,12.827101286141014,2.700099375E8])
(1.0,[-4.9254,8.524800000000004,0.3188,33.93437458585859,66.8524231919192,42.68370359595961,4.967572,7.345,5.291880000000002,13.71273853276577,4.1365745454545456E8])
(1.0,[-6.1427999999999985,7.717100000000001,0.16619999999999988,48.903240565656546,65.33568948484852,50.248510666666675,6.049792000000001,6.772184,5.644639999999999,14.319458956861213,4.744466666666667E8])
(1.0,[-3.9533673469387747,7.3270408163265275,-0.3656122448979593,65.46359988428361,66.3399756890385,20.961317662528923,6.600110370678883,6.924448146605583,3.4824510620574767,13.16879234637813,4.22515875E8])
(1.0,[-7.906500000000002,5.801599999999998,1.1541000000000008,66.93525126262625,62.69271660606061,17.712200191919187,7.277230000000001,6.629360000000003,3.1265460000000016,13.58725755252283,5.101074E8])
(1.0,[-3.8541414141414156,9.364141414141415,-0.011111111111111089,57.71332655122653,68.04710002061428,9.4514283446712,6.0682236506478935,6.9773145597388,2.1274971941638605,13.725715857806696,2.6389055555555555E8])
(1.0,[-6.608673469387752,7.018061224489798,-0.13489795918367348,63.67076420155691,65.75972919208918,8.724796381232906,7.036089129529363,6.761326530612242,2.292357351103706,13.043791216658894,4.76671E8])
(1.0,[-7.0221212121212115,5.575050505050506,0.05717171717171712,72.043486270872,60.26504770150484,9.51554702123273,7.478028772574226,6.324799510254058,2.2244811753902662,12.977956113093615,1.054985E9])
(1.0,[-8.450000000000003,0.6650000000000007,-0.3977999999999995,80.79146060606062,33.91591616161617,13.608286020202014,7.920799999999998,4.724300000000001,2.9506640000000006,12.710221817779452,2.255539E9])
(1.0,[-7.699512195121952,-4.2978048780487805,1.2826829268292685,44.24109475609757,27.255957560975617,15.760485121951215,5.255133848899465,3.872766210588936,3.423105294467579,11.229132628905989,0.0])
(1.0,[-0.9284848484848487,9.844343434343433,0.4601010101010102,23.03617217068645,70.42777788084926,48.48627447948874,3.817985919804101,7.415033159881646,5.429821446791142,14.02274722582613,2.32387E8])
(1.0,[-2.252346938775511,9.63755102040816,0.4133673469387755,26.54458309488744,72.79834033242163,40.0077875131496,4.216068304872967,7.515097875885048,5.111874219075386,14.002871797312899,2.2047209523809525E8])
(1.0,[-4.326666666666666,8.700707070707065,0.5744444444444445,32.23042448979593,72.15322908678625,47.78274331065762,4.738518518518517,7.516471788592999,5.732323232323232,13.977313272287155,2.3895747368421048E8])
(1.0,[-5.9787755102040805,8.172755102040815,0.13459183673469408,54.133518072796114,61.91415624868506,42.58403746055122,6.318038317367765,6.800066638900455,5.336395251978341,14.216542010987043,2.4999593333333334E8])
(1.0,[-6.897700000000002,7.517900000000002,-0.42450000000000004,58.097036070707055,65.11769352525252,43.57938459595959,6.641286000000001,6.670615999999999,5.449050000000001,14.698766073142636,4.260285E8])
(1.0,[-7.833500000000001,7.4612,-0.20490000000000003,62.68643510101008,61.331489454545455,49.638770696969715,7.139579999999999,6.536871999999999,5.651418000000001,15.176993143119397,3.991775833333334E8])
(1.0,[-7.98494949494949,6.890202020202023,-0.564141414141414,74.01654157905587,60.0089917955061,49.0940592042878,7.903885317824713,6.369715335169881,5.956679930619324,15.12172467823007,5.054932222222222E8])
(1.0,[-7.181010101010101,6.4213131313131315,-0.7002020202020199,65.04208672438673,60.35119315605028,16.494495877138746,7.0409203142536505,6.620816243240486,3.144005713702684,13.59425331617135,5.677978E8])
(1.0,[-6.610600000000001,8.118200000000003,-0.28269999999999995,48.204116808080784,70.12484723232325,41.57475324242425,6.048871999999999,7.261199999999997,5.194122,14.330931563788473,3.6386346153846157E8])
(1.0,[-6.63868686868687,7.602929292929293,-0.5706060606060608,51.812756421356426,55.114567862296454,53.1162486085343,6.380279563309867,6.244634220997857,5.848582797673706,14.203814137343016,4.53009E8])
(1.0,[-6.9817171717171735,6.861212121212124,-0.7822222222222223,57.90735110286539,62.826051576994445,54.77150725623582,6.5526844199571475,6.501475359657177,6.138540965207633,14.49718729343636,4.254394E8])
(1.0,[-6.973131313131313,7.154545454545452,-0.5868686868686869,52.569907441764606,65.55978218923933,48.200748258091096,6.220234669931639,7.0852892561983465,5.52394653606775,14.176475118581184,4.154551818181818E8])
(1.0,[-6.475408163265304,7.498673469387751,-0.08693877551020379,44.1938539553966,68.7217229644435,61.013569913738685,5.737405247813411,7.258796334860477,6.179762598917117,14.425538628458375,3.7846375E8])
(1.0,[-6.702323232323232,7.195858585858588,-0.7937373737373739,60.74870985363844,71.63272655122657,51.90345425685427,6.9618671564126124,7.225179063360883,5.735518824609735,14.718943997213234,4.821573333333333E8])
(1.0,[-6.34030303030303,6.196767676767675,-0.4629292929292928,51.456253988868255,52.20778944547515,57.72523112760254,6.308827670645851,6.04435261707989,5.734655647382921,13.502459977978992,4.914245714285714E8])
(1.0,[-6.666262626262626,7.775353535353534,-0.4922222222222225,46.9194950731808,67.47888023088018,60.64028684807258,6.094155698398124,7.094325068870524,6.516655443322108,14.731725103202864,3.6470384615384614E8])
(1.0,[-6.648282828282829,7.052525252525253,-0.2317171717171716,62.81729600082459,65.74488845598846,55.66771436817152,6.942807876747272,6.692700744821957,5.830882563003775,14.750224212599433,7.05007E8])
(1.0,[-6.898999999999997,6.3862000000000005,-0.06259999999999966,68.11446161616162,57.09335309090909,38.86840933333332,7.432059999999997,5.976772000000001,4.847724000000001,13.89544921151306,4.249065E8])
(0.0,[7.597979797979797,6.383939393939395,-0.029696969696969725,25.94767342815915,11.290638404452693,7.382823376623375,4.034727068666461,2.489660238751148,1.93860422405877,11.06572449268392,2.200043E9])
(0.0,[7.539381443298969,6.115670103092786,-0.11247422680412367,26.155010030068723,9.834118556701029,8.025635481099656,4.073227760654694,2.1880178552449783,2.0575619088107127,10.815724754108782,6.80634E8])
(0.0,[7.753999999999999,6.020799999999999,-0.23970000000000008,23.999747474747487,10.270866020202021,6.392893848484847,3.9943199999999996,2.261760000000001,1.879438,10.826484752735807,1.750061E9])
(0.0,[7.561099999999999,6.274699999999999,-0.25799999999999995,27.720757363636363,14.034388797979794,9.712155555555556,4.4365440000000005,2.617286,2.0703200000000006,11.105072457653325,0.0])
(0.0,[7.810505050505053,6.09979797979798,-0.3362626262626261,29.49674566068851,14.320344856730564,8.174846093588949,4.608005305581064,2.7260014284256715,1.9296275890215282,11.07241972382137,2.2550965E9])
(0.0,[7.829591836734693,6.39591836734694,-0.5733673469387753,30.378981274984213,19.283566673679772,5.7554782347990745,4.472636401499375,3.2547147022074148,1.6269575177009585,11.39345108243704,0.0])
(0.0,[7.525858585858583,6.279696969696968,-0.26989898989898986,33.78252246959392,19.233090723562153,9.481588765203053,4.743326191204979,3.1812427303336395,2.0053953678196104,11.349442380725279,5.9612E8])
(0.0,[7.768686868686869,6.276868686868685,-0.27292929292929285,39.908076829519686,17.785944176458457,8.76655153576582,5.331927354351597,3.1211284562799713,2.1745026017753286,11.673192725910912,1.6499635E9])
(0.0,[8.083700000000002,6.343099999999999,-0.7479,37.66304172727272,21.884692313131314,8.869768272727269,5.178626000000002,3.41743,1.8191080000000013,11.900807885825031,0.0])
(0.0,[7.637551020408162,5.996530612244898,-0.4117346938775511,37.95892796128761,18.00695278771302,8.96241448558805,5.115106205747605,3.21146605581008,1.9833694294044149,11.478663338879205,1.099915E9])
(0.0,[8.188699999999997,6.148100000000001,-0.2483999999999999,39.326377080808086,16.56463978787879,12.377094383838385,5.105448000000001,2.9124920000000007,2.3206640000000003,11.956268491295008,0.0])
(0.0,[7.834299999999998,5.8187999999999995,-0.4182999999999999,44.96754394949496,20.343931878787874,9.590852636363639,5.723785999999999,3.2403119999999985,2.0704139999999995,11.640617787613913,1.6550445E9])
(0.0,[8.056060606060605,5.763232323232322,-0.47070707070707063,39.03877105751392,14.211722098536386,8.962190311276025,5.309115396388124,2.7854627078869503,2.0511070298949092,11.546600606896991,0.0])
(0.0,[8.109699999999998,5.4278,-0.5001,35.39027768686868,19.388334505050505,11.329451505050509,4.9273,3.220472000000001,1.9866540000000004,11.525278075518482,3.254426E9])
(0.0,[8.11282828282828,5.864848484848486,-0.16060606060606067,39.895012327355204,20.673329313543608,12.902707792207796,5.413590449954086,3.398708295071932,2.5366329966329975,11.77929817965411,1.120087E9])
(0.0,[8.391515151515149,5.475555555555555,-0.34989898989899015,34.22886604823746,17.133122902494332,11.99726835703979,4.978157330884604,2.909113355780022,2.288429752066116,11.498336731021906,1.080048E9])
(0.0,[8.219499999999998,5.263199999999999,-0.27049999999999996,39.343245202020206,18.143165414141418,11.968723989898988,5.28529,3.0816319999999995,2.35007,11.42473013661662,1.6300205E9])
(0.0,[8.055499999999999,5.2988,-0.4340999999999998,30.57223914141414,11.876356121212119,11.447398171717168,4.595720000000001,2.272888000000001,2.1524860000000006,11.060092105102264,1.6598055E9])
(0.0,[7.969,5.451400000000001,-0.33399999999999985,37.43307373737374,15.087097010101013,8.944343434343434,5.167299999999997,2.80708,2.1002399999999994,11.101362046509193,3.969879E9])
(0.0,[8.030300000000002,5.764699999999999,-0.3318999999999999,38.28210192929292,21.247261525252522,12.520045848484859,5.204717999999999,3.5529339999999996,2.333988,11.65839130857207,4.395966E9])
(0.0,[8.15141414141414,5.547070707070708,-0.39696969696969686,37.055087775716345,17.11486786229643,10.403945825602968,5.1740679522497715,3.0227119681665138,2.186691153963881,11.432012259921269,1.080139E9])
(0.0,[7.944899999999994,5.784,-0.3501000000000001,38.55034443434344,18.19589292929292,14.653396959595959,5.203491999999998,3.117239999999999,2.5506499999999996,11.640814783379495,0.0])
(0.0,[8.3054,5.2949,-0.5227,39.796693777777776,20.766318171717177,14.756920919191913,5.2860000000000005,3.247774,2.450988000000001,11.837737801219435,1.3050385E9])
(0.0,[8.157777777777774,5.337171717171716,-0.3282828282828284,36.57003786848072,20.97940416408988,14.02182049062049,5.008933782267116,3.2925313743495552,2.514590347923682,11.610332379314686,1.1235195E9])
(0.0,[8.0687,5.461400000000001,-0.4012,38.21761950505051,14.69947276767676,14.354584404040402,5.2193000000000005,2.694788,2.4941519999999997,11.507607755088598,2.200074E9])
(0.0,[8.30868686868687,5.092525252525253,-0.2516161616161617,31.55742580911153,16.728823149866,9.461766749123889,4.697838996020815,2.8460442811957964,1.988356290174472,11.170744939615057,2.879974E9])
(0.0,[8.180816326530614,5.26387755102041,-0.021428571428571533,39.49983437828737,18.596619861140326,12.570393814432986,5.283502707205329,3.258125780924616,2.5636443148688057,11.53222955970439,2.249878E9])
(0.0,[8.676363636363641,5.174343434343434,-0.3858585858585858,33.208368274582554,14.95398400329829,11.069987775716346,4.748246097337004,2.7841485562697676,2.1254320987654314,11.481934078947978,1.079926E9])
(0.0,[8.225252525252525,5.083535353535354,-0.23141414141414146,31.425212945784374,17.408865945165942,10.707985734900019,4.655533108866443,3.0344577083971025,2.0409162330374455,11.189864328098608,1.810028E9])
(0.0,[8.284799999999994,5.294699999999998,-0.2269,36.41229793939395,16.294057484848487,13.647853929292928,5.059296,2.9038039999999996,2.498712,11.495651394537528,0.0])
(0.0,[8.224900000000003,5.215400000000001,-0.15469999999999992,31.586334333333326,15.485774585858586,9.736893848484845,4.710586000000003,2.798588,2.107668,11.146495921287443,0.0])
(0.0,[8.24080808080808,5.293636363636362,-0.20383838383838385,36.510668728097286,16.325507050092767,12.686362667491242,5.155475971839608,2.8538108356290173,2.593982246709521,11.464621550261832,0.0])
(0.0,[8.336400000000005,5.1713000000000005,-0.0868,31.23192428282829,11.91475485858586,13.984761373737378,4.728256000000001,2.3973679999999993,2.5381359999999993,11.202367795113684,8.284455E8])
(0.0,[8.124199999999997,4.916999999999998,-0.08830000000000005,34.441877131313134,15.052409090909094,10.370305161616166,4.999852000000001,2.72554,2.225516,11.045704610140193,0.0])
(0.0,[8.480699999999995,5.151300000000002,-0.3047000000000001,38.511893444444446,15.20700334343434,9.024857484848484,5.364927999999996,2.8516899999999996,2.018738,11.40003177405291,3.30191E9])
(0.0,[8.353737373737374,5.0840404040404055,-0.11575757575757574,26.756490991548134,12.481756977942688,11.54417773654916,4.2892031425364765,2.5665952453831253,2.2471502907866534,10.955736243059983,0.0])
(0.0,[5.879090909090909,7.9294949494949485,0.24454545454545457,36.4902185528757,15.522672191300762,7.114206679035253,4.943287419651055,3.072378328741965,1.8120844811753911,11.273235738659833,1.121002E9])
(0.0,[6.366200000000001,7.833199999999999,0.004600000000000071,29.58601975757576,14.786632080808081,9.647592767676768,4.523352000000002,2.879311999999999,2.1965320000000004,11.505946377094554,2.127502E9])
(0.0,[6.087474747474749,7.759696969696972,-0.26555555555555554,34.72753743558029,17.140190723562142,14.345086167800448,4.939973472094683,3.205521885521886,2.5610325476992153,11.429805951909378,1.0967E9])
(0.0,[6.477171717171719,7.634949494949496,-0.547777777777778,37.79403069470214,17.496235456606886,10.746307256235832,5.249523518008367,3.173376186103458,2.067811447811447,11.515704432729311,1.094971E9])
(0.0,[6.228484848484847,7.795959595959598,-0.25939393939393934,34.22574359925789,16.33878963100392,12.25940779220779,4.863103764921946,3.1087623711866144,2.2379002142638504,11.337641303123624,7.64984E8])
(0.0,[6.1452,7.705299999999998,-0.08659999999999997,35.94176460606062,16.00012011111111,14.284408525252523,5.067919999999998,2.978384,2.5693640000000015,11.508489111896328,1.105011E9])
(0.0,[6.701224489795917,7.789081632653062,-0.14510204081632652,40.724450031559016,18.72080017883442,13.414860298758677,5.51637650978759,3.225016659725115,2.5184131611828398,11.942434797779118,1.090047E9])
(0.0,[6.225199999999999,7.564599999999996,0.024000000000000077,35.308637333333344,16.881814989898995,12.464654545454545,4.848319999999999,3.0806600000000004,2.335360000000001,11.39411800469938,2.237305E9])
(0.0,[6.400909090909091,7.604343434343435,-0.25111111111111106,41.58559610389612,17.613796248196252,10.912309977324268,5.471919191919187,3.2053443526170797,2.065476992143658,11.772190133126657,1.6199955E9])
(0.0,[6.6059,7.735800000000002,0.11200000000000007,34.795693121212125,18.58632157575758,14.044915151515147,4.867736000000002,3.2549080000000012,2.529280000000001,11.863803560355587,3.260773E9])
(0.0,[6.213030303030302,7.729393939393939,0.1451515151515155,41.74225398886828,20.32590779220779,14.061978293135432,5.508295071931433,3.4865136210590753,2.444064891337618,11.768275949657072,1.0766296666666667E9])
(0.0,[6.683636363636361,7.578484848484846,0.1035353535353536,40.32292133580705,18.935706864564008,15.616631251288391,5.386905417814509,3.3070645852464033,2.5779655137230892,11.894399744775866,1.0899863333333333E9])
(0.0,[6.877799999999998,7.311699999999997,-0.10520000000000009,35.599425414141415,17.316903141414134,10.919950464646465,5.070599999999999,3.125311999999999,2.1650000000000005,11.47687206178523,3.269745E9])
(0.0,[6.553469387755103,7.130204081632653,0.026428571428571402,38.85346000420786,15.337762844519249,14.671142783505156,5.284773011245314,2.9265805914202425,2.593323615160349,11.427967327350872,1.083374E9])
(0.0,[7.288061224489796,6.963979591836736,-0.4629591836734692,39.25583022301703,16.080422143909114,9.702932390069426,5.357244897959183,2.869812578092461,2.01481257809246,11.703439456522105,2.17868E9])
(0.0,[7.217676767676768,6.629494949494949,-0.6169696969696972,40.083077200577215,18.98768035456607,8.233031539888682,5.35609835731048,3.2206101418222617,1.8114355677992038,11.441897555733654,2.17012E9])
(0.0,[7.229399999999999,7.079,-0.2744,34.55948448484849,19.3122797979798,12.45680064646464,5.110800000000002,3.2864000000000004,2.417824,11.713384219793092,1.0976715E9])
(0.0,[7.265799999999998,6.8134000000000015,-0.22859999999999994,41.12964682828283,23.522594383838378,13.528103070707072,5.399315999999999,3.7438200000000004,2.3979,11.913356138226776,0.0])
(0.0,[7.570299999999999,6.913999999999998,-0.25570000000000004,44.13374435353537,17.83036767676767,12.2556186969697,5.696088,3.1487600000000002,2.342536,12.036270233859518,1.609848E9])
(0.0,[7.900101010101007,6.84030303030303,-0.2601010101010101,39.24058468357038,16.898796846011127,13.398807132549994,5.283538414447507,3.1011937557392097,2.28510968268544,11.982592784953203,1.0833536666666667E9])
(0.0,[-0.771111111111111,9.342323232323233,-0.00585858585858585,11.373169160997735,18.676538425066997,15.801302061430633,2.5248484848484853,3.577700234669931,2.7128986838077753,10.663292504544486,2.1299895E9])
(0.0,[-3.4009090909090913,9.172929292929291,0.11343434343434348,6.514198144712429,23.400433168418886,18.210875840032983,1.8240036730945821,3.908497092133456,3.10307723701663,11.039861903597936,0.0])
(0.0,[-4.023499999999998,9.206399999999997,-0.08529999999999996,5.6387462121212115,24.47329802020202,17.318479707070715,1.8556699999999995,3.9189040000000013,2.970157999999999,11.203276173891311,1.654999E9])
(0.0,[-1.187799999999999,9.024900000000002,-0.1903,25.957970868686864,28.312200999999998,12.99544738383839,3.7031479999999997,4.4101079999999975,2.5114459999999994,11.095679712337999,6.80005E8])
(0.0,[4.695,8.6492,0.010899999999999955,24.63749393939393,18.748049858585848,13.501503222222215,4.1793,3.363072,2.3627320000000003,11.159898485791391,1.1078415E9])
(0.0,[5.506565656565655,8.26787878787878,0.02838383838383851,37.03259828901258,16.524453617810757,12.844697361368793,5.0728823589429615,3.1147719620446885,2.55825528007346,11.604024109722129,1.097941E9])
(0.0,[5.827373737373737,7.996666666666664,-0.2037373737373738,35.028111399711406,16.33363673469388,9.357976705833849,4.971892664013875,2.9691582491582498,2.035875931027446,11.335861344216475,1.1061503333333333E9])
